0.75343771645	0.0206074949987	-0.657196270972	0	-0.0127362179454	-0.998863815647	-0.0459223969815	0	0.657395920418	-0.0429698608557	0.752319210758	0	-79.2275296579	89.1498402793	195.73586965	1	24083332935	1
0.752335998646	0.0219562998751	-0.658413598004	0	-0.0121739676186	-0.998810411204	-0.0472181848718	0	0.658667093191	-0.0435394460915	0.751173732888	0	-79.5336516401	88.9994740507	195.029165419	1	24083999601	1
0.751052410229	0.0222419970965	-0.659867843324	0	-0.0125682793555	-0.998769686732	-0.0479703160185	0	0.660122954791	-0.0443216248578	0.749848836851	0	-79.7179352184	88.8415525878	194.700244598	1	24084332935	1
0.749687868434	0.0244218204404	-0.661340815774	0	-0.0121161410258	-0.99864487357	-0.0506124057776	0	0.661680662442	-0.0459564051938	0.748376048369	0	-79.8079006811	88.597021529	194.072875726	1	24084666268	1
0.747028733555	0.0252906636366	-0.66431050991	0	-0.0111936900123	-0.998655919471	-0.0506068751287	0	0.664697504545	-0.0452408757564	0.74574157093	0	-80.5090050183	88.0282573914	193.146816406	1	24085666268	1
0.746237065979	0.0251607935765	-0.665204612	0	-0.0122752196075	-0.998595407363	-0.0515415500084	0	0.6655670968	-0.0466277477505	0.744880052624	0	-81.0360354887	87.8878564804	192.559472106	1	24085999601	1
0.747039690713	0.0237761036181	-0.664354120478	0	-0.0139285760652	-0.998581028952	-0.0513996438326	0	0.664633504473	-0.0476510809327	0.745648495753	0	-81.749439691	87.7048559694	191.986919188	1	24086332935	1
0.747618203667	0.0227510939983	-0.663738961691	0	-0.0146082740287	-0.998607904797	-0.0506838318061	0	0.663968086488	-0.0475882359258	0.746245093737	0	-82.4116083641	87.4669998165	191.39593376	1	24086666268	1
0.744499230225	0.0218025948345	-0.667267220124	0	-0.0148614412175	-0.998677744058	-0.049212814267	0	0.667457889128	-0.0465554549072	0.743190793713	0	-83.4171369676	86.7530443395	189.824184188	1	24087332934	1
0.745174256046	0.0205479212826	-0.666553156963	0	-0.0170987007767	-0.998607856306	-0.0498997370377	0	0.666650555058	-0.0485811924066	0.743785523646	0	-84.4244828162	86.3645255447	188.715783798	1	24087666268	1
0.744338601973	0.0204793417794	-0.667488308641	0	-0.0181467826209	-0.998540276159	-0.0508724991325	0	0.66755579534	-0.0499791301221	0.742880439007	0	-85.206256365	85.9645736916	187.459934131	1	24087999601	1
0.745963071825	0.0200418574435	-0.665685676144	0	-0.0178846330827	-0.998583768786	-0.0501058541104	0	0.665747125696	-0.0492826609149	0.744548174372	0	-85.8817307986	85.6124931901	186.613311266	1	24088332935	1
0.747355364456	0.0177475935258	-0.664187460092	0	-0.0190413770239	-0.998660498133	-0.048110658175	0	0.664151628155	-0.0486028023168	0.74601634193	0	-87.0891270763	85.1394361201	185.105308156	1	24088999601	1
0.746490551677	0.0176610102395	-0.665161593129	0	-0.0178716238914	-0.998754903839	-0.0465751770419	0	0.665155967662	-0.0466554474239	0.745245468225	0	-87.2623551592	84.9402468956	184.604617935	1	24089332935	1
0.747989810441	0.0161363114053	-0.663514026175	0	-0.0195594930262	-0.998734287704	-0.0463384159876	0	0.663421939424	-0.0476386609584	0.74672745247	0	-87.9582117172	84.6727026642	184.059944926	1	24089666268	1
0.74908497735	0.0145863140609	-0.662313321737	0	-0.0212561686221	-0.998713605623	-0.046035955942	0	0.662132820515	-0.0485630866616	0.747811309496	0	-88.5122798574	84.4255766603	183.501982248	1	24089999601	1
0.752042073764	0.0119377206891	-0.65900698791	0	-0.0238310117178	-0.998689757579	-0.0452863223012	0	0.658684144465	-0.0497620229875	0.750772228375	0	-89.8788006122	83.7070675335	182.112761772	1	24090666268	1
0.752109562612	0.01278973631	-0.658913976535	0	-0.02261019055	-0.998722339867	-0.0451936625408	0	0.658650123443	-0.0488887563319	0.750859443833	0	-90.2045121738	83.2227728659	181.321746569	1	24090999601	1
0.751716016561	0.014007755135	-0.65933816304	0	-0.021438198947	-0.998726975108	-0.0456599695214	0	0.659138402819	-0.0484583531175	0.750458762319	0	-90.5424996249	82.8292252806	180.414275544	1	24091332935	1
0.753061892125	0.0147736305667	-0.657783799184	0	-0.0220369368378	-0.998620609602	-0.0476576488402	0	0.657580535025	-0.0503846992454	0.751697560219	0	-91.2261219862	82.5245222146	179.250653094	1	24091666268	1
0.752585606016	0.0130052629695	-0.658365983897	0	-0.0233685636714	-0.998647703656	-0.0464400066226	0	0.658079642482	-0.0503351479413	0.751263972936	0	-92.3005593099	82.2105430055	177.977488302	1	24092332934	1
0.753515226754	0.0114961877559	-0.657329932924	0	-0.0242958712924	-0.998677160397	-0.045317104269	0	0.656981364795	-0.050117531546	0.752239137072	0	-92.8529086318	82.0928770053	177.391337418	1	24092666268	1
0.753821304159	0.00995089826467	-0.657004125573	0	-0.0243497058316	-0.998775488755	-0.043065239901	0	0.656628154454	-0.0484613524939	0.75265594005	0	-93.1936577091	81.9619331287	177.04726763	1	24092999601	1
0.755613165577	0.00929536372847	-0.654952166361	0	-0.0253672819937	-0.998733910648	-0.0434404963875	0	0.654526733611	-0.0494385672861	0.75442069368	0	-93.8380043757	81.7156533423	176.298713054	1	24093332935	1
0.753323561809	0.0114760813646	-0.657549930256	0	-0.0245372380276	-0.998661094098	-0.0455405652736	0	0.657192160006	-0.0504412399925	0.752033341106	0	-94.2454085452	81.4811245759	174.851164001	1	24093999601	1
0.753448066104	0.0118551642223	-0.657400537546	0	-0.0259663325664	-0.998520947915	-0.0477667891635	0	0.65699449104	-0.0530600759065	0.752025842034	0	-94.9148401264	81.3176106413	173.894228333	1	24094332935	1
0.755126385023	0.0114714911921	-0.655478868867	0	-0.0286402885614	-0.998315053979	-0.0504656999444	0	0.654953339187	-0.0568810855169	0.753525491007	0	-95.9786878189	81.0925307752	172.787366323	1	24094666268	1
0.756320023166	0.0106590770446	-0.654114979674	0	-0.028606156074	-0.998372067167	-0.0493447397027	0	0.653576093804	-0.056032129874	0.754783869746	0	-96.6013955677	80.943172338	172.175023014	1	24094999601	1
0.756029259214	0.011582453244	-0.654435333696	0	-0.027983490312	-0.998357265866	-0.0499969395277	0	0.653939357649	-0.0561125339744	0.754463186675	0	-97.6377607824	80.6561125967	170.068307066	1	24095666268	1
0.757967564261	0.00999882052245	-0.652215604778	0	-0.0299969343282	-0.99829036434	-0.0501650515423	0	0.651602145069	-0.0575879505929	0.756371781922	0	-98.728133355	80.4235929705	168.924632581	1	24095999601	1
0.759391484581	0.0104809581119	-0.650549554348	0	-0.0301233310765	-0.998231671382	-0.0512456356593	0	0.649936272315	-0.0585122189489	0.757732909516	0	-99.4701538395	80.1672189575	167.558183847	1	24096332935	1
0.761631176638	0.0109337860334	-0.647918515784	0	-0.0302029879611	-0.99817205456	-0.0523481519691	0	0.647306519581	-0.059439059711	0.759908723393	0	-100.273212778	79.9352420546	166.292892398	1	24096666268	1
0.762160937901	0.0120128870168	-0.647276135265	0	-0.0285562837793	-0.998230839304	-0.0521510318058	0	0.64675748422	-0.0582312803158	0.760469509315	0	-100.896567196	79.8794666254	164.564304107	1	24097332934	1
0.765498945816	0.0111201087347	-0.643341050405	0	-0.0328529914902	-0.99787101757	-0.0563392691146	0	0.642597887411	-0.0642633291695	0.763503883172	0	-102.316271775	79.6887764501	163.031346636	1	24097666268	1
0.764134827326	0.0129303285962	-0.644926951112	0	-0.0309396041134	-0.997913680679	-0.056665922839	0	0.644314136555	-0.0632541897133	0.762140538824	0	-102.294179419	79.6406121251	162.337473107	1	24097999601	1
0.765874868732	0.0120402240808	-0.642876907696	0	-0.0322166417781	-0.997850305539	-0.0570688682878	0	0.642182040731	-0.0644189470513	0.763840576183	0	-103.104246575	79.3043883573	161.584008144	1	24098332935	1
0.766620981819	0.0128793175822	-0.641970710713	0	-0.0323837263582	-0.997750939089	-0.0586886514906	0	0.641282749262	-0.0657813554531	0.764479724239	0	-104.255759457	78.8794296822	159.762682761	1	24098999601	1
0.763642723206	0.0154031862266	-0.645455291363	0	-0.0284671321402	-0.99793987656	-0.0574945663435	0	0.6450111733	-0.062279568282	0.761631040395	0	-103.748247739	78.8608440806	159.387864914	1	24099332935	1
0.764397911851	0.0146919418752	-0.644577364792	0	-0.0295488369005	-0.99789155585	-0.057786754539	0	0.644067309057	-0.0632185859243	0.762352091751	0	-104.357578462	78.7988252052	158.774452397	1	24099666268	1
0.768093027588	0.0126256471109	-0.640213787734	0	-0.0325670895016	-0.997741440777	-0.0587486343387	0	0.639509566505	-0.0659743161412	0.765947063418	0	-105.604283905	78.6660706645	158.031779778	1	24099999601	1
0.767990044441	0.0137820904011	-0.640313474498	0	-0.0306307315671	-0.997833996028	-0.0582157595001	0	0.639728887829	-0.0643223938818	0.765904419443	0	-106.346691391	78.4695744252	156.582001997	1	24100666268	1
0.769274145038	0.0132984449223	-0.638780432651	0	-0.0330056289517	-0.997621320751	-0.0605171780547	0	0.638065763251	-0.0676376503499	0.767005365054	0	-107.587031426	78.3102755859	155.291112251	1	24100999601	1
0.768646352195	0.0136770916534	-0.639527733895	0	-0.0323449812251	-0.997661451048	-0.0602115543934	0	0.638855685931	-0.0669669041902	0.766406449801	0	-108.06652197	78.2372647111	154.501325636	1	24101332935	1
0.769387413909	0.0134899637852	-0.638639983242	0	-0.0328588730288	-0.997617574384	-0.060658632892	0	0.637936753747	-0.0676549788125	0.767111140618	0	-108.902153756	78.1782803005	153.539115089	1	24101666268	1
0.770264794331	0.0128183183233	-0.63759535548	0	-0.0333386003212	-0.997621467251	-0.0603319634035	0	0.636852168358	-0.0677281241056	0.768005349501	0	-110.387797326	78.1092691668	151.834719746	1	24102332934	1
0.770560513144	0.0117944278852	-0.637257708509	0	-0.03390945181	-0.997654138544	-0.0594673769694	0	0.636464173902	-0.0674322720701	0.768352942353	0	-111.119707823	78.1222876431	151.241209697	1	24102666268	1
0.771346068714	0.0111108099005	-0.636318939042	0	-0.0353797387492	-0.997552755483	-0.060305672319	0	0.635431755868	-0.0690293410889	0.769065298725	0	-112.135949309	78.112603339	150.184093365	1	24102999601	1
0.771738991143	0.0105598781814	-0.635851726837	0	-0.0361274307975	-0.997519374954	-0.0604144464157	0	0.634912386313	-0.0695958731861	0.769443094804	0	-113.014851388	78.0185062741	149.19376619	1	24103332935	1
0.77292119746	0.0105892164041	-0.634413659226	0	-0.0362168750768	-0.997494326835	-0.0607733978936	0	0.633467568607	-0.0699495277168	0.770601001229	0	-114.407387259	78.0664541565	147.456797998	1	24103999157	1
0.772864336443	0.0116665430396	-0.634464033046	0	-0.03460753502	-0.997568074606	-0.0605000417159	0	0.633626890192	-0.068715560838	0.77058103774	0	-114.857055721	78.1270906068	146.461559272	1	24104332490	1
0.772448045801	0.0119439708001	-0.634965635369	0	-0.0325856372663	-0.997760754274	-0.058409361194	0	0.634241430988	-0.0658089567814	0.770329142916	0	-115.13260791	78.2925961794	145.895529192	1	24104665824	1
0.77464865326	0.0104744987217	-0.632305107428	0	-0.032898628402	-0.997841428207	-0.0568345353022	0	0.631535544726	-0.0648287669965	0.772631921886	0	-116.079268211	78.4895731942	145.162772118	1	24104999156	1
0.772950292662	0.0118727484115	-0.634355486237	0	-0.0315996019629	-0.997863687136	-0.0571797783397	0	0.633679185574	-0.06424250727	0.770923854885	0	-117.001912613	78.6333364559	143.117762277	1	24105665824	1
0.773344529854	0.0116504474622	-0.633878935774	0	-0.0305589714686	-0.997983967088	-0.0556250905496	0	0.633249072172	-0.0623880478121	0.771429416138	0	-117.401284399	78.7222281639	142.497084604	1	24105999157	1
0.775317509339	0.0104984560549	-0.631484395795	0	-0.031395046833	-0.997985077002	-0.0551374384266	0	0.630790861337	-0.0625745036125	0.773425704739	0	-118.236205024	78.7216979519	141.634087004	1	24106332490	1
0.774309598181	0.0119240153437	-0.632694605653	0	-0.0306700943106	-0.997940312119	-0.0563425129234	0	0.63206328123	-0.0630313517674	0.77234905141	0	-118.518027614	78.8742453189	140.535971264	1	24106665824	1
0.777250414556	0.0107062734533	-0.629100285154	0	-0.030267881072	-0.998061390016	-0.0543812204237	0	0.628462925277	-0.0613093587318	0.775419572931	0	-120.088163878	79.0411595842	138.982567069	1	24107332490	1
0.776104827894	0.0114604556315	-0.630499765326	0	-0.0310246579794	-0.997930141853	-0.0563285236708	0	0.629840270796	-0.0632778787443	0.774142844277	0	-120.871785414	78.969853839	137.664393465	1	24107665824	1
0.776536215756	0.0112399008816	-0.629972356733	0	-0.0311072059969	-0.997937664678	-0.0561494359023	0	0.629304256584	-0.0631987503457	0.774585095777	0	-121.721845826	78.9114642423	136.725773841	1	24107999157	1
0.776853368916	0.0114954982586	-0.629576601157	0	-0.0298508095824	-0.998036898059	-0.0550570547712	0	0.628973586386	-0.0615646297203	0.77498517663	0	-122.312278904	78.8897602682	135.922840483	1	24108332490	1
0.776402402751	0.0142076252258	-0.630077338418	0	-0.0301498786815	-0.997763914004	-0.0596502868987	0	0.629515920226	-0.0653093813862	0.774237942034	0	-123.376889318	78.9469632167	133.775472845	1	24108999157	1
0.777196330866	0.0152660900556	-0.629072976517	0	-0.0313900950185	-0.997520467264	-0.0629887237866	0	0.628474761008	-0.0687012655192	0.774790043103	0	-124.063402974	79.0650542214	132.660386276	1	24109332490	1
0.778790063722	0.0162196663016	-0.627074923014	0	-0.032037855468	-0.997332486415	-0.0655857252672	0	0.626465970716	-0.0711676469112	0.776192987322	0	-124.949086629	79.1300542483	131.626688085	1	24109665824	1
0.780104442592	0.0170627256701	-0.625416598789	0	-0.0307983194561	-0.997368868916	-0.0656262358783	0	0.624890808195	-0.0704570983619	0.777526382269	0	-125.50356662	79.1656403518	130.865616228	1	24109999156	1
0.77997956844	0.0201201544019	-0.625481456322	0	-0.0261610764059	-0.99756100006	-0.0647120486505	0	0.625257923498	-0.0668373439486	0.777550833423	0	-126.118396128	79.3507944964	129.401312604	1	24110665824	1
0.782042025199	0.0212060015422	-0.622864813841	0	-0.0231707934467	-0.997740645195	-0.0630612341882	0	0.62279481786	-0.0637488072428	0.77978375491	0	-126.611085672	79.6166300758	128.985581337	1	24110999157	1
0.783306194086	0.0221250658888	-0.621242213445	0	-0.0231216290686	-0.997637927914	-0.0646834991012	0	0.621205921234	-0.0650311175221	0.780944400823	0	-127.312901625	79.8052158138	127.978602985	1	24111332490	1
0.782352555168	0.0219873771761	-0.622447616003	0	-0.0241325122371	-0.997556124307	-0.0655698155499	0	0.622368139669	-0.0663199374475	0.779909972126	0	-127.826913473	80.0430496317	127.076987729	1	24111665824	1
0.783483133697	0.0211287291299	-0.621053746481	0	-0.0257287352881	-0.99746183214	-0.0663922104196	0	0.620880190852	-0.0679961045155	0.780950906509	0	-129.451837585	80.6314786207	125.411003193	1	24112332490	1
0.784635768079	0.0223615804821	-0.619553606373	0	-0.0256129500362	-0.997326797207	-0.0684341753983	0	0.619427710263	-0.0695644973412	0.781965531509	0	-130.240447304	80.6153725656	124.13213027	1	24112665824	1
0.783861310013	0.0242245831475	-0.620463227143	0	-0.0237200640717	-0.99734115111	-0.0689056373819	0	0.620482719522	-0.0687298906874	0.781202532574	0	-130.855881189	80.6061321932	123.14229697	1	24112999157	1
0.783030694971	0.025608811628	-0.621455645641	0	-0.0237437889293	-0.997193026229	-0.0710091608654	0	0.621529696169	-0.0703580642608	0.780224698131	0	-131.60411845	80.7210727548	122.092146144	1	24113332490	1
0.784078416106	0.0258495405553	-0.620123244726	0	-0.0257536513377	-0.996916831453	-0.0741186927044	0	0.620127234396	-0.0740853050106	0.780995250141	0	-133.569862256	81.2564494117	119.808004954	1	24113999157	1
0.783670128643	0.025916975042	-0.62063631853	0	-0.0263388176492	-0.996844298722	-0.0748846498965	0	0.620618559309	-0.075031690038	0.780514477336	0	-134.435230258	81.3738542776	118.695734719	1	24114332490	1
0.783898623311	0.0255607993719	-0.620362469776	0	-0.0285259646656	-0.996614480305	-0.0771093184109	0	0.620233196235	-0.0781423264394	0.780515572623	0	-135.816499359	81.4662316138	117.303269309	1	24114665824	1
0.785080279028	0.0261176640673	-0.618843132873	0	-0.0284980467531	-0.996529436178	-0.0782108954159	0	0.618738084178	-0.0790376521296	0.781611305403	0	-136.414821561	81.3615427709	116.243100645	1	24114999156	1
0.785507844328	0.0284310978185	-0.618198268499	0	-0.0261223973315	-0.996530484125	-0.0790228736946	0	0.618300126845	-0.0782219079678	0.782039823959	0	-137.339068727	81.0393277869	114.319147097	1	24115665824	1
0.785300677348	0.0291364183031	-0.618428585437	0	-0.0255730034103	-0.996512942312	-0.0794227757065	0	0.618586184499	-0.0781858358836	0.781817182859	0	-137.684862818	80.9502344526	113.609040337	1	24115999157	1
0.784536396474	0.0302996423319	-0.619342049502	0	-0.0251920322657	-0.99642336993	-0.0806587215801	0	0.61957082252	-0.0788821876673	0.780967090441	0	-137.987857726	81.057089923	112.867321977	1	24116332490	1
0.784666246139	0.0305826365427	-0.619163616916	0	-0.0261099127721	-0.996265673806	-0.0822981145076	0	0.619368351327	-0.0807428606043	0.780937536449	0	-138.486795567	81.3291630174	112.187957303	1	24116665824	1
0.78489640246	0.0288913709233	-0.618953088764	0	-0.0306998157775	-0.995872323613	-0.0854156681879	0	0.618866026468	-0.0860441964744	0.780769644349	0	-140.228491065	81.8328592855	110.61124073	1	24117332490	1
0.785917197471	0.0300245165031	-0.617602369755	0	-0.0289938180105	-0.995932305364	-0.0853123768842	0	0.617651614776	-0.084955114862	0.781849800936	0	-140.360106915	81.8291361014	110.09572347	1	24117665824	1
0.785466025344	0.0307329402607	-0.618141253609	0	-0.0277384083616	-0.996014618964	-0.0847670897916	0	0.618282867086	-0.0837279236163	0.781483161095	0	-140.584782299	81.7445655283	109.589191569	1	24117999157	1
0.785831095286	0.0312645846876	-0.617650399033	0	-0.0286005373264	-0.995815565944	-0.0867949761736	0	0.617779490551	-0.0858713244841	0.781648652967	0	-141.330519984	81.726169671	108.470254405	1	24118332490	1
0.788576396456	0.0305424601409	-0.614177844831	0	-0.029516412516	-0.995734634894	-0.0874146341604	0	0.614228010062	-0.08706144383	0.784311326358	0	-142.710262447	82.0335229419	106.911235668	1	24118999157	1
0.788602609994	0.0304561138797	-0.614148474425	0	-0.0303104956916	-0.995633125599	-0.0882946944043	0	0.614155678442	-0.0882445711439	0.784235741535	0	-143.52696241	82.1558929716	106.013260289	1	24119332490	1
0.788730171643	0.0308772196005	-0.613963609386	0	-0.0316368346164	-0.995375491108	-0.0907013913688	0	0.613924935995	-0.0909627891532	0.784105824461	0	-144.467928273	82.3375369812	104.974344574	1	24119665824	1
0.788769299292	0.0309377151976	-0.613910294972	0	-0.0328912635481	-0.995177546742	-0.0924111207752	0	0.613808730205	-0.0930833402875	0.783947915671	0	-145.427415402	82.6036329775	103.913581902	1	24119999156	1
0.791163803599	0.03132036774	-0.610801825832	0	-0.0318867982438	-0.995217323113	-0.092334781494	0	0.610772517368	-0.0925284515185	0.786381216515	0	-146.634931727	82.8304420805	102.369740915	1	24120665824	1
0.791426435239	0.0301265702042	-0.610521569949	0	-0.0343598847849	-0.995012976332	-0.0936406709118	0	0.610297956676	-0.0950871531752	0.786444427394	0	-147.996505166	83.0109053278	101.185365846	1	24120999157	1
0.792119931232	0.0300949916136	-0.609623085213	0	-0.0328836932169	-0.995228931736	-0.0918587837669	0	0.609479021185	-0.0928098319926	0.787351038496	0	-148.242986952	83.0063733982	100.643019173	1	24121332490	1
0.792797321132	0.0293513494045	-0.608778207473	0	-0.0339694059789	-0.995159271996	-0.092217692547	0	0.60853799147	-0.093789773693	0.787962557034	0	-149.263791971	83.0427460924	99.5164894771	1	24121665824	1
0.794069051862	0.0290568176558	-0.607132639728	0	-0.0347645876486	-0.995050511219	-0.0930908350448	0	0.606832566958	-0.0950272669892	0.789128667714	0	-150.975199448	83.2384142155	97.4110309545	1	24122332490	1
0.795139131023	0.0298658205356	-0.605691171373	0	-0.032537424158	-0.995246773334	-0.091788758561	0	0.605553530536	-0.0926924642716	0.790387897631	0	-151.156209092	83.2679590742	96.8236610939	1	24122665824	1
0.795095898637	0.0295813743002	-0.605761879178	0	-0.0314495581465	-0.995454967782	-0.0898906692033	0	0.605667761453	-0.0905226458514	0.79055184101	0	-151.606241306	83.3387224308	96.3264399092	1	24122999157	1
0.794837758117	0.028737096656	-0.606141169652	0	-0.032908262943	-0.995366850575	-0.0903431181976	0	0.60592902596	-0.0917551745209	0.790209468083	0	-152.639465843	83.5401901873	95.4247183587	1	24123332490	1
0.797751927747	0.0298301284588	-0.602247478377	0	-0.031538772918	-0.995344233831	-0.0910777798486	0	0.602160416815	-0.0916516209102	0.793096975663	0	-153.376070452	83.7070710548	94.2155437914	1	24123999157	1
0.79614857719	0.0314647881979	-0.604282558198	0	-0.0306233249654	-0.995272272099	-0.0921700404642	0	0.604325785488	-0.0918861877257	0.791421046914	0	-153.575193493	83.6619207096	93.5241456072	1	24124332490	1
0.794989906541	0.0315197615046	-0.605803229715	0	-0.0306953859949	-0.99527973949	-0.0920653758954	0	0.605845559344	-0.0917864085518	0.790269835833	0	-154.196184593	83.7456075752	92.8736174675	1	24124665824	1
0.795282188752	0.0305940893102	-0.605466961901	0	-0.0310727968729	-0.995356007836	-0.0911092693378	0	0.605442583197	-0.091271131055	0.790638260577	0	-154.747820232	83.8691809497	92.4635811968	1	24124999156	1
0.795524627614	0.0323843766447	-0.605055219802	0	-0.0282411905819	-0.995503783405	-0.0904137842361	0	0.605262754524	-0.0890138718105	0.791033203229	0	-155.366399374	84.1368977064	91.0765636994	1	24125999157	1
0.795634274195	0.0317125996649	-0.604946619752	0	-0.030077779172	-0.995329007782	-0.0917359987603	0	0.605030105802	-0.0911837556309	0.790964028122	0	-156.234180641	84.262912374	90.1946102997	1	24126332490	1
0.794698959028	0.0309240725989	-0.606215527889	0	-0.0312046553159	-0.99529959998	-0.0916786549123	0	0.60620114979	-0.0917736782188	0.789998580999	0	-156.861113035	84.3844296385	89.5897087745	1	24126665824	1
0.795487820767	0.0301770261821	-0.605217708021	0	-0.0313888160327	-0.995366383027	-0.0908873245687	0	0.60515607015	-0.0912968270533	0.790854613776	0	-157.287931679	84.5313934567	89.2902454842	1	24126999157	1
0.794830924462	0.030021275845	-0.606087885142	0	-0.033138302451	-0.995137824316	-0.0927500055319	0	0.605925452865	-0.0938052962905	0.789971462749	0	-158.436145691	84.7557217043	87.4610755961	1	24127999157	1
0.794357233615	0.0288388321505	-0.606765941005	0	-0.0356354060765	-0.994939808851	-0.093940910135	0	0.606404735501	-0.0962449921992	0.789309950678	0	-159.535124188	84.815729126	86.4370694066	1	24128332490	1
0.795222518509	0.0280168702172	-0.605670043043	0	-0.0362488836719	-0.99494813873	-0.0936174111525	0	0.605233148868	-0.0964015364068	0.790189584397	0	-160.188872559	84.8516723287	85.6855273812	1	24128665824	1
0.79517160758	0.0278126257703	-0.605746293713	0	-0.0368985778608	-0.994877148271	-0.094116708396	0	0.605260778054	-0.0971901110978	0.790071814998	0	-160.673165862	84.8853152715	84.932657386	1	24128999157	1
0.796752471663	0.0275900554331	-0.603675647794	0	-0.032927678444	-0.995491090774	-0.0889564847617	0	0.603408043442	-0.0907539367193	0.79225151062	0	-161.25780289	84.9617513909	83.9036436517	1	24129665824	1
0.797180695722	0.0272668482572	-0.603124744439	0	-0.0331623323508	-0.995493888706	-0.0888379269356	0	0.602829327489	-0.0908209036251	0.792684278502	0	-161.766493563	85.0370756184	83.242257421	1	24129999156	1
0.798166150575	0.0267779963003	-0.601841951837	0	-0.0346059651569	-0.995324067167	-0.090179978346	0	0.601442618421	-0.0928059277906	0.793507300858	0	-162.561173342	85.1109220059	82.2449444278	1	24130332490	1
0.799058070073	0.0266429428713	-0.600663261942	0	-0.0339031354725	-0.995431685272	-0.0892543408593	0	0.60029724142	-0.0916837692956	0.794504442021	0	-162.95176994	85.1381510448	81.7383994274	1	24130665824	1
0.798770303916	0.0243433837877	-0.601143411549	0	-0.0340096826857	-0.995756369147	-0.0855137111055	0	0.600674073909	-0.0887505096841	0.794552706851	0	-163.892609973	85.2752586738	80.8481464822	1	24131332490	1
0.799381133898	0.023204444821	-0.600376012603	0	-0.0349681844448	-0.995763303222	-0.0850451058743	0	0.599805825951	-0.0889775123112	0.795182981117	0	-164.490860143	85.2912332731	80.3172221002	1	24131665824	1
0.799112520863	0.0224029571909	-0.600763919114	0	-0.0343658259691	-0.995969099468	-0.0828525371397	0	0.600198441356	-0.0868542481064	0.795121481649	0	-164.954595197	85.3207730408	79.9211497623	1	24131999157	1
0.799125158002	0.0207499682102	-0.600806475221	0	-0.0337822327607	-0.996274903052	-0.0793415294699	0	0.600214747068	-0.0837003964638	0.795447359059	0	-165.32729347	85.2908483082	79.8031312142	1	24132332490	1
0.799899469435	0.0178460099734	-0.599868617887	0	-0.0314379549812	-0.996939295761	-0.0715799940924	0	0.599310014753	-0.0761154419004	0.79689017168	0	-166.228248453	85.1850965648	79.4490401716	1	24132999157	1
0.800501674802	0.0166024269584	-0.599100515823	0	-0.0320130317611	-0.997004722414	-0.0704041851197	0	0.598474923817	-0.0755376919425	0.797572456056	0	-166.90453635	85.1438625185	78.9072474042	1	24133332490	1
0.801644329193	0.0158017322854	-0.597592398486	0	-0.0304877966414	-0.997269014615	-0.067268170369	0	0.597023335999	-0.072144422831	0.798973290246	0	-167.245617455	85.0809626566	78.6626671436	1	24133665824	1
0.801280610683	0.0163831876427	-0.598064356158	0	-0.0283398008043	-0.997463585013	-0.0652935851686	0	0.597617133819	-0.0692675085192	0.798783934259	0	-167.394374468	85.0740808893	78.1821926176	1	24133999157	1
0.801943074237	0.0144012662876	-0.597226849039	0	-0.0295753903957	-0.997526467484	-0.0637670992925	0	0.596667915986	-0.0688008008569	0.799533518894	0	-168.742490166	85.3020200247	76.9208686823	1	24134665824	1
0.802297708082	0.0145001958033	-0.596747963489	0	-0.0291925067683	-0.997555601556	-0.0634871589658	0	0.596209849932	-0.068356171094	0.799913275748	0	-169.165486372	85.3990242906	76.3153210241	1	24134999156	1
0.802616126083	0.0148533868338	-0.596310934875	0	-0.0299552402848	-0.997424886523	-0.0651634815292	0	0.595743264948	-0.0701638984457	0.800104361708	0	-169.781664211	85.5295040725	75.2527298343	1	24135332490	1
0.803118750964	0.0144773500074	-0.595643079526	0	-0.0300388175498	-0.997449597389	-0.0647454253945	0	0.595061292045	-0.0698906789642	0.800635592328	0	-170.252092342	85.65455034	74.5874693521	1	24135665824	1
0.803626326632	0.0153289933273	-0.594936760595	0	-0.0288587081098	-0.997488508253	-0.064682693734	0	0.594434102412	-0.0691498218799	0.801165650801	0	-171.13339819	85.5939201875	72.9682739039	1	24136332490	1
0.803409998439	0.0163495101677	-0.595201703564	0	-0.0283106927005	-0.997443469571	-0.0656127250509	0	0.594752788212	-0.0695644918552	0.800893190373	0	-171.532887222	85.4248809821	72.2162710758	1	24136665824	1
0.804219125406	0.0182622297979	-0.594052261417	0	-0.0265819551917	-0.99742234613	-0.0666488041842	0	0.593738156084	-0.0693913136048	0.80166068109	0	-171.740342385	85.3141146984	71.4756052806	1	24136998712	1
0.80438675175	0.0185037019882	-0.593817789075	0	-0.0265886063118	-0.997392166601	-0.0670962891544	0	0.593510740951	-0.069760153502	0.801797057465	0	-172.160064493	85.2487490801	70.7546213441	1	24137332046	1
0.805096659334	0.0194323279146	-0.592825230368	0	-0.0254450676799	-0.997411612311	-0.0672504584144	0	0.592597601801	-0.0692275975172	0.802518300154	0	-172.87971877	85.1881793774	69.5720371295	1	24137998712	1
0.80683340629	0.0195524225167	-0.590455381268	0	-0.0251310991346	-0.997411568963	-0.0673690578492	0	0.590244256516	-0.0691943991443	0.804253599791	0	-173.331026025	85.2191877697	68.9998517795	1	24138332045	1
0.806351258858	0.0190394731937	-0.591130396612	0	-0.0253461238608	-0.997451045591	-0.0667007170548	0	0.590893578695	-0.0687670714143	0.803813329416	0	-173.62771397	85.3322170571	68.6672665892	1	24138665379	1
0.80581787302	0.0176695567788	-0.591899773851	0	-0.0249349896265	-0.997655681076	-0.0637290225028	0	0.591638235591	-0.0661130000837	0.803488188716	0	-174.12708269	85.4642862757	68.3271958792	1	24139332046	1
0.806423367127	0.0172703062728	-0.591086363802	0	-0.0255641917818	-0.997620754082	-0.0640258004571	0	0.590785769167	-0.0667425467515	0.804063186201	0	-174.99705897	85.3415053426	67.2796210361	1	24139998712	1
0.807094545588	0.0165408999178	-0.590190471891	0	-0.0254009274629	-0.997709232172	-0.0626983327027	0	0.589875569392	-0.0655948677077	0.80482552517	0	-175.282272266	85.1935790584	66.9244869727	1	24140332046	1
0.806555017784	0.0165734670828	-0.590926665058	0	-0.0245496469541	-0.997805567067	-0.0614928058001	0	0.590649065116	-0.0641043720786	0.804378214124	0	-175.493303801	84.9796363498	66.490109051	1	24140665379	1
0.807258543313	0.0153574250996	-0.589998130288	0	-0.0226119937719	-0.998122679597	-0.056919365879	0	0.589764649658	-0.0592896784333	0.805395798378	0	-175.813750335	84.7969569127	66.2004950427	1	24141332046	1
0.807021211768	0.0155157514735	-0.590318579423	0	-0.0220461719237	-0.998166248907	-0.0563746915445	0	0.590110777787	-0.0585098367751	0.805199272814	0	-176.558910452	84.7650621491	65.2951773145	1	24141998712	1
0.807911714885	0.0155064899007	-0.589099490513	0	-0.0229526010351	-0.998067219495	-0.0577494889582	0	0.58885638237	-0.0601778542336	0.805994284596	0	-177.193845988	84.7159114609	64.6520594341	1	24142332046	1
0.808208687576	0.0157114839431	-0.588686560572	0	-0.0207851618048	-0.998260136369	-0.0551785935378	0	0.588529263822	-0.0568317640793	0.806475948939	0	-177.64217222	84.7165612043	64.377433727	1	24142998712	1
0.807903193782	0.0163501306336	-0.589088365787	0	-0.0216126607864	-0.998120546616	-0.0573434156277	0	0.588918774001	-0.059059695651	0.806031407564	0	-178.263812946	84.6945395485	63.4685749182	1	24143332045	1
0.808457216607	0.0158276565954	-0.588342089436	0	-0.0224223834658	-0.998084340912	-0.0576618170563	0	0.588127678005	-0.0598091440602	0.806553594407	0	-179.240680697	84.648654748	62.4480423039	1	24143998712	1
0.809082195543	0.0148025018415	-0.587509052522	0	-0.0242371430986	-0.997991810774	-0.0585227009203	0	0.58719550556	-0.0615892163274	0.807098635039	0	-180.055840284	84.5574925633	61.6903190586	1	24144332046	1
0.809437106889	0.015242304486	-0.587008724079	0	-0.0235302547269	-0.998018202353	-0.0583609020241	0	0.58673494621	-0.0610519444943	0.807474311028	0	-180.444810451	84.3849592917	61.031662159	1	24144665379	1
0.808921592392	0.0155018810996	-0.587712131102	0	-0.02362850627	-0.997987417457	-0.0588456310018	0	0.587441529902	-0.06148826131	0.806927284622	0	-180.901776442	84.2619691211	60.3746727575	1	24144998712	1
0.810083323515	0.0147243521008	-0.586129851158	0	-0.0250141066061	-0.997906465304	-0.0596404307065	0	0.58578093468	-0.0629752329045	0.808019069457	0	-182.451180402	83.8947890444	58.5895605792	1	24145665379	1
0.809991675475	0.0147607502265	-0.58625558071	0	-0.0239075970372	-0.998020975394	-0.0581597754312	0	0.585953848408	-0.0611248961312	0.80803578795	0	-182.792204928	83.7753412549	58.2170424958	1	24145998712	1
0.810588243794	0.0144473789515	-0.585438273658	0	-0.0239648122467	-0.998039878506	-0.0578108007765	0	0.585125958061	-0.060890673784	0.808653163631	0	-183.332434809	83.6510656263	57.6114711457	1	24146332046	1
0.810985043046	0.0136792409608	-0.58490694843	0	-0.0253864059702	-0.997962332442	-0.0585381364431	0	0.584515859791	-0.0623222383508	0.80898525837	0	-184.165584619	83.5402099095	56.6170340891	1	24146665379	1
0.811738910299	0.0119155072063	-0.583898931489	0	-0.0278763436881	-0.997861759995	-0.0591169806607	0	0.583354824244	-0.064264520755	0.809671056914	0	-185.385176445	83.2581101927	55.3219703199	1	24147332046	1
0.810916149557	0.0120443019559	-0.585038403165	0	-0.0273151927479	-0.997919162965	-0.05840568836	0	0.584524489335	-0.0633425526645	0.808899772771	0	-185.637303608	83.1296177041	54.8409446095	1	24147665379	1
0.812443361511	0.0117490649501	-0.582921730432	0	-0.0278492180855	-0.997873737493	-0.0589272863188	0	0.582374626327	-0.0641089969791	0.81038869138	0	-186.138444567	82.9370562376	54.1317082435	1	24147998712	1
0.811374744164	0.0114599478859	-0.584413974959	0	-0.0288243488625	-0.997807002178	-0.0595847574172	0	0.583815194599	-0.0651909195998	0.809265075582	0	-186.668831495	82.6679719622	53.3785983377	1	24148332045	1
0.811156304576	0.0107944227057	-0.584729792285	0	-0.0292648664341	-0.997827885403	-0.0590176135172	0	0.584096753235	-0.0649845485568	0.809078482787	0	-187.49647403	82.3064345243	52.314013266	1	24148998712	1
0.812110193313	0.0104910084645	-0.583409781079	0	-0.0294720923713	-0.997824692511	-0.0589684558674	0	0.582759323982	-0.0650831910521	0.810034411957	0	-188.09302192	82.0410291156	51.7386209086	1	24149332046	1
0.811742539209	0.0106840062241	-0.583917718561	0	-0.0290019830411	-0.997861608454	-0.0585755525208	0	0.583294895416	-0.0644830395099	0.809696858459	0	-188.548742182	81.855106252	51.2172358458	1	24149665379	1
0.811660078272	0.0108811807278	-0.584028695567	0	-0.0289008829239	-0.997853899493	-0.0587565675743	0	0.583414652118	-0.0645693051911	0.809603698436	0	-188.888707372	81.7647039522	50.7492571167	1	24149998712	1
0.813791087179	0.0103153899693	-0.581065967991	0	-0.0299661895428	-0.997767612939	-0.0596809689487	0	0.580384436311	-0.0659801735383	0.811665277555	0	-190.288422496	81.6153444301	49.2851852974	1	24150665379	1
0.813599294046	0.00970104082793	-0.581345059784	0	-0.0302820533234	-0.997796768005	-0.0590305599283	0	0.58063687962	-0.0656315439844	0.811512978614	0	-190.717177908	81.5831279624	48.923342217	1	24150998712	1
0.813261963298	0.00959728688888	-0.581818589543	0	-0.0303545509301	-0.997802961544	-0.0588884638282	0	0.581105481209	-0.0655525897169	0.811183874156	0	-191.120824027	81.5075205625	48.3902587122	1	24151332046	1
0.813228506284	0.0101648007818	-0.581855715269	0	-0.0312603382892	-0.997640827894	-0.0611193076686	0	0.581104283082	-0.0678929697753	0.810992205165	0	-191.697282662	81.3480333185	47.415526684	1	24151665379	1
0.813701205228	0.00859292641243	-0.581219846725	0	-0.0334829072079	-0.997537682928	-0.0616235836654	0	0.580318226093	-0.0696041144943	0.811409898701	0	-193.058517592	81.080671778	46.1030051021	1	24152332046	1
0.812713550378	0.00758331260502	-0.58261409046	0	-0.035271887599	-0.99744118694	-0.0621849864568	0	0.581594858108	-0.0710884798358	0.810366490581	0	-193.798971618	80.9338198625	45.2982909997	1	24152665379	1
0.814060534204	0.00722538444629	-0.580735086309	0	-0.0362147348962	-0.997345263917	-0.0631737090767	0	0.579649842256	-0.0724583905543	0.811637752948	0	-194.440603805	80.754860914	44.5231019576	1	24152998712	1
0.81380573824	0.00716052928269	-0.58109289036	0	-0.0358551171703	-0.997400409941	-0.0625046624093	0	0.580029853524	-0.0717018066061	0.811433435317	0	-194.942197531	80.5991866505	43.8469300653	1	24153332045	1
0.814361941727	0.00636884314582	-0.580322380839	0	-0.0376790276897	-0.99724992054	-0.0638191730936	0	0.579132902483	-0.0738378887765	0.811882409862	0	-196.270921206	80.3050555677	42.0964952032	1	24153998712	1
0.815654955799	0.0058090071071	-0.578509505987	0	-0.0374545596803	-0.997321654445	-0.0628225559357	0	0.577324994297	-0.0729093479025	0.81325277617	0	-196.831323573	80.1504283445	41.6718954499	1	24154332046	1
0.815656311351	0.00539137040644	-0.578511637634	0	-0.0387531815501	-0.997201512382	-0.0639322658929	0	0.577237362506	-0.0745659226966	0.813164774507	0	-197.543182204	79.9891378235	40.7979519036	1	24154665379	1
0.815625950735	0.00513075173707	-0.578556811276	0	-0.0391686054436	-0.997176989642	-0.064061467955	0	0.577252222893	-0.0749114591739	0.813122465837	0	-198.004342026	79.846408125	40.2479612447	1	24154998712	1
0.815831348868	0.00510588713366	-0.578267360415	0	-0.0397927617782	-0.997095160215	-0.0649444192031	0	0.576919185254	-0.075994548437	0.813258312158	0	-198.913357723	79.5097326931	39.0645026922	1	24155665379	1
0.815270262538	0.00496984471282	-0.579059323096	0	-0.0400568349645	-0.997083930859	-0.0649544824853	0	0.577693559765	-0.0761507417287	0.812693801835	0	-199.181750084	79.4173344955	38.6387510844	1	24155998712	1
0.816200350578	0.00418371223649	-0.577753826702	0	-0.041689750758	-0.996940716648	-0.066114840775	0	0.576262919506	-0.0780493692536	0.813528944513	0	-199.948157549	79.2948614613	37.7677149615	1	24156332046	1
0.817885148371	0.0039790820497	-0.575367752816	0	-0.0413226906178	-0.996987698512	-0.0656350840261	0	0.573895739063	-0.0774577040781	0.815257005345	0	-200.346151319	79.1567913965	37.2697072009	1	24156665379	1
0.817514254625	0.00375368296671	-0.575896130694	0	-0.0410989558404	-0.997048916323	-0.0648408381193	0	0.574440004973	-0.0766770390884	0.814947429202	0	-201.319089295	78.6049847899	35.9455680114	1	24157665379	1
0.817923416067	0.00396167915959	-0.575313471551	0	-0.0423398508202	-0.996850252131	-0.0670590177277	0	0.573767045483	-0.0792078274182	0.815179426626	0	-201.926962379	78.4737751787	35.2285014013	1	24157998712	1
0.818409655137	0.00393132748256	-0.574621772162	0	-0.0417671050994	-0.9969246711	-0.0663076849572	0	0.573115298443	-0.078267137529	0.815728576105	0	-202.353688529	78.3714208416	34.647838474	1	24158665379	1
0.819022094366	0.00340543895356	-0.573751873135	0	-0.0426966981402	-0.9968480265	-0.0668655668588	0	0.572171129041	-0.0792616871443	0.81629515743	0	-202.842566867	78.3002581299	34.0972596834	1	24158998712	1
0.81984843986	0.00336537684568	-0.572570702969	0	-0.0424832338103	-0.996868917743	-0.0666898469229	0	0.571002373466	-0.0790002220014	0.817138454865	0	-203.66905586	77.9689622826	32.7855248387	1	24159665379	1
0.820161185785	0.00377718720139	-0.572120059244	0	-0.0419157927051	-0.996894275481	-0.0666698570174	0	0.570595036479	-0.0786608947932	0.817455667285	0	-204.048774627	77.7476561101	31.9729690726	1	24159998712	1
0.82014540135	0.0036379490458	-0.572143588596	0	-0.0419312587557	-0.99690859661	-0.0664456134382	0	0.570616587723	-0.0784857651601	0.817457457292	0	-204.410101143	77.603874202	31.4180546194	1	24160332046	1
0.820989761163	0.00319549486191	-0.570933972433	0	-0.0423550697595	-0.996888044497	-0.0664851472547	0	0.569369704262	-0.078765573396	0.81829953215	0	-204.958320469	77.4537642821	30.6375846274	1	24160665379	1
0.822611376847	0.00258271363235	-0.56859814656	0	-0.0450931607654	-0.996543791824	-0.0697644453116	0	0.566813134581	-0.0830289140465	0.81965179796	0	-206.551934028	77.2216886725	28.5746686716	1	24161332046	1
0.823129557192	0.00232873510791	-0.567848843505	0	-0.0453184123791	-0.996532596579	-0.0697784024943	0	0.566042377899	-0.0831706736057	0.820169900371	0	-207.133741831	77.1063053636	27.7224227262	1	24161665379	1
0.823244069817	0.00302603690707	-0.567679526328	0	-0.0453647038811	-0.996437136871	-0.0710990570012	0	0.565872110245	-0.084284490657	0.820173688606	0	-207.704000787	77.029644251	26.5367458117	1	24161998712	1
0.824162157821	0.00303656883378	-0.566345757348	0	-0.0462042476688	-0.996291815338	-0.0725795163144	0	0.564466035394	-0.0859848704179	0.82096570997	0	-208.393318785	76.9350085689	25.45882602	1	24162332046	1
0.825958778414	0.00243471391425	-0.563725259793	0	-0.0470395412736	-0.996205567536	-0.0732239630692	0	0.561764521768	-0.0869973527123	0.822710205786	0	-209.812015932	76.694817589	23.4859108229	1	24162998712	1
0.826729460606	0.00254088484175	-0.562593941374	0	-0.047971824485	-0.99602950667	-0.0749928389794	0	0.56055071405	-0.0889874471307	0.823325045915	0	-210.377749324	76.6012061847	22.5702564052	1	24163332045	1
0.826145575885	0.00357142823661	-0.563445412037	0	-0.047077380796	-0.99604597187	-0.0753401761216	0	0.561486605061	-0.0887674874095	0.822710839552	0	-210.679458722	76.4342080741	21.8265187152	1	24163665379	1
0.826436114672	0.00373080082699	-0.563018143128	0	-0.0471914801766	-0.996000296116	-0.0758707739218	0	0.561049296021	-0.0892720071576	0.822954552921	0	-211.098292933	76.2945485931	21.2148073472	1	24163998712	1
0.827247939678	0.00338014771703	-0.561826860251	0	-0.0489393154971	-0.995747509839	-0.0780502405434	0	0.559701518398	-0.0920623226495	0.823564653838	0	-212.261791966	76.0984136117	19.5612346347	1	24164665379	1
0.82839240551	0.00341612239954	-0.560137797869	0	-0.0482557400697	-0.995828585151	-0.0774390892684	0	0.558065772149	-0.0911798174168	0.824771989614	0	-212.586097481	75.9037472818	18.9307777409	1	24164998712	1
0.827935238703	0.000798771172988	-0.560823147238	0	-0.0466421042769	-0.99643652988	-0.070276283545	0	0.55888080538	-0.0843421833064	0.824947659851	0	-213.139109604	75.9644979077	18.9679972169	1	24165665379	1
0.827562107732	-6.39226733204e-05	-0.561374165561	0	-0.0476771167486	-0.996394976498	-0.0701708154971	0	0.559345912995	-0.0848354096052	0.824581774533	0	-213.570675403	75.8794986423	18.5390735001	1	24165998712	1
