-0.9997859,0.013837071,-0.015383169,0.0,0.013122711,0.9988733,0.045606866,0.0,0.015996901,0.045395233,-0.998841,0.0,71.37882,-109.20484,76.20354,1.0
-0.9997859,0.013837071,-0.015383169,0.0,0.013121585,0.9988701,0.045677155,0.0,0.015997825,0.045465525,-0.9988378,0.0,71.383095,-109.212975,75.91832,1.0
-0.9997859,0.013837071,-0.015383169,0.0,0.0131204305,0.9988668,0.045749255,0.0,0.015998773,0.04553763,-0.9988345,0.0,71.38743,-109.21737,75.63302,1.0
-0.9997859,0.013837071,-0.015383169,0.0,0.0131192645,0.99886346,0.04582206,0.0,0.015999729,0.045610435,-0.99883115,0.0,71.39178,-109.21963,75.347694,1.0
-0.9997859,0.013837071,-0.015383169,0.0,0.013118094,0.9988601,0.04589515,0.0,0.016000688,0.04568353,-0.9988278,0.0,71.396164,-109.22057,75.06236,1.0
-0.9997859,0.013837071,-0.015383169,0.0,0.013116921,0.9988568,0.04596834,0.0,0.01600165,0.045756716,-0.9988244,0.0,71.40055,-109.22072,74.77703,1.0
-0.9997859,0.013837071,-0.015383169,0.0,0.013115749,0.99885345,0.046041507,0.0,0.01600261,0.04582989,-0.9988211,0.0,71.40494,-109.220406,74.4917,1.0
-0.9997859,0.013837071,-0.015383169,0.0,0.013114578,0.99885005,0.046114597,0.0,0.01600357,0.04590298,-0.9988177,0.0,71.40934,-109.21986,74.206375,1.0
-0.9997859,0.013837071,-0.015383169,0.0,0.013113409,0.9988467,0.046187557,0.0,0.016004529,0.045975942,-0.99881434,0.0,71.41374,-109.21926,73.921036,1.0
-0.9997859,0.013837071,-0.015383169,0.0,0.013112242,0.9988434,0.04626035,0.0,0.016005484,0.046048738,-0.99881095,0.0,71.41814,-109.21877,73.63571,1.0
-0.9997859,0.013837071,-0.015383169,0.0,0.013111079,0.99884003,0.04633294,0.0,0.016006436,0.046121333,-0.9988076,0.0,71.42253,-109.21849,73.35037,1.0
-0.9997859,0.013837071,-0.015383169,0.0,0.01310992,0.99883664,0.046405293,0.0,0.016007386,0.046193685,-0.9988042,0.0,71.42692,-109.21851,73.06504,1.0
-0.9997859,0.013837071,-0.015383169,0.0,0.013108765,0.9988333,0.04647737,0.0,0.016008332,0.046265766,-0.9988009,0.0,71.431305,-109.21894,72.77971,1.0
-0.9997859,0.013837071,-0.015383169,0.0,0.013107615,0.99883,0.046549134,0.0,0.016009275,0.046337534,-0.99879754,0.0,71.43568,-109.21985,72.49438,1.0
-0.9997859,0.013837071,-0.015383169,0.0,0.01310647,0.9988267,0.04662054,0.0,0.016010212,0.046408944,-0.9987942,0.0,71.440056,-109.22129,72.20905,1.0
-0.9997859,0.013837071,-0.015383169,0.0,0.013105332,0.9988234,0.046691548,0.0,0.016011143,0.04647995,-0.9987909,0.0,71.44441,-109.22335,71.92372,1.0
-0.9997859,0.013837071,-0.015383169,0.0,0.0131042,0.9988201,0.0467621,0.0,0.016012069,0.046550505,-0.9987876,0.0,71.44876,-109.22609,71.638405,1.0
-0.9997859,0.013837071,-0.015383169,0.0,0.013103077,0.99881685,0.046832144,0.0,0.016012987,0.04662055,-0.9987843,0.0,71.45311,-109.22956,71.35309,1.0
-0.9997859,0.013837071,-0.015383169,0.0,0.013101964,0.99881357,0.04690161,0.0,0.0160139,0.04669002,-0.9987811,0.0,71.45744,-109.23383,71.06779,1.0
-0.9997859,0.013837071,-0.015383169,0.0,0.013100861,0.99881035,0.04697043,0.0,0.016014801,0.046758845,-0.9987778,0.0,71.46176,-109.238976,70.78249,1.0
-0.9997859,0.013837071,-0.015383169,0.0,0.013099768,0.9988072,0.047038525,0.0,0.016015695,0.04682694,-0.9987746,0.0,71.466064,-109.24505,70.49722,1.0
-0.9997859,0.013837071,-0.015383169,0.0,0.01309869,0.99880403,0.047105804,0.0,0.016016578,0.046894222,-0.9987714,0.0,71.47036,-109.25212,70.211975,1.0
-0.9997859,0.013837071,-0.015383169,0.0,0.013097625,0.9988009,0.047172166,0.0,0.016017448,0.046960585,-0.9987683,0.0,71.474625,-109.260254,69.92676,1.0
-0.9997859,0.013837071,-0.015383169,0.0,0.0130965775,0.99879783,0.04723749,0.0,0.016018305,0.04702591,-0.99876523,0.0,71.47889,-109.26954,69.64156,1.0
-0.9997859,0.013837071,-0.015383169,0.0,0.013095548,0.9987948,0.04730165,0.0,0.016019145,0.047090072,-0.9987622,0.0,71.48313,-109.28004,69.35642,1.0
-0.9997859,0.013837071,-0.015383169,0.0,0.013094541,0.9987918,0.047364492,0.0,0.01601997,0.047152918,-0.9987592,0.0,71.48735,-109.29183,69.07133,1.0
-0.9997859,0.013837071,-0.015383169,0.0,0.013093556,0.99878895,0.047425848,0.0,0.016020775,0.047214273,-0.9987563,0.0,71.491554,-109.30503,68.786285,1.0
-0.9997859,0.013837071,-0.015383169,0.0,0.0130926,0.9987861,0.047485515,0.0,0.016021555,0.047273945,-0.9987535,0.0,71.495735,-109.31971,68.50133,1.0
-0.9997859,0.013837071,-0.015383169,0.0,0.013091673,0.9987834,0.047543276,0.0,0.016022313,0.047331706,-0.99875075,0.0,71.4999,-109.336,68.216446,1.0
-0.9997859,0.013837071,-0.015383169,0.0,0.013090781,0.9987807,0.047598857,0.0,0.016023042,0.04738729,-0.99874806,0.0,71.504036,-109.354004,67.93167,1.0
-0.9997859,0.013837071,-0.015383169,0.0,0.01308993,0.9987782,0.047651958,0.0,0.016023738,0.04744039,-0.99874556,0.0,71.50813,-109.37385,67.64702,1.0
-0.9997859,0.013837071,-0.015383169,0.0,0.013089123,0.99877584,0.047702212,0.0,0.016024396,0.04749065,-0.9987431,0.0,71.512215,-109.39568,67.362495,1.0
-0.9997859,0.013837071,-0.015383169,0.0,0.013088369,0.9987736,0.047749203,0.0,0.016025012,0.04753764,-0.9987409,0.0,71.51626,-109.41966,67.078156,1.0
-0.9997859,0.013837071,-0.015383169,0.0,0.013087676,0.99877155,0.04779242,0.0,0.016025579,0.047580857,-0.9987388,0.0,71.52026,-109.44598,66.79402,1.0
-0.9997859,0.013837071,-0.015383169,0.0,0.013087052,0.9987697,0.04783126,0.0,0.016026087,0.047619697,-0.998737,0.0,71.52423,-109.47483,66.510124,1.0
-0.9997859,0.013837071,-0.015383169,0.0,0.013086511,0.9987681,0.047864992,0.0,0.01602653,0.047653433,-0.99873537,0.0,71.52816,-109.506454,66.226524,1.0
-0.9997859,0.013837071,-0.015383169,0.0,0.013086066,0.9987668,0.047892734,0.0,0.016026894,0.047681175,-0.998734,0.0,71.532036,-109.54113,65.943275,1.0
-0.9997859,0.013837071,-0.015383169,0.0,0.013085734,0.99876577,0.04791339,0.0,0.016027164,0.047701836,-0.99873304,0.0,71.535866,-109.57915,65.66045,1.0
-0.9997859,0.013837071,-0.015383169,0.0,0.0130855385,0.9987652,0.047925606,0.0,0.016027324,0.04771405,-0.99873245,0.0,71.53962,-109.62089,65.37815,1.0
-0.9997859,0.013837071,-0.015383169,0.0,0.013085465,0.998765,0.04793016,0.0,0.016027384,0.047718603,-0.9987322,0.0,71.54334,-109.66583,65.09634,1.0
-0.9997859,0.013837071,-0.015383169,0.0,0.013085491,0.99876505,0.047928542,0.0,0.016027363,0.047716983,-0.9987323,0.0,71.54701,-109.71325,64.81492,1.0
-0.9997859,0.013837071,-0.015383169,0.0,0.013085618,0.9987654,0.04792068,0.0,0.016027259,0.047709126,-0.9987327,0.0,71.55065,-109.76308,64.53391,1.0
-0.9997859,0.013837071,-0.015383169,0.0,0.013085844,0.9987661,0.047906548,0.0,0.016027074,0.04769499,-0.99873334,0.0,71.554245,-109.81526,64.253334,1.0
-0.9997859,0.013837071,-0.015383169,0.0,0.013086172,0.9987671,0.047886126,0.0,0.016026806,0.04767457,-0.99873435,0.0,71.5578,-109.86971,63.97319,1.0
-0.9997859,0.013837071,-0.015383169,0.0,0.0130866,0.9987683,0.047859453,0.0,0.016026458,0.047647893,-0.9987356,0.0,71.56132,-109.92638,63.69347,1.0
-0.9997859,0.013837071,-0.015383169,0.0,0.013087127,0.99876994,0.04782658,0.0,0.016026026,0.047615018,-0.9987372,0.0,71.564804,-109.985176,63.414192,1.0
-0.9997859,0.013837071,-0.015383169,0.0,0.013087753,0.9987718,0.047787603,0.0,0.016025515,0.04757604,-0.99873906,0.0,71.568245,-110.046036,63.13535,1.0
-0.9997859,0.013837071,-0.015383169,0.0,0.013088474,0.99877393,0.047742646,0.0,0.016024927,0.047531083,-0.9987412,0.0,71.57167,-110.10887,62.85695,1.0
-0.9997859,0.013837071,-0.015383169,0.0,0.013089289,0.9987763,0.047691863,0.0,0.016024262,0.0474803,-0.99874365,0.0,71.57504,-110.1736,62.578976,1.0
-0.9997859,0.013837071,-0.015383169,0.0,0.013090194,0.998779,0.04763544,0.0,0.016023522,0.047423877,-0.99874634,0.0,71.57839,-110.24015,62.301422,1.0
-0.9997859,0.013837071,-0.015383169,0.0,0.013091186,0.9987819,0.047573596,0.0,0.01602271,0.04736203,-0.99874926,0.0,71.58171,-110.30843,62.024292,1.0
-0.9997859,0.013837071,-0.015383169,0.0,0.013092262,0.99878514,0.047506575,0.0,0.016021833,0.047295004,-0.9987525,0.0,71.585,-110.37837,61.747574,1.0
-0.9997859,0.013837071,-0.015383169,0.0,0.013093416,0.99878854,0.04743465,0.0,0.016020888,0.04722308,-0.9987559,0.0,71.58827,-110.44987,61.471252,1.0
-0.9997859,0.013837071,-0.015383169,0.0,0.013094643,0.9987921,0.04735813,0.0,0.016019886,0.04714655,-0.9987595,0.0,71.5915,-110.52284,61.19531,1.0
-0.9997859,0.013837071,-0.015383169,0.0,0.013095939,0.9987959,0.04727734,0.0,0.016018827,0.04706576,-0.9987633,0.0,71.59471,-110.59721,60.91974,1.0
-0.9997859,0.013837071,-0.015383169,0.0,0.013097297,0.9987999,0.047192644,0.0,0.016017716,0.046981063,-0.9987674,0.0,71.5979,-110.6729,60.644524,1.0
-0.9997859,0.013837071,-0.015383169,0.0,0.013098711,0.9988041,0.047104433,0.0,0.01601656,0.046892848,-0.9987715,0.0,71.60106,-110.7498,60.369648,1.0
-0.9997859,0.013837071,-0.015383169,0.0,0.013100176,0.9988084,0.047013126,0.0,0.016015362,0.04680154,-0.99877584,0.0,71.60421,-110.82785,60.095093,1.0
-0.9997859,0.013837071,-0.015383169,0.0,0.013101682,0.99881274,0.046919186,0.0,0.016014129,0.046707597,-0.99878025,0.0,71.60733,-110.90695,59.820835,1.0
-0.9997859,0.013837071,-0.015383169,0.0,0.0131032225,0.99881727,0.046823096,0.0,0.01601287,0.046611503,-0.9987847,0.0,71.610435,-110.98704,59.546864,1.0
-0.9997859,0.013837071,-0.015383169,0.0,0.013104789,0.9988218,0.0467254,0.0,0.016011588,0.046513803,-0.9987893,0.0,71.61353,-111.06801,59.27315,1.0
-0.9997859,0.013837071,-0.015383169,0.0,0.013106371,0.9988264,0.04662668,0.0,0.016010292,0.046415083,-0.9987939,0.0,71.61661,-111.149796,58.999676,1.0
-0.9997859,0.013837071,-0.015383169,0.0,0.013107959,0.998831,0.04652759,0.0,0.016008992,0.04631599,-0.99879855,0.0,71.61967,-111.232315,58.726425,1.0
-0.9997859,0.013837071,-0.015383169,0.0,0.013109542,0.99883556,0.04642886,0.0,0.016007695,0.046217255,-0.99880314,0.0,71.62272,-111.31549,58.453373,1.0
-0.9997859,0.013837071,-0.015383169,0.0,0.013111105,0.9988401,0.04633132,0.0,0.016006416,0.046119712,-0.99880767,0.0,71.62576,-111.39924,58.180496,1.0
-0.9997859,0.013837071,-0.015383169,0.0,0.0131126335,0.9988445,0.04623594,0.0,0.016005164,0.04602433,-0.9988121,0.0,71.62879,-111.4835,57.907776,1.0
-0.9997859,0.013837071,-0.015383169,0.0,0.013114109,0.99884874,0.046143893,0.0,0.016003955,0.045932278,-0.9988164,0.0,71.63181,-111.568184,57.635193,1.0
-0.9997859,0.013837071,-0.015383169,0.0,0.013115508,0.9988527,0.04605658,0.0,0.016002808,0.04584496,-0.99882036,0.0,71.634834,-111.65323,57.362724,1.0
-0.9997859,0.013837071,-0.015383169,0.0,0.013116826,0.9988565,0.0459743,0.0,0.016001727,0.045762677,-0.9988242,0.0,71.63784,-111.73856,57.090347,1.0
-0.9997859,0.013837071,-0.015383169,0.0,0.01311806,0.99886,0.045897234,0.0,0.016000716,0.04568561,-0.9988277,0.0,71.64084,-111.82412,56.818043,1.0
-0.9997859,0.013837071,-0.015383169,0.0,0.013119199,0.9988633,0.045826167,0.0,0.015999783,0.04561454,-0.998831,0.0,71.643845,-111.909836,56.545788,1.0
-0.9997859,0.013837071,-0.015383169,0.0,0.013120228,0.9988662,0.04576188,0.0,0.015998939,0.045550253,-0.9988339,0.0,71.64685,-111.995636,56.273567,1.0
-0.9997859,0.013837071,-0.015383169,0.0,0.013121136,0.9988688,0.04570518,0.0,0.015998194,0.045493554,-0.9988365,0.0,71.64984,-112.081474,56.00136,1.0
-0.9997859,0.013837071,-0.015383169,0.0,0.01312191,0.99887097,0.04565688,0.0,0.015997559,0.04544525,-0.9988387,0.0,71.65285,-112.167274,55.72915,1.0
-0.9997859,0.013837071,-0.015383169,0.0,0.013122536,0.99887276,0.04561778,0.0,0.015997045,0.04540615,-0.9988405,0.0,71.65585,-112.25298,55.456913,1.0
-0.9997859,0.013837071,-0.015383169,0.0,0.013123002,0.99887407,0.0455887,0.0,0.015996663,0.045377064,-0.9988418,0.0,71.65885,-112.338554,55.18464,1.0
-0.9997859,0.013837071,-0.015383169,0.0,0.013123295,0.9988749,0.04557042,0.0,0.015996423,0.045358784,-0.99884266,0.0,71.661865,-112.42392,54.912308,1.0
-0.9997859,0.013837071,-0.015383169,0.0,0.013123402,0.9988752,0.045563713,0.0,0.015996335,0.04535208,-0.99884295,0.0,71.66488,-112.50904,54.639904,1.0
-0.9997859,0.013837071,-0.015383169,0.0,0.013123322,0.998875,0.045568746,0.0,0.0159964,0.04535711,-0.9988428,0.0,71.66789,-112.59399,54.36745,1.0
-0.9997859,0.013837071,-0.015383169,0.0,0.013123147,0.9988745,0.045579653,0.0,0.015996544,0.04536802,-0.99884224,0.0,71.67088,-112.68023,54.09541,1.0
-0.9997859,0.013837071,-0.015383169,0.0,0.013122892,0.9988738,0.045595575,0.0,0.015996754,0.04538394,-0.9988415,0.0,71.67384,-112.768036,53.82387,1.0
-0.9997859,0.013837071,-0.015383169,0.0,0.013122541,0.99887276,0.04561749,0.0,0.015997041,0.04540586,-0.9988405,0.0,71.67678,-112.85724,53.55279,1.0
-0.9997859,0.013837071,-0.015383169,0.0,0.013122081,0.9988715,0.04564623,0.0,0.01599742,0.0454346,-0.9988392,0.0,71.6797,-112.947716,53.28214,1.0
-0.9997859,0.013837071,-0.015383169,0.0,0.013121501,0.99886984,0.045682468,0.0,0.015997894,0.045470838,-0.99883753,0.0,71.68259,-113.039314,53.011864,1.0
-0.9997859,0.013837071,-0.015383169,0.0,0.013120792,0.9988678,0.045726705,0.0,0.015998475,0.045515075,-0.99883556,0.0,71.685455,-113.131935,52.741947,1.0
-0.9997859,0.013837071,-0.015383169,0.0,0.01311995,0.9988654,0.045779265,0.0,0.015999166,0.04556764,-0.9988331,0.0,71.68831,-113.22548,52.472347,1.0
-0.9997859,0.013837071,-0.015383169,0.0,0.013118973,0.9988626,0.04584029,0.0,0.015999967,0.045628667,-0.9988303,0.0,71.69115,-113.31984,52.203045,1.0
-0.9997859,0.013837071,-0.015383169,0.0,0.01311786,0.99885947,0.045909733,0.0,0.01600088,0.04569811,-0.99882716,0.0,71.69397,-113.414955,51.934002,1.0
-0.9997859,0.013837071,-0.015383169,0.0,0.013116617,0.9988559,0.045987345,0.0,0.016001899,0.045775726,-0.9988236,0.0,71.69678,-113.510735,51.665207,1.0
-0.9997859,0.013837071,-0.015383169,0.0,0.01311525,0.998852,0.046072688,0.0,0.01600302,0.045861073,-0.99881965,0.0,71.699585,-113.60712,51.396626,1.0
-0.9997859,0.013837071,-0.015383169,0.0,0.013113768,0.9988477,0.04616514,0.0,0.016004235,0.045953527,-0.99881536,0.0,71.70237,-113.704025,51.128242,1.0
-0.9997859,0.013837071,-0.015383169,0.0,0.0131121855,0.9988432,0.0462639,0.0,0.016005531,0.04605229,-0.99881077,0.0,71.705154,-113.801414,50.860035,1.0
-0.9997859,0.013837071,-0.015383169,0.0,0.0131105175,0.99883837,0.046368014,0.0,0.016006898,0.046156406,-0.99880594,0.0,71.707924,-113.899216,50.591976,1.0
-0.9997859,0.013837071,-0.015383169,0.0,0.013108781,0.99883336,0.046476394,0.0,0.01600832,0.04626479,-0.99880093,0.0,71.710686,-113.997375,50.32406,1.0
-0.9997859,0.013837071,-0.015383169,0.0,0.013106994,0.99882823,0.04658784,0.0,0.016009782,0.04637624,-0.99879575,0.0,71.71344,-114.09584,50.056248,1.0
-0.9997859,0.013837071,-0.015383169,0.0,0.013105178,0.9988229,0.046701085,0.0,0.016011268,0.04648949,-0.99879044,0.0,71.7162,-114.194565,49.788536,1.0
-0.9997859,0.013837071,-0.015383169,0.0,0.013103356,0.9988176,0.046814803,0.0,0.01601276,0.04660321,-0.99878514,0.0,71.71894,-114.293495,49.5209,1.0
-0.9997859,0.013837071,-0.015383169,0.0,0.013101546,0.9988124,0.046927676,0.0,0.01601424,0.046716087,-0.99877983,0.0,71.721695,-114.39259,49.253326,1.0
-0.9997859,0.013837071,-0.015383169,0.0,0.013099771,0.9988072,0.047038395,0.0,0.016015694,0.04682681,-0.99877465,0.0,71.724434,-114.491806,48.98579,1.0
-0.9997859,0.013837071,-0.015383169,0.0,0.01309805,0.9988021,0.04714571,0.0,0.016017102,0.046934128,-0.9987696,0.0,71.72717,-114.59108,48.71828,1.0
-0.9997859,0.013837071,-0.015383169,0.0,0.0130964015,0.9987973,0.04724846,0.0,0.016018448,0.047036882,-0.9987647,0.0,71.72991,-114.69038,48.450775,1.0
-0.9997859,0.013837071,-0.015383169,0.0,0.013094844,0.9987927,0.047345582,0.0,0.016019722,0.04713401,-0.9987601,0.0,71.73266,-114.78966,48.183258,1.0
-0.9997859,0.013837071,-0.015383169,0.0,0.013093391,0.9987885,0.04743615,0.0,0.016020909,0.047224578,-0.9987558,0.0,71.735405,-114.88886,47.91571,1.0
-0.9997859,0.013837071,-0.015383169,0.0,0.013092056,0.99878454,0.047519375,0.0,0.016022,0.047307804,-0.9987519,0.0,71.738144,-114.987946,47.648113,1.0
-0.9997859,0.013837071,-0.015383169,0.0,0.013090849,0.99878097,0.04759462,0.0,0.016022986,0.047383055,-0.99874824,0.0,71.7409,-115.08686,47.38045,1.0
-0.9997859,0.013837071,-0.015383169,0.0,0.013089778,0.99877775,0.047661416,0.0,0.016023861,0.047449853,-0.9987451,0.0,71.74365,-115.18555,47.1127,1.0
-0.9997859,0.013837071,-0.015383169,0.0,0.013088847,0.998775,0.04771944,0.0,0.016024623,0.04750788,-0.99874234,0.0,71.74641,-115.28397,46.844845,1.0
-0.9997859,0.013837071,-0.015383169,0.0,0.013088059,0.9987727,0.047768537,0.0,0.016025266,0.047556978,-0.99873996,0.0,71.749176,-115.382065,46.57687,1.0
-0.9997859,0.013837071,-0.015383169,0.0,0.013087414,0.9987708,0.047808696,0.0,0.016025793,0.047597136,-0.99873805,0.0,71.751945,-115.47976,46.308743,1.0
-0.9997859,0.013837071,-0.015383169,0.0,0.013086762,0.9987688,0.047849346,0.0,0.016026324,0.047637787,-0.9987361,0.0,71.75473,-115.57701,46.04045,1.0
-0.9997859,0.013837071,-0.015383169,0.0,0.013085893,0.99876624,0.04790349,0.0,0.016027033,0.047691934,-0.9987335,0.0,71.75752,-115.67374,45.77198,1.0
-0.9997859,0.013837071,-0.015383169,0.0,0.01308481,0.998763,0.047971,0.0,0.016027918,0.047759444,-0.99873024,0.0,71.76033,-115.76987,45.5033,1.0
-0.9997859,0.013837071,-0.015383169,0.0,0.013083516,0.99875915,0.048051633,0.0,0.016028974,0.04784008,-0.99872637,0.0,71.763145,-115.86532,45.23439,1.0
-0.9997859,0.013837071,-0.015383169,0.0,0.013082014,0.9987547,0.048145153,0.0,0.0160302,0.0479336,-0.9987219,0.0,71.76597,-115.96001,44.96521,1.0
-0.9997859,0.013837071,-0.015383169,0.0,0.013080311,0.99874955,0.048251312,0.0,0.016031591,0.048039768,-0.9987168,0.0,71.76882,-116.05382,44.69574,1.0
-0.9997859,0.013837071,-0.015383169,0.0,0.013078407,0.9987439,0.048369896,0.0,0.016033143,0.048158355,-0.99871105,0.0,71.77169,-116.14666,44.425934,1.0
-0.9997859,0.013837071,-0.015383169,0.0,0.013076307,0.9987376,0.048500706,0.0,0.016034856,0.04828917,-0.9987047,0.0,71.774574,-116.238396,44.155754,1.0
-0.9997859,0.013837071,-0.015383169,0.0,0.0130740125,0.99873066,0.048643593,0.0,0.016036727,0.04843206,-0.99869776,0.0,71.77749,-116.32887,43.885166,1.0
-0.9997859,0.013837071,-0.015383169,0.0,0.013071526,0.9987231,0.048798468,0.0,0.016038755,0.04858694,-0.9986902,0.0,71.780426,-116.41793,43.61411,1.0
-0.9997859,0.013837071,-0.015383169,0.0,0.0130688455,0.998715,0.048965316,0.0,0.016040938,0.048753794,-0.998682,0.0,71.783394,-116.50537,43.342537,1.0
-0.9997859,0.013837071,-0.015383169,0.0,0.013065971,0.9987062,0.049144235,0.0,0.01604328,0.04893272,-0.9986732,0.0,71.78639,-116.59097,43.07038,1.0
-0.9997859,0.013837071,-0.015383169,0.0,0.0130629,0.99869686,0.04933545,0.0,0.01604578,0.04912394,-0.9986638,0.0,71.78944,-116.674446,42.797573,1.0
-0.9997859,0.013837071,-0.015383169,0.0,0.013059624,0.9986868,0.04953935,0.0,0.016048446,0.049327847,-0.9986537,0.0,71.79253,-116.75545,42.524033,1.0
-0.9997859,0.013837071,-0.015383169,0.0,0.013056133,0.99867606,0.049756553,0.0,0.016051287,0.049545057,-0.9986429,0.0,71.79567,-116.833565,42.24966,1.0
-0.9997859,0.013837071,-0.015383169,0.0,0.013052413,0.99866456,0.04998794,0.0,0.016054312,0.04977645,-0.99863136,0.0,71.798874,-116.908264,41.97435,1.0
-0.9997859,0.013837071,-0.015383169,0.0,0.013048476,0.9986523,0.050232813,0.0,0.016057512,0.05002133,-0.9986191,0.0,71.80214,-116.97936,41.698093,1.0
-0.9997859,0.013837071,-0.015383169,0.0,0.013044421,0.99863964,0.05048499,0.0,0.016060807,0.05027352,-0.9986063,0.0,71.80544,-117.048225,41.421276,1.0
-0.9997859,0.013837071,-0.015383169,0.0,0.013040248,0.99862653,0.050744385,0.0,0.016064195,0.050532922,-0.9985932,0.0,71.80879,-117.11456,41.14385,1.0
-0.9997859,0.013837071,-0.015383169,0.0,0.013035946,0.99861294,0.051011845,0.0,0.016067687,0.05080039,-0.99857956,0.0,71.812195,-117.17782,40.865707,1.0
-0.9997859,0.013837071,-0.015383169,0.0,0.013031493,0.9985989,0.051288497,0.0,0.016071297,0.05107705,-0.9985654,0.0,71.81567,-117.237274,40.586735,1.0
-0.9997859,0.013837071,-0.015383169,0.0,0.013026871,0.99858415,0.051575683,0.0,0.016075045,0.051364247,-0.9985506,0.0,71.819214,-117.29201,40.30681,1.0
-0.9997859,0.013837071,-0.015383169,0.0,0.013022055,0.9985687,0.0518748,0.0,0.016078947,0.051663376,-0.9985351,0.0,71.82286,-117.34091,40.02581,1.0
-0.9997859,0.013837071,-0.015383169,0.0,0.013017029,0.9985525,0.052186884,0.0,0.016083015,0.05197547,-0.9985188,0.0,71.82662,-117.38266,39.74368,1.0
-0.9997859,0.013837071,-0.015383169,0.0,0.013011793,0.9985355,0.0525119,0.0,0.01608725,0.052300498,-0.9985018,0.0,71.83053,-117.41591,39.46043,1.0
-0.9997859,0.013837071,-0.015383169,0.0,0.013006378,0.9985179,0.052847974,0.0,0.01609163,0.05263658,-0.9984841,0.0,71.83457,-117.439575,39.176235,1.0
-0.9997859,0.013837071,-0.015383169,0.0,0.013000848,0.9984997,0.05319102,0.0,0.016096098,0.05297964,-0.99846584,0.0,71.83876,-117.453354,38.89139,1.0
-0.9997859,0.013837071,-0.015383169,0.0,0.0129952915,0.9984814,0.053535648,0.0,0.016100584,0.05332428,-0.9984474,0.0,71.84308,-117.45818,38.60626,1.0
-0.9997859,0.013837071,-0.015383169,0.0,0.012989788,0.9984631,0.053876847,0.0,0.016105024,0.05366549,-0.99842906,0.0,71.847496,-117.45616,38.32108,1.0
-0.9997859,0.013837071,-0.015383169,0.0,0.012984395,0.9984451,0.054211203,0.0,0.016109373,0.053999856,-0.998411,0.0,71.85197,-117.44996,38.035965,1.0
-0.9997859,0.013837071,-0.015383169,0.0,0.0129791405,0.9984274,0.05453677,0.0,0.016113607,0.054325435,-0.99839324,0.0,71.85647,-117.442055,37.750877,1.0
-0.9997859,0.013837071,-0.015383169,0.0,0.012974047,0.99841017,0.054852366,0.0,0.016117709,0.054641042,-0.99837595,0.0,71.860954,-117.434326,37.46578,1.0
-0.9997859,0.013837071,-0.015383169,0.0,0.012969127,0.9983935,0.055157065,0.0,0.016121667,0.05494575,-0.9983592,0.0,71.86543,-117.42797,37.18064,1.0
-0.9997859,0.013837071,-0.015383169,0.0,0.012964396,0.9983773,0.055450007,0.0,0.016125472,0.055238705,-0.99834293,0.0,71.86988,-117.42364,36.895462,1.0
-0.9997859,0.013837071,-0.015383169,0.0,0.012959866,0.99836177,0.05573043,0.0,0.016129114,0.055519138,-0.9983273,0.0,71.8743,-117.42163,36.610245,1.0
-0.9997859,0.013837071,-0.015383169,0.0,0.012955548,0.99834687,0.055997673,0.0,0.016132582,0.05578639,-0.9983124,0.0,71.878685,-117.42205,36.32502,1.0
-0.9997859,0.013837071,-0.015383169,0.0,0.01295145,0.9983326,0.05625122,0.0,0.016135871,0.056039944,-0.9982981,0.0,71.88303,-117.42485,36.039803,1.0
-0.9997859,0.013837071,-0.015383169,0.0,0.012947579,0.99831915,0.056490697,0.0,0.016138978,0.05627943,-0.99828464,0.0,71.887344,-117.42995,35.754616,1.0
-0.9997859,0.013837071,-0.015383169,0.0,0.012943935,0.99830645,0.05671609,0.0,0.0161419,0.056504827,-0.9982718,0.0,71.89164,-117.437035,35.469463,1.0
-0.9997859,0.013837071,-0.015383169,0.0,0.0129404785,0.9982943,0.0569298,0.0,0.016144672,0.056718547,-0.99825966,0.0,71.895935,-117.44367,35.184284,1.0
-0.9997859,0.013837071,-0.015383169,0.0,0.012937204,0.9982828,0.057132274,0.0,0.016147297,0.05692103,-0.9982481,0.0,71.900246,-117.44929,34.899075,1.0
-0.9997859,0.013837071,-0.015383169,0.0,0.012934112,0.9982719,0.057323385,0.0,0.016149772,0.057112146,-0.99823713,0.0,71.90457,-117.45409,34.613846,1.0
-0.9997859,0.013837071,-0.015383169,0.0,0.0129312035,0.9982616,0.057503145,0.0,0.016152103,0.057291914,-0.9982268,0.0,71.9089,-117.4582,34.3286,1.0
-0.9997859,0.013837071,-0.015383169,0.0,0.01292848,0.9982519,0.057671458,0.0,0.016154282,0.05746023,-0.9982171,0.0,71.91324,-117.46175,34.043343,1.0
-0.9997859,0.013837071,-0.015383169,0.0,0.012925945,0.99824286,0.05782808,0.0,0.01615631,0.057616856,-0.99820805,0.0,71.91759,-117.4648,33.75807,1.0
-0.9997859,0.013837071,-0.015383169,0.0,0.012923572,0.9982344,0.05797467,0.0,0.016158208,0.057763454,-0.9981995,0.0,71.92194,-117.46742,33.47279,1.0
-0.9997859,0.013837071,-0.015383169,0.0,0.012921337,0.9982264,0.058112767,0.0,0.016159996,0.057901554,-0.9981915,0.0,71.9263,-117.46967,33.187504,1.0
-0.9997859,0.013837071,-0.015383169,0.0,0.012919219,0.9982188,0.058243603,0.0,0.01616169,0.058032397,-0.99818385,0.0,71.930664,-117.47159,32.902206,1.0
-0.9997859,0.013837071,-0.015383169,0.0,0.012917202,0.99821156,0.058368187,0.0,0.016163303,0.058156982,-0.9981766,0.0,71.93503,-117.473206,32.61691,1.0
-0.9997859,0.013837071,-0.015383169,0.0,0.012915272,0.9982046,0.058487345,0.0,0.016164843,0.058276147,-0.9981696,0.0,71.9394,-117.474556,32.3316,1.0
-0.9997859,0.013837071,-0.015383169,0.0,0.012913419,0.9981979,0.058601774,0.0,0.016166324,0.05839058,-0.9981629,0.0,71.94377,-117.47566,32.046295,1.0
-0.9997859,0.013837071,-0.015383169,0.0,0.012911633,0.9981915,0.058712047,0.0,0.01616775,0.058500856,-0.9981564,0.0,71.94816,-117.476555,31.760986,1.0
-0.9997859,0.013837071,-0.015383169,0.0,0.012909906,0.9981852,0.058818657,0.0,0.016169129,0.05860747,-0.99815017,0.0,71.95253,-117.477234,31.475674,1.0
-0.9997859,0.013837071,-0.015383169,0.0,0.0129082315,0.99817914,0.058922023,0.0,0.016170466,0.05871084,-0.99814403,0.0,71.95692,-117.47773,31.190357,1.0
-0.9997859,0.013837071,-0.015383169,0.0,0.0129066035,0.99817324,0.059022505,0.0,0.016171766,0.058811326,-0.9981381,0.0,71.961296,-117.47805,30.905037,1.0
-0.9997859,0.013837071,-0.015383169,0.0,0.0129050175,0.99816746,0.059120405,0.0,0.016173031,0.05890923,-0.99813235,0.0,71.96569,-117.47822,30.619719,1.0
-0.9997859,0.013837071,-0.015383169,0.0,0.012903468,0.9981618,0.059216,0.0,0.016174268,0.05900483,-0.9981267,0.0,71.97008,-117.47824,30.3344,1.0
-0.9997859,0.013837071,-0.015383169,0.0,0.0129019525,0.99815625,0.05930952,0.0,0.016175477,0.05909835,-0.9981211,0.0,71.97447,-117.47813,30.049078,1.0
-0.9997859,0.013837071,-0.015383169,0.0,0.012900467,0.9981508,0.05940117,0.0,0.016176661,0.059190005,-0.99811566,0.0,71.97886,-117.47789,29.763758,1.0
-0.9997859,0.013837071,-0.015383169,0.0,0.0128990095,0.99814546,0.05949113,0.0,0.016177824,0.05927997,-0.9981103,0.0,71.98326,-117.47753,29.478434,1.0
-0.9997859,0.013837071,-0.015383169,0.0,0.012897575,0.9981402,0.059579566,0.0,0.016178967,0.059368405,-0.99810505,0.0,71.987656,-117.47707,29.193113,1.0
-0.9997859,0.013837071,-0.015383169,0.0,0.012896164,0.99813503,0.059666615,0.0,0.01618009,0.059455458,-0.9980998,0.0,71.99205,-117.47651,28.90779,1.0
-0.9997859,0.013837071,-0.015383169,0.0,0.012894774,0.99812996,0.059752405,0.0,0.0161812,0.05954125,-0.9980947,0.0,71.99645,-117.47586,28.622465,1.0
-0.9997859,0.013837071,-0.015383169,0.0,0.012893402,0.9981249,0.059837047,0.0,0.016182294,0.059625894,-0.9980896,0.0,72.000854,-117.47511,28.33714,1.0
-0.9997859,0.013837071,-0.015383169,0.0,0.012892046,0.9981199,0.059920646,0.0,0.016183373,0.059709497,-0.9980846,0.0,72.00526,-117.4743,28.051811,1.0
-0.9997859,0.013837071,-0.015383169,0.0,0.012890706,0.99811494,0.06000329,0.0,0.01618444,0.059792146,-0.99807966,0.0,72.00966,-117.473404,27.766487,1.0
-0.9997859,0.013837071,-0.015383169,0.0,0.01288938,0.99811006,0.06008507,0.0,0.016185496,0.059873924,-0.9980747,0.0,72.01406,-117.47244,27.481161,1.0
-0.9997859,0.013837071,-0.015383169,0.0,0.0128880665,0.99810517,0.06016605,0.0,0.016186543,0.05995491,-0.9980698,0.0,72.01846,-117.47143,27.195835,1.0
-0.9997859,0.013837071,-0.015383169,0.0,0.012886765,0.99810034,0.060246307,0.0,0.016187578,0.060035173,-0.998065,0.0,72.02287,-117.47036,26.910511,1.0
-0.9997859,0.013837071,-0.015383169,0.0,0.012885474,0.9980956,0.060325902,0.0,0.016188607,0.060114767,-0.99806017,0.0,72.027275,-117.46924,26.625183,1.0
-0.9997859,0.013837071,-0.015383169,0.0,0.012884193,0.9980908,0.060404893,0.0,0.016189625,0.060193762,-0.9980554,0.0,72.03168,-117.46809,26.339857,1.0
-0.9997859,0.013837071,-0.015383169,0.0,0.01288292,0.9980861,0.060483333,0.0,0.016190639,0.060272206,-0.9980507,0.0,72.03609,-117.4669,26.054531,1.0
-0.9997859,0.013837071,-0.015383169,0.0,0.012881656,0.9980814,0.06056127,0.0,0.016191645,0.060350146,-0.9980459,0.0,72.04049,-117.46569,25.769203,1.0
-0.9997859,0.013837071,-0.015383169,0.0,0.012880399,0.9980767,0.060638756,0.0,0.016192645,0.060427632,-0.9980412,0.0,72.0449,-117.464455,25.48388,1.0
-0.9997859,0.013837071,-0.015383169,0.0,0.012879148,0.998072,0.060715824,0.0,0.01619364,0.060504705,-0.99803656,0.0,72.04931,-117.46323,25.198551,1.0
-0.9997859,0.013837071,-0.015383169,0.0,0.012877904,0.9980673,0.060792524,0.0,0.016194629,0.06058141,-0.99803185,0.0,72.05372,-117.46199,24.913223,1.0
-0.9997859,0.013837071,-0.015383169,0.0,0.012876664,0.99806273,0.060868893,0.0,0.016195614,0.060657777,-0.9980272,0.0,72.05812,-117.46078,24.627895,1.0
-0.9997859,0.013837071,-0.015383169,0.0,0.01287543,0.9980581,0.060944963,0.0,0.016196596,0.06073385,-0.99802256,0.0,72.06253,-117.4596,24.342567,1.0
-0.9997859,0.013837071,-0.015383169,0.0,0.0128742,0.9980535,0.061020773,0.0,0.016197573,0.060809664,-0.99801797,0.0,72.06693,-117.45848,24.05724,1.0
-0.9997859,0.013837071,-0.015383169,0.0,0.0128729725,0.99804884,0.06109636,0.0,0.01619855,0.060885254,-0.9980133,0.0,72.07134,-117.45743,23.771912,1.0
-0.9997859,0.013837071,-0.015383169,0.0,0.01287175,0.99804425,0.06117175,0.0,0.016199522,0.060960647,-0.9980087,0.0,72.075745,-117.45651,23.486582,1.0
-0.9997859,0.013837071,-0.015383169,0.0,0.012870529,0.99803966,0.06124697,0.0,0.016200492,0.061035868,-0.9980041,0.0,72.08015,-117.45575,23.201252,1.0
-0.9997859,0.013837071,-0.015383169,0.0,0.01286931,0.9980351,0.06132203,0.0,0.016201459,0.061110932,-0.9979995,0.0,72.08454,-117.45525,22.915922,1.0
-0.9997859,0.013837071,-0.015383169,0.0,0.012868094,0.9980305,0.06139691,0.0,0.016202426,0.06118582,-0.9979949,0.0,72.088936,-117.45514,22.63059,1.0
-0.9997859,0.013837071,-0.015383169,0.0,0.012866882,0.9980259,0.061471596,0.0,0.016203389,0.061260503,-0.9979903,0.0,72.093315,-117.4556,22.345259,1.0
-0.9997859,0.013837071,-0.015383169,0.0,0.012865664,0.9980213,0.061546553,0.0,0.016204353,0.061335463,-0.99798566,0.0,72.0977,-117.45619,22.059927,1.0
-0.9997859,0.013837071,-0.015383169,0.0,0.012864439,0.99801666,0.061622042,0.0,0.016205328,0.061410952,-0.997981,0.0,72.10208,-117.45687,21.774597,1.0
-0.9997859,0.013837071,-0.015383169,0.0,0.012863201,0.99801195,0.061698258,0.0,0.01620631,0.06148717,-0.9979763,0.0,72.10646,-117.457794,21.48927,1.0
-0.9997859,0.013837071,-0.015383169,0.0,0.012931856,0.9982639,0.05746285,0.0,0.01615158,0.057251614,-0.99822915,0.0,72.10552,-117.4593,21.548567,1.0
-0.9997859,0.013837071,-0.015383169,0.0,0.0130591085,0.9986852,0.049571395,0.0,0.016048865,0.04935989,-0.9986521,0.0,72.10012,-117.45965,21.899546,1.0
-0.9997859,0.013837071,-0.015383169,0.0,0.01314748,0.9989424,0.044059318,0.0,0.015976552,0.043847635,-0.9989105,0.0,72.09763,-117.46001,22.060337,1.0
