-0.9997859,0.013837071,-0.015383169,0.0,0.012276321,0.99518,0.097293586,0.0,0.016655281,0.09708391,-0.99513686,0.0,71.37836,-109.20685,76.231575,1.0
-0.9997859,0.013837071,-0.015383169,0.0,0.012276151,0.995179,0.09730372,0.0,0.016655406,0.09709404,-0.99513584,0.0,71.382576,-109.21489,75.95054,1.0
-0.9997859,0.013837071,-0.015383169,0.0,0.012275924,0.9951777,0.097317316,0.0,0.016655574,0.09710764,-0.99513453,0.0,71.38684,-109.21928,75.66941,1.0
-0.9997859,0.013837071,-0.015383169,0.0,0.012275671,0.9951762,0.09733243,0.0,0.01665576,0.09712276,-0.99513304,0.0,71.39113,-109.22156,75.388275,1.0
-0.9997859,0.013837071,-0.015383169,0.0,0.012275406,0.99517465,0.09734824,0.0,0.016655955,0.09713857,-0.9951315,0.0,71.39545,-109.22254,75.10712,1.0
-0.9997859,0.013837071,-0.015383169,0.0,0.012275137,0.9951731,0.09736431,0.0,0.016656153,0.09715463,-0.99512994,0.0,71.399765,-109.222725,74.825966,1.0
-0.9997859,0.013837071,-0.015383169,0.0,0.012274868,0.99517155,0.09738037,0.0,0.01665635,0.097170696,-0.99512833,0.0,71.4041,-109.222435,74.5448,1.0
-0.9997859,0.013837071,-0.015383169,0.0,0.0122746015,0.99517,0.09739628,0.0,0.016656548,0.0971866,-0.9951268,0.0,71.40843,-109.22192,74.26366,1.0
-0.9997859,0.013837071,-0.015383169,0.0,0.012274341,0.99516845,0.09741191,0.0,0.01665674,0.097202234,-0.99512523,0.0,71.41276,-109.22133,73.9825,1.0
-0.9997859,0.013837071,-0.015383169,0.0,0.012274085,0.99516696,0.09742717,0.0,0.016656928,0.0972175,-0.99512374,0.0,71.4171,-109.220825,73.70134,1.0
-0.9997859,0.013837071,-0.015383169,0.0,0.012273837,0.9951655,0.09744198,0.0,0.01665711,0.09723231,-0.9951223,0.0,71.421425,-109.22051,73.42018,1.0
-0.9997859,0.013837071,-0.015383169,0.0,0.0122735975,0.9951641,0.09745628,0.0,0.016657287,0.0972466,-0.99512094,0.0,71.42575,-109.22048,73.13902,1.0
-0.9997859,0.013837071,-0.015383169,0.0,0.012273368,0.9951628,0.097469985,0.0,0.016657457,0.09726031,-0.9951196,0.0,71.43008,-109.22083,72.85787,1.0
-0.9997859,0.013837071,-0.015383169,0.0,0.01227315,0.99516153,0.09748304,0.0,0.016657617,0.09727337,-0.9951183,0.0,71.43439,-109.22163,72.57672,1.0
-0.9997859,0.013837071,-0.015383169,0.0,0.012272943,0.9951603,0.09749538,0.0,0.01665777,0.09728571,-0.99511707,0.0,71.4387,-109.22293,72.29556,1.0
-0.9997859,0.013837071,-0.015383169,0.0,0.01227275,0.99515915,0.097506925,0.0,0.016657911,0.09729726,-0.99511594,0.0,71.443,-109.22482,72.01441,1.0
-0.9997859,0.013837071,-0.015383169,0.0,0.012272571,0.99515814,0.09751761,0.0,0.016658043,0.09730794,-0.9951149,0.0,71.447296,-109.22736,71.73326,1.0
-0.9997859,0.013837071,-0.015383169,0.0,0.012272408,0.9951572,0.097527355,0.0,0.016658165,0.09731769,-0.99511397,0.0,71.45157,-109.230606,71.45212,1.0
-0.9997859,0.013837071,-0.015383169,0.0,0.012272262,0.99515635,0.09753606,0.0,0.01665827,0.09732639,-0.9951131,0.0,71.45584,-109.234604,71.17099,1.0
-0.9997859,0.013837071,-0.015383169,0.0,0.012272135,0.9951556,0.09754364,0.0,0.016658366,0.097333975,-0.99511236,0.0,71.460106,-109.239426,70.88987,1.0
-0.9997859,0.013837071,-0.015383169,0.0,0.012272029,0.995155,0.09755,0.0,0.016658444,0.09734033,-0.9951117,0.0,71.46434,-109.24514,70.608765,1.0
-0.9997859,0.013837071,-0.015383169,0.0,0.012271945,0.9951545,0.097555004,0.0,0.016658505,0.09734534,-0.9951112,0.0,71.468575,-109.2518,70.32768,1.0
-0.9997859,0.013837071,-0.015383169,0.0,0.012271886,0.99515414,0.097558536,0.0,0.016658548,0.09734887,-0.99511087,0.0,71.4728,-109.259476,70.04662,1.0
-0.9997859,0.013837071,-0.015383169,0.0,0.012271854,0.99515396,0.09756045,0.0,0.016658572,0.09735078,-0.9951107,0.0,71.477,-109.268234,69.765594,1.0
-0.9997859,0.013837071,-0.015383169,0.0,0.012271851,0.9951539,0.09756059,0.0,0.016658574,0.09735093,-0.9951107,0.0,71.481186,-109.27815,69.48461,1.0
-0.9997859,0.013837071,-0.015383169,0.0,0.012271882,0.9951541,0.09755879,0.0,0.016658552,0.09734912,-0.99511087,0.0,71.48535,-109.2893,69.20366,1.0
-0.9997859,0.013837071,-0.015383169,0.0,0.012271948,0.9951545,0.097554825,0.0,0.016658504,0.09734516,-0.9951113,0.0,71.4895,-109.30177,68.92277,1.0
-0.9997859,0.013837071,-0.015383169,0.0,0.012272054,0.9951551,0.09754848,0.0,0.016658425,0.09733881,-0.9951119,0.0,71.49363,-109.31566,68.64194,1.0
-0.9997859,0.013837071,-0.015383169,0.0,0.012272204,0.995156,0.097539485,0.0,0.016658314,0.09732982,-0.9951128,0.0,71.49774,-109.33105,68.36119,1.0
-0.9997859,0.013837071,-0.015383169,0.0,0.0122724045,0.9951572,0.097527556,0.0,0.016658166,0.09731789,-0.9951139,0.0,71.50182,-109.34805,68.08053,1.0
-0.9997859,0.013837071,-0.015383169,0.0,0.012272659,0.9951586,0.09751235,0.0,0.016657978,0.09730268,-0.9951154,0.0,71.50588,-109.36679,67.79998,1.0
-0.9997859,0.013837071,-0.015383169,0.0,0.012272975,0.99516046,0.09749347,0.0,0.016657745,0.0972838,-0.99511725,0.0,71.50991,-109.3874,67.51956,1.0
-0.9997859,0.013837071,-0.015383169,0.0,0.01227336,0.9951627,0.097470455,0.0,0.016657462,0.09726079,-0.9951195,0.0,71.51391,-109.41003,67.23929,1.0
-0.9997859,0.013837071,-0.015383169,0.0,0.012273824,0.99516547,0.097442776,0.0,0.016657121,0.0972331,-0.99512225,0.0,71.517876,-109.43483,66.9592,1.0
-0.9997859,0.013837071,-0.015383169,0.0,0.012274376,0.9951687,0.09740979,0.0,0.016656714,0.09720012,-0.9951255,0.0,71.521805,-109.46199,66.67933,1.0
-0.9997859,0.013837071,-0.015383169,0.0,0.012275029,0.9951725,0.09737075,0.0,0.016656233,0.09716108,-0.9951293,0.0,71.525696,-109.49173,66.39972,1.0
-0.9997859,0.013837071,-0.015383169,0.0,0.012275799,0.995177,0.097324766,0.0,0.016655665,0.09711509,-0.99513376,0.0,71.52954,-109.52428,66.120415,1.0
-0.9997859,0.013837071,-0.015383169,0.0,0.0122767035,0.9951822,0.09727074,0.0,0.016654998,0.09706106,-0.99513906,0.0,71.53334,-109.559906,65.84148,1.0
-0.9997859,0.013837071,-0.015383169,0.0,0.012277764,0.9951884,0.097207345,0.0,0.016654216,0.09699766,-0.99514526,0.0,71.53709,-109.59896,65.563,1.0
-0.9997859,0.013837071,-0.015383169,0.0,0.012279,0.9951956,0.097133495,0.0,0.016653305,0.096923806,-0.9951525,0.0,71.54077,-109.641624,65.28504,1.0
-0.9997859,0.013837071,-0.015383169,0.0,0.012280368,0.99520355,0.09705173,0.0,0.016652297,0.09684205,-0.99516046,0.0,71.54442,-109.68692,65.0075,1.0
-0.9997859,0.013837071,-0.015383169,0.0,0.012281859,0.99521226,0.09696264,0.0,0.016651196,0.09675295,-0.99516916,0.0,71.54802,-109.7346,64.73035,1.0
-0.9997859,0.013837071,-0.015383169,0.0,0.012283472,0.9952216,0.09686619,0.0,0.016650006,0.096656494,-0.9951785,0.0,71.55158,-109.78459,64.453606,1.0
-0.9997859,0.013837071,-0.015383169,0.0,0.012285209,0.9952317,0.0967624,0.0,0.016648725,0.0965527,-0.9951886,0.0,71.55511,-109.836845,64.17727,1.0
-0.9997859,0.013837071,-0.015383169,0.0,0.012287067,0.9952425,0.0966513,0.0,0.016647354,0.0964416,-0.99519944,0.0,71.55861,-109.89128,63.901356,1.0
-0.9997859,0.013837071,-0.015383169,0.0,0.012289046,0.9952539,0.09653298,0.0,0.016645893,0.09632327,-0.9952109,0.0,71.562065,-109.94784,63.62587,1.0
-0.9997859,0.013837071,-0.015383169,0.0,0.0122911455,0.9952661,0.09640752,0.0,0.016644344,0.0961978,-0.99522305,0.0,71.56548,-110.00644,63.3508,1.0
-0.9997859,0.013837071,-0.015383169,0.0,0.01229336,0.99527884,0.096275054,0.0,0.016642708,0.096065335,-0.99523586,0.0,71.56887,-110.06702,63.076157,1.0
-0.9997859,0.013837071,-0.015383169,0.0,0.012295689,0.9952923,0.09613575,0.0,0.016640987,0.095926024,-0.99524933,0.0,71.57223,-110.129486,62.801933,1.0
-0.9997859,0.013837071,-0.015383169,0.0,0.01229813,0.9953064,0.09598978,0.0,0.016639182,0.095780045,-0.99526346,0.0,71.57555,-110.19378,62.528122,1.0
-0.9997859,0.013837071,-0.015383169,0.0,0.0123006785,0.995321,0.095837355,0.0,0.0166373,0.09562761,-0.9952781,0.0,71.57884,-110.2598,62.25473,1.0
-0.9997859,0.013837071,-0.015383169,0.0,0.01230333,0.99533623,0.0956787,0.0,0.016635338,0.09546895,-0.9952934,0.0,71.58211,-110.3275,61.981735,1.0
-0.9997859,0.013837071,-0.015383169,0.0,0.012306081,0.995352,0.09551408,0.0,0.016633304,0.095304325,-0.99530923,0.0,71.585335,-110.396774,61.709137,1.0
-0.9997859,0.013837071,-0.015383169,0.0,0.012308927,0.9953683,0.09534376,0.0,0.016631197,0.095134,-0.99532557,0.0,71.588554,-110.467545,61.436924,1.0
-0.9997859,0.013837071,-0.015383169,0.0,0.012311864,0.9953851,0.09516804,0.0,0.016629023,0.09495827,-0.9953424,0.0,71.591736,-110.53974,61.165077,1.0
-0.9997859,0.013837071,-0.015383169,0.0,0.012314884,0.99540234,0.09498721,0.0,0.016626786,0.09477744,-0.9953596,0.0,71.59489,-110.613266,60.89359,1.0
-0.9997859,0.013837071,-0.015383169,0.0,0.012317984,0.99542,0.09480163,0.0,0.01662449,0.09459184,-0.9953773,0.0,71.59803,-110.68805,60.622437,1.0
-0.9997859,0.013837071,-0.015383169,0.0,0.012321157,0.99543804,0.0946116,0.0,0.01662214,0.09440181,-0.9953954,0.0,71.60114,-110.76401,60.35161,1.0
-0.9997859,0.013837071,-0.015383169,0.0,0.012324398,0.9954564,0.0944175,0.0,0.016619736,0.0942077,-0.99541384,0.0,71.60424,-110.841064,60.081093,1.0
-0.9997859,0.013837071,-0.015383169,0.0,0.012327702,0.9954751,0.09421967,0.0,0.016617287,0.09400986,-0.99543256,0.0,71.60732,-110.91913,59.81086,1.0
-0.9997859,0.013837071,-0.015383169,0.0,0.012331059,0.99549407,0.0940185,0.0,0.016614795,0.09380868,-0.99545157,0.0,71.61038,-110.99814,59.540905,1.0
-0.9997859,0.013837071,-0.015383169,0.0,0.012334467,0.9955133,0.09381435,0.0,0.016612265,0.09360453,-0.9954709,0.0,71.61343,-111.077995,59.271194,1.0
-0.9997859,0.013837071,-0.015383169,0.0,0.0123379165,0.9955327,0.09360762,0.0,0.016609704,0.09339778,-0.9954903,0.0,71.616455,-111.15864,59.001717,1.0
-0.9997859,0.013837071,-0.015383169,0.0,0.012341402,0.9955523,0.09339869,0.0,0.016607113,0.093188845,-0.9955099,0.0,71.61947,-111.23999,58.732445,1.0
-0.9997859,0.013837071,-0.015383169,0.0,0.012344917,0.995572,0.09318795,0.0,0.0166045,0.0929781,-0.9955297,0.0,71.622475,-111.32196,58.46337,1.0
-0.9997859,0.013837071,-0.015383169,0.0,0.012348455,0.9955918,0.09297582,0.0,0.01660187,0.09276596,-0.9955495,0.0,71.62547,-111.404495,58.194466,1.0
-0.9997859,0.013837071,-0.015383169,0.0,0.012352009,0.9956116,0.09276268,0.0,0.016599225,0.0925528,-0.9955694,0.0,71.628456,-111.48752,57.92571,1.0
-0.9997859,0.013837071,-0.015383169,0.0,0.012355573,0.99563146,0.092548944,0.0,0.016596574,0.09233906,-0.9955893,0.0,71.63144,-111.57095,57.657074,1.0
-0.9997859,0.013837071,-0.015383169,0.0,0.012359139,0.9956513,0.092335016,0.0,0.016593918,0.09212513,-0.99560916,0.0,71.63441,-111.65475,57.388557,1.0
-0.9997859,0.013837071,-0.015383169,0.0,0.012362699,0.99567103,0.092121325,0.0,0.016591266,0.09191143,-0.99562895,0.0,71.637375,-111.73881,57.12012,1.0
-0.9997859,0.013837071,-0.015383169,0.0,0.012366249,0.9956907,0.091908276,0.0,0.016588619,0.09169836,-0.9956486,0.0,71.64034,-111.82309,56.851757,1.0
-0.9997859,0.013837071,-0.015383169,0.0,0.012369781,0.9957102,0.09169629,0.0,0.016585987,0.09148638,-0.9956682,0.0,71.6433,-111.907524,56.58344,1.0
-0.9997859,0.013837071,-0.015383169,0.0,0.012373286,0.9957295,0.09148582,0.0,0.016583372,0.0912759,-0.99568754,0.0,71.646255,-111.99205,56.315155,1.0
-0.9997859,0.013837071,-0.015383169,0.0,0.012376759,0.9957486,0.09127731,0.0,0.01658078,0.091067374,-0.9957067,0.0,71.649216,-112.07661,56.046875,1.0
-0.9997859,0.013837071,-0.015383169,0.0,0.012380191,0.9957674,0.09107121,0.0,0.016578218,0.09086127,-0.9957256,0.0,71.652176,-112.16114,55.778595,1.0
-0.9997859,0.013837071,-0.015383169,0.0,0.012383574,0.99578595,0.090868026,0.0,0.01657569,0.090658076,-0.9957441,0.0,71.65513,-112.2456,55.510284,1.0
-0.9997859,0.013837071,-0.015383169,0.0,0.0123868985,0.99580413,0.09066827,0.0,0.016573206,0.09045831,-0.99576235,0.0,71.6581,-112.32991,55.241936,1.0
-0.9997859,0.013837071,-0.015383169,0.0,0.012390156,0.9958219,0.09047251,0.0,0.016570771,0.09026254,-0.9957801,0.0,71.66106,-112.41405,54.973537,1.0
-0.9997859,0.013837071,-0.015383169,0.0,0.012393337,0.9958392,0.09028137,0.0,0.016568393,0.090071395,-0.9957975,0.0,71.664024,-112.49793,54.70506,1.0
-0.9997859,0.013837071,-0.015383169,0.0,0.0123964315,0.995856,0.09009538,0.0,0.016566077,0.0898854,-0.9958143,0.0,71.667,-112.58157,54.43651,1.0
-0.9997859,0.013837071,-0.015383169,0.0,0.012399531,0.9958728,0.08990901,0.0,0.016563756,0.089699015,-0.9958312,0.0,71.66996,-112.666245,54.16828,1.0
-0.9997859,0.013837071,-0.015383169,0.0,0.012402667,0.9958898,0.08972048,0.0,0.01656141,0.089510486,-0.9958482,0.0,71.67288,-112.75248,53.900547,1.0
-0.9997859,0.013837071,-0.015383169,0.0,0.012405811,0.9959067,0.089531444,0.0,0.016559055,0.08932144,-0.99586517,0.0,71.67579,-112.840096,53.633266,1.0
-0.9997859,0.013837071,-0.015383169,0.0,0.012408956,0.9959237,0.08934224,0.0,0.016556697,0.08913222,-0.9958822,0.0,71.67866,-112.92896,53.366398,1.0
-0.9997859,0.013837071,-0.015383169,0.0,0.0124120945,0.99594057,0.08915345,0.0,0.016554344,0.08894343,-0.9958991,0.0,71.68151,-113.01895,53.099903,1.0
-0.9997859,0.013837071,-0.015383169,0.0,0.012415209,0.99595726,0.08896609,0.0,0.016552009,0.088756055,-0.99591583,0.0,71.68435,-113.10996,52.83376,1.0
-0.9997859,0.013837071,-0.015383169,0.0,0.012418283,0.99597377,0.08878112,0.0,0.016549703,0.08857109,-0.99593234,0.0,71.68717,-113.20189,52.567924,1.0
-0.9997859,0.013837071,-0.015383169,0.0,0.0124213,0.99598986,0.08859954,0.0,0.01654744,0.08838949,-0.99594855,0.0,71.68997,-113.29463,52.302387,1.0
-0.9997859,0.013837071,-0.015383169,0.0,0.012424244,0.9960056,0.08842234,0.0,0.016545229,0.08821229,-0.9959643,0.0,71.69276,-113.38813,52.03711,1.0
-0.9997859,0.013837071,-0.015383169,0.0,0.012427098,0.9960208,0.08825053,0.0,0.016543085,0.08804048,-0.99597955,0.0,71.69553,-113.4823,51.77207,1.0
-0.9997859,0.013837071,-0.015383169,0.0,0.012429845,0.9960354,0.08808516,0.0,0.016541021,0.08787509,-0.99599415,0.0,71.698296,-113.577065,51.507248,1.0
-0.9997859,0.013837071,-0.015383169,0.0,0.012432466,0.9960493,0.08792726,0.0,0.01653905,0.08771719,-0.9960081,0.0,71.70105,-113.67237,51.242626,1.0
-0.9997859,0.013837071,-0.015383169,0.0,0.012434946,0.99606246,0.08777792,0.0,0.016537186,0.08756784,-0.9960213,0.0,71.70379,-113.76816,50.97818,1.0
-0.9997859,0.013837071,-0.015383169,0.0,0.012437265,0.99607474,0.08763823,0.0,0.016535442,0.087428145,-0.9960336,0.0,71.70653,-113.864365,50.713898,1.0
-0.9997859,0.013837071,-0.015383169,0.0,0.012439406,0.99608606,0.08750928,0.0,0.016533831,0.08729919,-0.99604493,0.0,71.70926,-113.96094,50.44975,1.0
-0.9997859,0.013837071,-0.015383169,0.0,0.012441349,0.9960963,0.08739219,0.0,0.016532369,0.08718209,-0.9960552,0.0,71.711975,-114.05783,50.185726,1.0
-0.9997859,0.013837071,-0.015383169,0.0,0.012443079,0.9961054,0.087288015,0.0,0.016531069,0.087077916,-0.99606436,0.0,71.71469,-114.15499,49.92181,1.0
-0.9997859,0.013837071,-0.015383169,0.0,0.012444575,0.9961133,0.0871978,0.0,0.016529942,0.0869877,-0.99607223,0.0,71.71741,-114.25238,49.657978,1.0
-0.9997859,0.013837071,-0.015383169,0.0,0.012445825,0.99611986,0.087122515,0.0,0.016529001,0.08691241,-0.99607885,0.0,71.72011,-114.349945,49.394226,1.0
-0.9997859,0.013837071,-0.015383169,0.0,0.012446812,0.99612504,0.08706301,0.0,0.016528256,0.08685289,-0.99608403,0.0,71.72282,-114.44764,49.130524,1.0
-0.9997859,0.013837071,-0.015383169,0.0,0.012447527,0.9961288,0.08701999,0.0,0.01652772,0.08680988,-0.9960878,0.0,71.725525,-114.545425,48.86687,1.0
-0.9997859,0.013837071,-0.015383169,0.0,0.012447958,0.99613106,0.08699398,0.0,0.016527394,0.08678387,-0.99609005,0.0,71.728226,-114.64325,48.603237,1.0
-0.9997859,0.013837071,-0.015383169,0.0,0.012448102,0.99613184,0.08698526,0.0,0.016527286,0.08677515,-0.9960908,0.0,71.73093,-114.74107,48.339615,1.0
-0.9997859,0.013837071,-0.015383169,0.0,0.012447961,0.99613106,0.08699381,0.0,0.016527392,0.0867837,-0.99609005,0.0,71.73363,-114.83886,48.07598,1.0
-0.9997859,0.013837071,-0.015383169,0.0,0.012447538,0.99612886,0.08701932,0.0,0.01652771,0.0868092,-0.99608785,0.0,71.736336,-114.93655,47.81233,1.0
-0.9997859,0.013837071,-0.015383169,0.0,0.012446845,0.9961252,0.08706107,0.0,0.016528232,0.08685096,-0.9960842,0.0,71.73904,-115.0341,47.54863,1.0
-0.9997859,0.013837071,-0.015383169,0.0,0.0124459,0.9961203,0.08711803,0.0,0.016528945,0.08690792,-0.9960792,0.0,71.74175,-115.13146,47.284874,1.0
-0.9997859,0.013837071,-0.015383169,0.0,0.012444725,0.9961141,0.087188765,0.0,0.016529828,0.08697867,-0.996073,0.0,71.74446,-115.2286,47.021034,1.0
-0.9997859,0.013837071,-0.015383169,0.0,0.0124433525,0.99610686,0.08727153,0.0,0.016530862,0.08706143,-0.9960658,0.0,71.747185,-115.32544,46.757095,1.0
-0.9997859,0.013837071,-0.015383169,0.0,0.012441813,0.99609876,0.087364264,0.0,0.01653202,0.08715417,-0.9960576,0.0,71.749916,-115.42194,46.49304,1.0
-0.9997859,0.013837071,-0.015383169,0.0,0.012440145,0.99608994,0.087464735,0.0,0.016533276,0.087254636,-0.9960488,0.0,71.75265,-115.51804,46.22884,1.0
-0.9997859,0.013837071,-0.015383169,0.0,0.012438389,0.99608064,0.08757055,0.0,0.016534597,0.08736046,-0.9960395,0.0,71.755394,-115.61368,45.964474,1.0
-0.9997859,0.013837071,-0.015383169,0.0,0.012436584,0.9960711,0.087679304,0.0,0.016535955,0.08746922,-0.99603,0.0,71.75814,-115.70878,45.69992,1.0
-0.9997859,0.013837071,-0.015383169,0.0,0.012434768,0.9960615,0.087788686,0.0,0.016537322,0.08757861,-0.9960203,0.0,71.76091,-115.803276,45.435146,1.0
-0.9997859,0.013837071,-0.015383169,0.0,0.012432977,0.996052,0.08789653,0.0,0.016538667,0.087686464,-0.99601084,0.0,71.76369,-115.89709,45.17013,1.0
-0.9997859,0.013837071,-0.015383169,0.0,0.0124312425,0.99604285,0.088000946,0.0,0.01653997,0.08779088,-0.9960016,0.0,71.76649,-115.99013,44.904842,1.0
-0.9997859,0.013837071,-0.015383169,0.0,0.012429592,0.996034,0.088100344,0.0,0.016541211,0.08789028,-0.99599284,0.0,71.769295,-116.08228,44.639244,1.0
-0.9997859,0.013837071,-0.015383169,0.0,0.012428044,0.9960258,0.08819351,0.0,0.016542373,0.08798345,-0.99598455,0.0,71.772125,-116.17346,44.3733,1.0
-0.9997859,0.013837071,-0.015383169,0.0,0.012426614,0.99601823,0.08827964,0.0,0.016543448,0.08806959,-0.9959769,0.0,71.77498,-116.26353,44.10698,1.0
-0.9997859,0.013837071,-0.015383169,0.0,0.012425307,0.99601126,0.08835832,0.0,0.01654443,0.088148266,-0.99596995,0.0,71.777855,-116.35233,43.840233,1.0
-0.9997859,0.013837071,-0.015383169,0.0,0.012424124,0.99600494,0.08842955,0.0,0.016545318,0.08821949,-0.99596363,0.0,71.78076,-116.43972,43.57301,1.0
-0.9997859,0.013837071,-0.015383169,0.0,0.012423058,0.9959993,0.08849372,0.0,0.016546119,0.08828367,-0.9959579,0.0,71.78369,-116.52549,43.30526,1.0
-0.9997859,0.013837071,-0.015383169,0.0,0.012422096,0.99599415,0.08855162,0.0,0.016546842,0.08834157,-0.9959528,0.0,71.78665,-116.60941,43.036926,1.0
-0.9997859,0.013837071,-0.015383169,0.0,0.012421216,0.99598944,0.08860458,0.0,0.016547501,0.08839453,-0.9959481,0.0,71.78966,-116.69121,42.767937,1.0
-0.9997859,0.013837071,-0.015383169,0.0,0.012420168,0.99598384,0.08866767,0.0,0.016548289,0.08845763,-0.9959425,0.0,71.79272,-116.77054,42.49821,1.0
-0.9997859,0.013837071,-0.015383169,0.0,0.012418788,0.99597645,0.088750705,0.0,0.016549325,0.088540666,-0.9959351,0.0,71.795815,-116.84699,42.22767,1.0
-0.9997859,0.013837071,-0.015383169,0.0,0.012417055,0.99596715,0.088855036,0.0,0.016550625,0.088645004,-0.9959258,0.0,71.79899,-116.92002,41.9562,1.0
-0.9997859,0.013837071,-0.015383169,0.0,0.012414984,0.99595606,0.08897958,0.0,0.016552178,0.08876955,-0.99591464,0.0,71.802216,-116.98966,41.683846,1.0
-0.9997859,0.013837071,-0.015383169,0.0,0.012412665,0.9959436,0.08911912,0.0,0.016553916,0.0889091,-0.9959022,0.0,71.80548,-117.05697,41.410915,1.0
-0.9997859,0.013837071,-0.015383169,0.0,0.012410085,0.9959298,0.08927436,0.0,0.016555851,0.089064345,-0.9958883,0.0,71.8088,-117.12158,41.137344,1.0
-0.9997859,0.013837071,-0.015383169,0.0,0.012407223,0.99591434,0.089446485,0.0,0.016557995,0.089236476,-0.99587286,0.0,71.81217,-117.182976,40.863045,1.0
-0.9997859,0.013837071,-0.015383169,0.0,0.012404057,0.9958973,0.08963691,0.0,0.016560368,0.089426905,-0.9958557,0.0,71.815605,-117.24049,40.58792,1.0
-0.9997859,0.013837071,-0.015383169,0.0,0.012400559,0.99587834,0.08984719,0.0,0.016562987,0.0896372,-0.99583673,0.0,71.819115,-117.29335,40.311874,1.0
-0.9997859,0.013837071,-0.015383169,0.0,0.012396705,0.9958575,0.09007893,0.0,0.016565872,0.08986894,-0.9958158,0.0,71.82272,-117.340614,40.034832,1.0
-0.9997859,0.013837071,-0.015383169,0.0,0.012392472,0.99583447,0.090333365,0.0,0.016569039,0.09012339,-0.99579275,0.0,71.82645,-117.38123,39.756752,1.0
-0.9997859,0.013837071,-0.015383169,0.0,0.012387853,0.9958093,0.09061094,0.0,0.016572492,0.09040098,-0.99576753,0.0,71.830284,-117.41411,39.47767,1.0
-0.9997859,0.013837071,-0.015383169,0.0,0.012382864,0.9957821,0.090910666,0.0,0.016576221,0.090700716,-0.99574023,0.0,71.83425,-117.43839,39.197723,1.0
-0.9997859,0.013837071,-0.015383169,0.0,0.012377551,0.99575293,0.091229744,0.0,0.016580189,0.09101981,-0.995711,0.0,71.83836,-117.45372,38.917156,1.0
-0.9997859,0.013837071,-0.015383169,0.0,0.012371987,0.99572235,0.09156387,0.0,0.01658434,0.09135395,-0.9956804,0.0,71.84258,-117.46063,38.636265,1.0
-0.9997859,0.013837071,-0.015383169,0.0,0.01236625,0.9956907,0.09190825,0.0,0.016588619,0.09169833,-0.9956486,0.0,71.84691,-117.4606,38.355297,1.0
-0.9997859,0.013837071,-0.015383169,0.0,0.01236041,0.99565834,0.092258714,0.0,0.016592972,0.092048824,-0.99561626,0.0,71.8513,-117.45575,38.074368,1.0
-0.9997859,0.013837071,-0.015383169,0.0,0.012354516,0.9956256,0.0926123,0.0,0.01659736,0.09240241,-0.9955834,0.0,71.85573,-117.44837,37.793495,1.0
-0.9997859,0.013837071,-0.015383169,0.0,0.012348603,0.9955926,0.09296691,0.0,0.01660176,0.092757046,-0.99555033,0.0,71.86015,-117.44041,37.512634,1.0
-0.9997859,0.013837071,-0.015383169,0.0,0.012342697,0.9955596,0.09332104,0.0,0.01660615,0.093111195,-0.9955172,0.0,71.86457,-117.4333,37.23175,1.0
-0.9997859,0.013837071,-0.015383169,0.0,0.012336818,0.99552655,0.09367344,0.0,0.01661052,0.09346361,-0.9954841,0.0,71.86897,-117.42793,36.950832,1.0
-0.9997859,0.013837071,-0.015383169,0.0,0.012330984,0.99549365,0.09402303,0.0,0.01661485,0.09381321,-0.99545115,0.0,71.87334,-117.42481,36.669872,1.0
-0.9997859,0.013837071,-0.015383169,0.0,0.0123252105,0.995461,0.094368875,0.0,0.016619133,0.094159074,-0.9954184,0.0,71.87767,-117.42418,36.388893,1.0
-0.9997859,0.013837071,-0.015383169,0.0,0.012319512,0.9954287,0.09471017,0.0,0.01662336,0.09450038,-0.995386,0.0,71.881966,-117.42609,36.107925,1.0
-0.9997859,0.013837071,-0.015383169,0.0,0.012313899,0.9953967,0.09504621,0.0,0.016627517,0.094836436,-0.995354,0.0,71.88622,-117.430466,35.826984,1.0
-0.9997859,0.013837071,-0.015383169,0.0,0.0123083815,0.9953652,0.09537644,0.0,0.016631601,0.09516668,-0.9953224,0.0,71.89046,-117.43721,35.546085,1.0
-0.9997859,0.013837071,-0.015383169,0.0,0.012302913,0.99533385,0.09570369,0.0,0.016635647,0.09549394,-0.995291,0.0,71.894684,-117.44401,35.26518,1.0
-0.9997859,0.013837071,-0.015383169,0.0,0.012297472,0.99530256,0.096029125,0.0,0.016639668,0.0958194,-0.99525964,0.0,71.89893,-117.449646,34.98425,1.0
-0.9997859,0.013837071,-0.015383169,0.0,0.012292075,0.99527144,0.09635192,0.0,0.016643656,0.0961422,-0.99522847,0.0,71.90319,-117.45434,34.703297,1.0
-0.9997859,0.013837071,-0.015383169,0.0,0.012286733,0.9952405,0.09667133,0.0,0.016647602,0.096461624,-0.9951975,0.0,71.90746,-117.45824,34.422333,1.0
-0.9997859,0.013837071,-0.015383169,0.0,0.012281457,0.99520993,0.09698664,0.0,0.016651493,0.09677695,-0.9951668,0.0,71.911736,-117.46147,34.141357,1.0
-0.9997859,0.013837071,-0.015383169,0.0,0.01227626,0.99517965,0.097297184,0.0,0.016655324,0.0970875,-0.9951365,0.0,71.91602,-117.464134,33.86037,1.0
-0.9997859,0.013837071,-0.015383169,0.0,0.012271154,0.99514985,0.097602285,0.0,0.016659088,0.097392626,-0.9951066,0.0,71.92031,-117.4663,33.579384,1.0
-0.9997859,0.013837071,-0.015383169,0.0,0.012266147,0.9951205,0.09790128,0.0,0.016662775,0.097691625,-0.99507725,0.0,71.924614,-117.468025,33.298386,1.0
-0.9997859,0.013837071,-0.015383169,0.0,0.012261254,0.9950918,0.098193474,0.0,0.016666375,0.09798384,-0.99504846,0.0,71.928925,-117.46937,33.017384,1.0
-0.9997859,0.013837071,-0.015383169,0.0,0.0122564845,0.9950637,0.09847817,0.0,0.016669882,0.09826854,-0.99502033,0.0,71.93323,-117.47036,32.736374,1.0
-0.9997859,0.013837071,-0.015383169,0.0,0.012251852,0.99503636,0.098754644,0.0,0.016673287,0.09854503,-0.9949929,0.0,71.937546,-117.47104,32.45536,1.0
-0.9997859,0.013837071,-0.015383169,0.0,0.01224737,0.99500984,0.09902216,0.0,0.01667658,0.09881256,-0.9949663,0.0,71.941864,-117.471436,32.174343,1.0
-0.9997859,0.013837071,-0.015383169,0.0,0.012243048,0.9949842,0.09927994,0.0,0.016679754,0.09907035,-0.99494064,0.0,71.94618,-117.47157,31.89332,1.0
-0.9997859,0.013837071,-0.015383169,0.0,0.012238903,0.9949596,0.09952719,0.0,0.016682796,0.0993176,-0.9949159,0.0,71.95051,-117.47149,31.61229,1.0
-0.9997859,0.013837071,-0.015383169,0.0,0.012234947,0.994936,0.09976307,0.0,0.016685698,0.0995535,-0.9948923,0.0,71.95484,-117.47118,31.331253,1.0
-0.9997859,0.013837071,-0.015383169,0.0,0.012231195,0.9949136,0.09998674,0.0,0.016688447,0.09977718,-0.9948698,0.0,71.95917,-117.47068,31.05021,1.0
-0.9997859,0.013837071,-0.015383169,0.0,0.012227663,0.9948924,0.10019731,0.0,0.016691037,0.09998776,-0.99484867,0.0,71.9635,-117.47001,30.769163,1.0
-0.9997859,0.013837071,-0.015383169,0.0,0.0122243725,0.9948727,0.10039342,0.0,0.016693447,0.10018388,-0.9948289,0.0,71.967834,-117.46917,30.488108,1.0
-0.9997859,0.013837071,-0.015383169,0.0,0.012221324,0.9948544,0.100575045,0.0,0.016695678,0.10036551,-0.9948105,0.0,71.972176,-117.46818,30.20704,1.0
-0.9997859,0.013837071,-0.015383169,0.0,0.012218495,0.9948374,0.10074361,0.0,0.016697748,0.10053408,-0.9947935,0.0,71.97652,-117.46706,29.925974,1.0
-0.9997859,0.013837071,-0.015383169,0.0,0.012215864,0.99482155,0.100900374,0.0,0.016699674,0.10069085,-0.9947776,0.0,71.98086,-117.465805,29.644897,1.0
-0.9997859,0.013837071,-0.015383169,0.0,0.012213412,0.99480677,0.10104644,0.0,0.016701467,0.10083693,-0.9947628,0.0,71.9852,-117.46445,29.363817,1.0
-0.9997859,0.013837071,-0.015383169,0.0,0.012211122,0.9947929,0.1011828,0.0,0.016703142,0.1009733,-0.9947489,0.0,71.98955,-117.462975,29.082731,1.0
-0.9997859,0.013837071,-0.015383169,0.0,0.0122089805,0.99477994,0.10131033,0.0,0.016704706,0.101100825,-0.99473596,0.0,71.99389,-117.46142,28.801638,1.0
-0.9997859,0.013837071,-0.015383169,0.0,0.012206974,0.9947678,0.101429775,0.0,0.016706172,0.10122028,-0.99472374,0.0,71.998245,-117.459785,28.520546,1.0
-0.9997859,0.013837071,-0.015383169,0.0,0.012205092,0.9947564,0.10154185,0.0,0.016707547,0.10133235,-0.99471235,0.0,72.002594,-117.45807,28.239449,1.0
-0.9997859,0.013837071,-0.015383169,0.0,0.012203324,0.9947457,0.10164715,0.0,0.01670884,0.101437666,-0.99470156,0.0,72.00694,-117.4563,27.958347,1.0
-0.9997859,0.013837071,-0.015383169,0.0,0.012201658,0.99473554,0.10174625,0.0,0.016710056,0.10153677,-0.99469143,0.0,72.01129,-117.45447,27.677244,1.0
-0.9997859,0.013837071,-0.015383169,0.0,0.012200089,0.994726,0.10183966,0.0,0.016711202,0.10163018,-0.9946819,0.0,72.01564,-117.45261,27.396135,1.0
-0.9997859,0.013837071,-0.015383169,0.0,0.012198608,0.994717,0.101927824,0.0,0.016712282,0.10171835,-0.99467283,0.0,72.02,-117.450714,27.115026,1.0
-0.9997859,0.013837071,-0.015383169,0.0,0.012197208,0.9947085,0.10201116,0.0,0.016713304,0.101801686,-0.9946643,0.0,72.024345,-117.44881,26.833916,1.0
-0.9997859,0.013837071,-0.015383169,0.0,0.012195882,0.9947004,0.102090046,0.0,0.016714271,0.10188058,-0.9946562,0.0,72.0287,-117.446884,26.552801,1.0
-0.9997859,0.013837071,-0.015383169,0.0,0.012194625,0.99469274,0.10216484,0.0,0.01671519,0.10195538,-0.9946485,0.0,72.03305,-117.44498,26.271683,1.0
-0.9997859,0.013837071,-0.015383169,0.0,0.012193432,0.9946855,0.10223587,0.0,0.01671606,0.1020264,-0.99464124,0.0,72.0374,-117.44311,25.990564,1.0
-0.9997859,0.013837071,-0.015383169,0.0,0.012192297,0.9946785,0.102303416,0.0,0.016716888,0.10209396,-0.9946343,0.0,72.04175,-117.44127,25.709444,1.0
-0.9997859,0.013837071,-0.015383169,0.0,0.012191215,0.99467194,0.10236777,0.0,0.016717676,0.10215832,-0.99462765,0.0,72.0461,-117.439514,25.428322,1.0
-0.9997859,0.013837071,-0.015383169,0.0,0.012190183,0.9946656,0.102429196,0.0,0.016718429,0.102219746,-0.99462134,0.0,72.05045,-117.43786,25.147196,1.0
-0.9997859,0.013837071,-0.015383169,0.0,0.0121891955,0.99465954,0.10248793,0.0,0.01671915,0.10227848,-0.9946153,0.0,72.0548,-117.43634,24.866068,1.0
-0.9997859,0.013837071,-0.015383169,0.0,0.012188249,0.99465376,0.102544196,0.0,0.016719839,0.10233475,-0.9946095,0.0,72.05914,-117.43501,24.584936,1.0
-0.9997859,0.013837071,-0.015383169,0.0,0.012187341,0.9946482,0.102598205,0.0,0.0167205,0.10238876,-0.99460393,0.0,72.06348,-117.43395,24.303804,1.0
-0.9997859,0.013837071,-0.015383169,0.0,0.012186469,0.99464285,0.10265013,0.0,0.016721137,0.102440685,-0.99459857,0.0,72.06781,-117.43326,24.02267,1.0
-0.9997859,0.013837071,-0.015383169,0.0,0.0121856285,0.9946377,0.10270008,0.0,0.016721748,0.10249064,-0.9945934,0.0,72.07214,-117.4331,23.741533,1.0
-0.9997859,0.013837071,-0.015383169,0.0,0.012184818,0.9946328,0.102748305,0.0,0.01672234,0.10253887,-0.99458843,0.0,72.07646,-117.43357,23.460394,1.0
-0.9997859,0.013837071,-0.015383169,0.0,0.01218402,0.99462783,0.102795735,0.0,0.016722921,0.10258631,-0.99458355,0.0,72.08078,-117.43429,23.179258,1.0
-0.9997859,0.013837071,-0.015383169,0.0,0.012183228,0.994623,0.10284288,0.0,0.016723499,0.102633454,-0.99457866,0.0,72.08509,-117.4353,22.89812,1.0
-0.9997859,0.013837071,-0.015383169,0.0,0.012182429,0.9946181,0.102890335,0.0,0.01672408,0.10268091,-0.9945738,0.0,72.08939,-117.436714,22.616985,1.0
-0.9997859,0.013837071,-0.015383169,0.0,0.012181614,0.9946131,0.10293886,0.0,0.016724674,0.10272943,-0.9945687,0.0,72.0937,-117.43875,22.335855,1.0
-0.9997859,0.013837071,-0.015383169,0.0,0.012180763,0.99460787,0.10298941,0.0,0.016725292,0.102779984,-0.9945635,0.0,72.09798,-117.441895,22.054735,1.0
-0.9997859,0.013837071,-0.015383169,0.0,0.01217988,0.99460244,0.10304191,0.0,0.016725935,0.10283248,-0.99455804,0.0,72.10221,-117.448105,21.773672,1.0
-0.9997859,0.013837071,-0.015383169,0.0,0.012178948,0.9945967,0.10309734,0.0,0.016726615,0.10288792,-0.9945523,0.0,72.10638,-117.459885,21.492826,1.0
