-0.9997859,0.013837071,-0.015383169,0.0,0.011587698,0.9903994,0.13774857,0.0,0.01714152,0.13754083,-0.99034774,0.0,71.45743,-109.273834,71.03254,1.0
-0.9997859,0.013837071,-0.015383169,0.0,0.011587114,0.9903948,0.13778234,0.0,0.017141914,0.1375746,-0.99034303,0.0,71.46119,-109.28247,70.78055,1.0
-0.9997859,0.013837071,-0.015383169,0.0,0.011586286,0.9903881,0.13783015,0.0,0.017142473,0.13762242,-0.9903364,0.0,71.465065,-109.282364,70.528404,1.0
-0.9997859,0.013837071,-0.015383169,0.0,0.011585384,0.9903809,0.1378823,0.0,0.017143084,0.13767457,-0.99032915,0.0,71.469,-109.278404,70.27629,1.0
-0.9997859,0.013837071,-0.015383169,0.0,0.011584472,0.99037355,0.13793495,0.0,0.017143698,0.13772722,-0.9903218,0.0,71.47295,-109.2732,70.02419,1.0
-0.9997859,0.013837071,-0.015383169,0.0,0.011583585,0.9903664,0.13798618,0.0,0.017144298,0.13777845,-0.99031466,0.0,71.4769,-109.2683,69.77209,1.0
-0.9997859,0.013837071,-0.015383169,0.0,0.011582744,0.99035966,0.13803475,0.0,0.017144866,0.13782702,-0.9903079,0.0,71.48083,-109.26469,69.519966,1.0
-0.9997859,0.013837071,-0.015383169,0.0,0.011581966,0.9903534,0.13807972,0.0,0.017145393,0.13787198,-0.99030167,0.0,71.48473,-109.263016,69.26782,1.0
-0.9997859,0.013837071,-0.015383169,0.0,0.011581264,0.99034774,0.13812023,0.0,0.017145867,0.13791251,-0.990296,0.0,71.4886,-109.26373,69.01567,1.0
-0.9997859,0.013837071,-0.015383169,0.0,0.011580653,0.99034286,0.13815555,0.0,0.01714628,0.13794783,-0.99029106,0.0,71.49243,-109.267166,68.763535,1.0
-0.9997859,0.013837071,-0.015383169,0.0,0.011580144,0.99033874,0.13818493,0.0,0.017146623,0.13797721,-0.99028695,0.0,71.496216,-109.27355,68.51145,1.0
-0.9997859,0.013837071,-0.015383169,0.0,0.01157975,0.9903356,0.13820767,0.0,0.01714689,0.13799995,-0.9902838,0.0,71.49997,-109.28305,68.25947,1.0
-0.9997859,0.013837071,-0.015383169,0.0,0.011579484,0.99033344,0.13822308,0.0,0.01714707,0.13801536,-0.99028164,0.0,71.50366,-109.29579,68.00762,1.0
-0.9997859,0.013837071,-0.015383169,0.0,0.011579355,0.99033237,0.1382305,0.0,0.017147155,0.1380228,-0.9902806,0.0,71.50732,-109.311844,67.75595,1.0
-0.9997859,0.013837071,-0.015383169,0.0,0.011579376,0.99033254,0.13822931,0.0,0.017147142,0.13802159,-0.99028075,0.0,71.51091,-109.331276,67.504524,1.0
-0.9997859,0.013837071,-0.015383169,0.0,0.011579556,0.99033403,0.13821886,0.0,0.01714702,0.13801114,-0.99028224,0.0,71.514465,-109.35413,67.25337,1.0
-0.9997859,0.013837071,-0.015383169,0.0,0.0115799075,0.99033684,0.1381986,0.0,0.017146783,0.13799088,-0.99028504,0.0,71.51796,-109.380424,67.002556,1.0
-0.9997859,0.013837071,-0.015383169,0.0,0.011580438,0.9903411,0.13816795,0.0,0.017146425,0.13796023,-0.99028933,0.0,71.5214,-109.41016,66.75212,1.0
-0.9997859,0.013837071,-0.015383169,0.0,0.011581157,0.9903469,0.1381264,0.0,0.01714594,0.13791868,-0.9902951,0.0,71.52479,-109.44334,66.502106,1.0
-0.9997859,0.013837071,-0.015383169,0.0,0.011582075,0.99035424,0.13807344,0.0,0.017145319,0.13786572,-0.9903025,0.0,71.52812,-109.47993,66.25256,1.0
-0.9997859,0.013837071,-0.015383169,0.0,0.011583197,0.9903633,0.13800864,0.0,0.01714456,0.1378009,-0.99031156,0.0,71.5314,-109.51994,66.00353,1.0
-0.9997859,0.013837071,-0.015383169,0.0,0.0115845315,0.990374,0.13793151,0.0,0.01714366,0.13772379,-0.9903223,0.0,71.53462,-109.56333,65.755066,1.0
-0.9997859,0.013837071,-0.015383169,0.0,0.011586087,0.9903865,0.1378417,0.0,0.017142609,0.13763396,-0.9903348,0.0,71.53779,-109.61007,65.50721,1.0
-0.9997859,0.013837071,-0.015383169,0.0,0.011587837,0.99040055,0.13774057,0.0,0.017141426,0.13753283,-0.9903489,0.0,71.54091,-109.65969,65.25989,1.0
-0.9997859,0.013837071,-0.015383169,0.0,0.0115896985,0.9904155,0.137633,0.0,0.017140167,0.13742524,-0.99036384,0.0,71.544,-109.71094,65.01291,1.0
-0.9997859,0.013837071,-0.015383169,0.0,0.011591657,0.9904312,0.13751982,0.0,0.017138842,0.13731205,-0.9903796,0.0,71.54707,-109.76358,64.76622,1.0
-0.9997859,0.013837071,-0.015383169,0.0,0.011593704,0.9904476,0.13740155,0.0,0.017137457,0.13719378,-0.99039596,0.0,71.55011,-109.81749,64.5198,1.0
-0.9997859,0.013837071,-0.015383169,0.0,0.011595831,0.99046457,0.13727862,0.0,0.017136019,0.13707085,-0.990413,0.0,71.55314,-109.872536,64.27362,1.0
-0.9997859,0.013837071,-0.015383169,0.0,0.011598032,0.9904822,0.13715142,0.0,0.017134529,0.13694365,-0.99043065,0.0,71.556145,-109.92865,64.02769,1.0
-0.9997859,0.013837071,-0.015383169,0.0,0.011600301,0.99050033,0.13702027,0.0,0.017132994,0.1368125,-0.9904488,0.0,71.559135,-109.985725,63.781975,1.0
-0.9997859,0.013837071,-0.015383169,0.0,0.011602632,0.9905189,0.1368855,0.0,0.017131414,0.1366777,-0.9904674,0.0,71.56211,-110.04369,63.53647,1.0
-0.9997859,0.013837071,-0.015383169,0.0,0.011605022,0.990538,0.1367473,0.0,0.017129796,0.1365395,-0.9904865,0.0,71.56507,-110.10251,63.291153,1.0
-0.9997859,0.013837071,-0.015383169,0.0,0.011607466,0.99055743,0.13660596,0.0,0.01712814,0.13639815,-0.990506,0.0,71.56802,-110.162094,63.046036,1.0
-0.9997859,0.013837071,-0.015383169,0.0,0.011609961,0.99057734,0.13646166,0.0,0.017126448,0.13625385,-0.9905259,0.0,71.57095,-110.22243,62.80109,1.0
-0.9997859,0.013837071,-0.015383169,0.0,0.011612504,0.99059755,0.1363146,0.0,0.017124724,0.13610679,-0.99054617,0.0,71.573875,-110.28345,62.556316,1.0
-0.9997859,0.013837071,-0.015383169,0.0,0.011615091,0.9906181,0.13616495,0.0,0.017122969,0.13595712,-0.99056673,0.0,71.57678,-110.34512,62.311707,1.0
-0.9997859,0.013837071,-0.015383169,0.0,0.01161772,0.990639,0.13601285,0.0,0.017121186,0.13580501,-0.99058765,0.0,71.57968,-110.40742,62.06725,1.0
-0.9997859,0.013837071,-0.015383169,0.0,0.011620388,0.99066013,0.13585845,0.0,0.017119374,0.1356506,-0.9906088,0.0,71.58257,-110.47031,61.822945,1.0
-0.9997859,0.013837071,-0.015383169,0.0,0.011623094,0.9906815,0.13570188,0.0,0.017117538,0.13549402,-0.99063027,0.0,71.58545,-110.53375,61.578785,1.0
-0.9997859,0.013837071,-0.015383169,0.0,0.011625835,0.9907032,0.13554324,0.0,0.017115677,0.13533539,-0.990652,0.0,71.58832,-110.59775,61.334763,1.0
-0.9997859,0.013837071,-0.015383169,0.0,0.011628609,0.99072516,0.13538268,0.0,0.017113792,0.13517481,-0.99067396,0.0,71.59118,-110.662254,61.090878,1.0
-0.9997859,0.013837071,-0.015383169,0.0,0.011631414,0.9907473,0.13522026,0.0,0.017111886,0.13501239,-0.99069613,0.0,71.59403,-110.727264,60.847122,1.0
-0.9997859,0.013837071,-0.015383169,0.0,0.011634249,0.9907696,0.1350561,0.0,0.017109958,0.1348482,-0.99071854,0.0,71.59687,-110.79275,60.603497,1.0
-0.9997859,0.013837071,-0.015383169,0.0,0.011637113,0.9907922,0.13489027,0.0,0.01710801,0.13468237,-0.99074113,0.0,71.59971,-110.858696,60.359997,1.0
-0.9997859,0.013837071,-0.015383169,0.0,0.011640004,0.9908149,0.13472286,0.0,0.017106043,0.13451496,-0.9907639,0.0,71.60253,-110.925095,60.11661,1.0
-0.9997859,0.013837071,-0.015383169,0.0,0.01164292,0.9908379,0.13455395,0.0,0.01710406,0.13434604,-0.99078685,0.0,71.605354,-110.99193,59.873344,1.0
-0.9997859,0.013837071,-0.015383169,0.0,0.011645861,0.99086094,0.1343836,0.0,0.017102057,0.13417569,-0.99081,0.0,71.60816,-111.05918,59.630203,1.0
-0.9997859,0.013837071,-0.015383169,0.0,0.011648824,0.9908842,0.1342119,0.0,0.017100038,0.13400397,-0.9908332,0.0,71.61096,-111.126854,59.38717,1.0
-0.9997859,0.013837071,-0.015383169,0.0,0.011651809,0.99090755,0.1340389,0.0,0.017098004,0.13383095,-0.99085665,0.0,71.61376,-111.194916,59.14424,1.0
-0.9997859,0.013837071,-0.015383169,0.0,0.011654817,0.9909311,0.13386464,0.0,0.017095955,0.1336567,-0.99088025,0.0,71.616554,-111.263374,58.901432,1.0
-0.9997859,0.013837071,-0.015383169,0.0,0.011657842,0.99095476,0.13368921,0.0,0.017093891,0.13348126,-0.9909039,0.0,71.61933,-111.332214,58.65872,1.0
-0.9997859,0.013837071,-0.015383169,0.0,0.011660889,0.9909785,0.13351266,0.0,0.017091814,0.1333047,-0.9909277,0.0,71.6221,-111.40143,58.416122,1.0
-0.9997859,0.013837071,-0.015383169,0.0,0.011663952,0.9910024,0.13333502,0.0,0.017089723,0.13312705,-0.99095166,0.0,71.62487,-111.471016,58.173622,1.0
-0.9997859,0.013837071,-0.015383169,0.0,0.011667033,0.99102634,0.13315637,0.0,0.01708762,0.13294838,-0.9909757,0.0,71.62763,-111.540955,57.931232,1.0
-0.9997859,0.013837071,-0.015383169,0.0,0.01167013,0.9910504,0.13297674,0.0,0.017085506,0.13276875,-0.99099976,0.0,71.63039,-111.61125,57.688942,1.0
-0.9997859,0.013837071,-0.015383169,0.0,0.011673243,0.9910746,0.13279618,0.0,0.017083379,0.1325882,-0.99102396,0.0,71.63314,-111.68191,57.44676,1.0
-0.9997859,0.013837071,-0.015383169,0.0,0.01167637,0.9910989,0.13261476,0.0,0.017081242,0.13240674,-0.9910483,0.0,71.63588,-111.75291,57.20467,1.0
-0.9997859,0.013837071,-0.015383169,0.0,0.0116795115,0.9911232,0.13243249,0.0,0.017079094,0.13222447,-0.99107265,0.0,71.63862,-111.82425,56.962685,1.0
-0.9997859,0.013837071,-0.015383169,0.0,0.011682666,0.99114764,0.13224943,0.0,0.017076936,0.13204141,-0.9910971,0.0,71.64134,-111.89593,56.7208,1.0
-0.9997859,0.013837071,-0.015383169,0.0,0.011685832,0.9911721,0.13206562,0.0,0.01707477,0.13185759,-0.9911216,0.0,71.644066,-111.96794,56.479008,1.0
-0.9997859,0.013837071,-0.015383169,0.0,0.01168901,0.99119663,0.13188113,0.0,0.017072594,0.13167308,-0.99114615,0.0,71.64678,-112.0403,56.237324,1.0
-0.9997859,0.013837071,-0.015383169,0.0,0.0116922,0.9912212,0.13169597,0.0,0.017070409,0.13148792,-0.99117076,0.0,71.6495,-112.112976,55.995728,1.0
-0.9997859,0.013837071,-0.015383169,0.0,0.011695399,0.9912458,0.13151021,0.0,0.017068218,0.13130215,-0.99119544,0.0,71.6522,-112.18599,55.754242,1.0
-0.9997859,0.013837071,-0.015383169,0.0,0.011698607,0.9912705,0.13132387,0.0,0.017066019,0.13111581,-0.9912202,0.0,71.6549,-112.25934,55.51285,1.0
-0.9997859,0.013837071,-0.015383169,0.0,0.011701824,0.99129516,0.13113703,0.0,0.017063813,0.13092895,-0.9912449,0.0,71.6576,-112.333015,55.271564,1.0
-0.9997859,0.013837071,-0.015383169,0.0,0.011705048,0.9913199,0.13094972,0.0,0.017061602,0.13074163,-0.99126965,0.0,71.66028,-112.40702,55.03038,1.0
-0.9997859,0.013837071,-0.015383169,0.0,0.011708279,0.99134463,0.130762,0.0,0.017059386,0.13055389,-0.99129444,0.0,71.662964,-112.48136,54.78929,1.0
-0.9997859,0.013837071,-0.015383169,0.0,0.0117115155,0.9913694,0.1305739,0.0,0.017057164,0.13036579,-0.99131924,0.0,71.665634,-112.55604,54.548306,1.0
-0.9997859,0.013837071,-0.015383169,0.0,0.01171479,0.9913944,0.1303836,0.0,0.017054915,0.13017549,-0.9913443,0.0,71.668304,-112.63141,54.30754,1.0
-0.9997859,0.013837071,-0.015383169,0.0,0.011718153,0.9914201,0.13018806,0.0,0.017052604,0.12997994,-0.99136996,0.0,71.67094,-112.708084,54.067184,1.0
-0.9997859,0.013837071,-0.015383169,0.0,0.011721596,0.9914463,0.12998788,0.0,0.017050238,0.12977974,-0.99139625,0.0,71.67355,-112.78594,53.82721,1.0
-0.9997859,0.013837071,-0.015383169,0.0,0.011725108,0.991473,0.12978369,0.0,0.017047822,0.12957554,-0.991423,0.0,71.67615,-112.864876,53.587574,1.0
-0.9997859,0.013837071,-0.015383169,0.0,0.011728678,0.99150014,0.12957606,0.0,0.017045368,0.1293679,-0.99145013,0.0,71.67872,-112.944786,53.34827,1.0
-0.9997859,0.013837071,-0.015383169,0.0,0.011732296,0.99152756,0.12936556,0.0,0.017042877,0.1291574,-0.99147767,0.0,71.681274,-113.02559,53.109264,1.0
-0.9997859,0.013837071,-0.015383169,0.0,0.011735954,0.9915553,0.12915275,0.0,0.017040357,0.12894456,-0.9915054,0.0,71.68382,-113.10721,52.87053,1.0
-0.9997859,0.013837071,-0.015383169,0.0,0.011739642,0.99158317,0.12893812,0.0,0.017037816,0.12872992,-0.99153334,0.0,71.68635,-113.18956,52.632046,1.0
-0.9997859,0.013837071,-0.015383169,0.0,0.011743353,0.9916112,0.1287222,0.0,0.01703526,0.128514,-0.99156135,0.0,71.68887,-113.27259,52.393803,1.0
-0.9997859,0.013837071,-0.015383169,0.0,0.011747074,0.9916392,0.12850554,0.0,0.017032694,0.12829731,-0.9915895,0.0,71.691376,-113.35624,52.15577,1.0
-0.9997859,0.013837071,-0.015383169,0.0,0.0117508,0.9916673,0.12828864,0.0,0.017030124,0.12808041,-0.99161756,0.0,71.69387,-113.440445,51.917934,1.0
-0.9997859,0.013837071,-0.015383169,0.0,0.011754518,0.9916952,0.12807208,0.0,0.017027557,0.12786384,-0.9916456,0.0,71.69635,-113.52516,51.680283,1.0
-0.9997859,0.013837071,-0.015383169,0.0,0.011758221,0.991723,0.12785645,0.0,0.017025001,0.12764819,-0.99167335,0.0,71.69883,-113.610344,51.442795,1.0
-0.9997859,0.013837071,-0.015383169,0.0,0.011761895,0.99175054,0.12764238,0.0,0.017022463,0.12743412,-0.99170095,0.0,71.701294,-113.69594,51.20546,1.0
-0.9997859,0.013837071,-0.015383169,0.0,0.01176553,0.9917777,0.12743062,0.0,0.01701995,0.12722234,-0.9917282,0.0,71.70376,-113.781906,50.96826,1.0
-0.9997859,0.013837071,-0.015383169,0.0,0.011769111,0.9918044,0.12722196,0.0,0.017017474,0.12701367,-0.99175495,0.0,71.70621,-113.86821,50.731182,1.0
-0.9997859,0.013837071,-0.015383169,0.0,0.011772621,0.99183065,0.12701736,0.0,0.017015047,0.12680908,-0.9917812,0.0,71.70866,-113.95481,50.494213,1.0
-0.9997859,0.013837071,-0.015383169,0.0,0.011776048,0.99185616,0.1268176,0.0,0.017012674,0.1266093,-0.99180675,0.0,71.7111,-114.04167,50.257347,1.0
-0.9997859,0.013837071,-0.015383169,0.0,0.0117794,0.9918811,0.12662219,0.0,0.017010354,0.12641387,-0.9918317,0.0,71.71353,-114.12875,50.02056,1.0
-0.9997859,0.013837071,-0.015383169,0.0,0.01178267,0.9919054,0.12643148,0.0,0.017008089,0.12622316,-0.99185604,0.0,71.71597,-114.21603,49.783848,1.0
-0.9997859,0.013837071,-0.015383169,0.0,0.011785851,0.99192894,0.12624602,0.0,0.017005885,0.12603769,-0.9918797,0.0,71.71841,-114.30345,49.5472,1.0
-0.9997859,0.013837071,-0.015383169,0.0,0.011788932,0.99195176,0.12606631,0.0,0.01700375,0.12585796,-0.99190253,0.0,71.72083,-114.391014,49.310593,1.0
-0.9997859,0.013837071,-0.015383169,0.0,0.0117919035,0.99197376,0.1258929,0.0,0.017001688,0.12568456,-0.9919246,0.0,71.72326,-114.47865,49.074028,1.0
-0.9997859,0.013837071,-0.015383169,0.0,0.011794758,0.99199486,0.12572634,0.0,0.016999708,0.125518,-0.9919457,0.0,71.725685,-114.56637,48.837486,1.0
-0.9997859,0.013837071,-0.015383169,0.0,0.011797485,0.99201494,0.12556721,0.0,0.016997816,0.12535885,-0.99196583,0.0,71.72811,-114.65409,48.60096,1.0
-0.9997859,0.013837071,-0.015383169,0.0,0.011800075,0.9920341,0.1254161,0.0,0.016996019,0.12520774,-0.99198496,0.0,71.73053,-114.74183,48.36444,1.0
-0.9997859,0.013837071,-0.015383169,0.0,0.011802516,0.992052,0.1252736,0.0,0.016994324,0.12506522,-0.99200296,0.0,71.732956,-114.82952,48.127903,1.0
-0.9997859,0.013837071,-0.015383169,0.0,0.0118048,0.9920688,0.12514031,0.0,0.016992738,0.12493193,-0.9920198,0.0,71.73538,-114.917145,47.891354,1.0
-0.9997859,0.013837071,-0.015383169,0.0,0.011806914,0.9920844,0.12501687,0.0,0.016991269,0.124808475,-0.9920353,0.0,71.737816,-115.00467,47.65477,1.0
-0.9997859,0.013837071,-0.015383169,0.0,0.011808849,0.99209857,0.12490388,0.0,0.016989924,0.12469548,-0.9920496,0.0,71.74024,-115.09206,47.418137,1.0
-0.9997859,0.013837071,-0.015383169,0.0,0.011810594,0.9921114,0.12480196,0.0,0.016988711,0.12459356,-0.9920624,0.0,71.742676,-115.179276,47.18145,1.0
-0.9997859,0.013837071,-0.015383169,0.0,0.011812139,0.9921227,0.12471174,0.0,0.016987637,0.12450333,-0.9920738,0.0,71.74512,-115.26628,46.94469,1.0
-0.9997859,0.013837071,-0.015383169,0.0,0.011813474,0.9921325,0.124633774,0.0,0.016986707,0.12442537,-0.99208355,0.0,71.74756,-115.353035,46.707848,1.0
-0.9997859,0.013837071,-0.015383169,0.0,0.01181459,0.99214065,0.12456865,0.0,0.016985932,0.12436023,-0.9920917,0.0,71.75001,-115.439514,46.470905,1.0
-0.9997859,0.013837071,-0.015383169,0.0,0.011815475,0.99214715,0.12451687,0.0,0.016985316,0.12430845,-0.9920982,0.0,71.752464,-115.52565,46.233852,1.0
-0.9997859,0.013837071,-0.015383169,0.0,0.011816125,0.9921519,0.12447891,0.0,0.016984863,0.12427049,-0.992103,0.0,71.75493,-115.61142,45.99667,1.0
-0.9997859,0.013837071,-0.015383169,0.0,0.011816532,0.9921549,0.12445516,0.0,0.01698458,0.12424675,-0.99210596,0.0,71.7574,-115.69676,45.75934,1.0
-0.9997859,0.013837071,-0.015383169,0.0,0.01181669,0.992156,0.12444595,0.0,0.016984472,0.12423754,-0.99210715,0.0,71.75988,-115.78163,45.521847,1.0
-0.9997859,0.013837071,-0.015383169,0.0,0.011816595,0.9921553,0.12445151,0.0,0.016984537,0.12424309,-0.99210644,0.0,71.76237,-115.86596,45.284172,1.0
-0.9997859,0.013837071,-0.015383169,0.0,0.011816245,0.99215275,0.12447195,0.0,0.016984781,0.124263525,-0.9921039,0.0,71.76487,-115.94969,45.046295,1.0
-0.9997859,0.013837071,-0.015383169,0.0,0.01181564,0.99214834,0.12450727,0.0,0.016985202,0.124298856,-0.99209946,0.0,71.76738,-116.03277,44.808193,1.0
-0.9997859,0.013837071,-0.015383169,0.0,0.011814782,0.9921421,0.12455738,0.0,0.016985798,0.12434897,-0.99209315,0.0,71.76991,-116.1151,44.56984,1.0
-0.9997859,0.013837071,-0.015383169,0.0,0.011813675,0.992134,0.12462203,0.0,0.016986568,0.124413624,-0.99208504,0.0,71.77245,-116.19661,44.331215,1.0
-0.9997859,0.013837071,-0.015383169,0.0,0.011812325,0.9921241,0.12470088,0.0,0.016987506,0.124492474,-0.99207515,0.0,71.77502,-116.27719,44.09228,1.0
-0.9997859,0.013837071,-0.015383169,0.0,0.0118107395,0.99211246,0.124793485,0.0,0.016988609,0.12458508,-0.99206346,0.0,71.777596,-116.35676,43.853016,1.0
-0.9997859,0.013837071,-0.015383169,0.0,0.011808927,0.99209917,0.1248993,0.0,0.01698987,0.124690905,-0.9920502,0.0,71.780205,-116.43517,43.61338,1.0
-0.9997859,0.013837071,-0.015383169,0.0,0.011806899,0.99208426,0.12501776,0.0,0.01699128,0.12480936,-0.99203527,0.0,71.78282,-116.51231,43.373333,1.0
-0.9997859,0.013837071,-0.015383169,0.0,0.011804664,0.9920678,0.12514825,0.0,0.016992832,0.12493987,-0.99201876,0.0,71.78548,-116.58799,43.13283,1.0
-0.9997859,0.013837071,-0.015383169,0.0,0.011802231,0.99204993,0.12529022,0.0,0.016994521,0.12508184,-0.9920009,0.0,71.788155,-116.662025,42.891827,1.0
-0.9997859,0.013837071,-0.015383169,0.0,0.01179961,0.9920306,0.12544318,0.0,0.01699634,0.12523481,-0.9919815,0.0,71.79088,-116.7342,42.65026,1.0
-0.9997859,0.013837071,-0.015383169,0.0,0.011796807,0.99200994,0.1256068,0.0,0.016998287,0.12539844,-0.9919608,0.0,71.79364,-116.80423,42.40807,1.0
-0.9997859,0.013837071,-0.015383169,0.0,0.011793822,0.99198794,0.12578098,0.0,0.017000359,0.12557262,-0.99193877,0.0,71.79644,-116.87179,42.165188,1.0
-0.9997859,0.013837071,-0.015383169,0.0,0.011790653,0.9919645,0.12596591,0.0,0.017002556,0.12575756,-0.9919153,0.0,71.79929,-116.93644,41.921524,1.0
-0.9997859,0.013837071,-0.015383169,0.0,0.0117873205,0.99193984,0.12616026,0.0,0.017004866,0.12595192,-0.9918906,0.0,71.8022,-116.9981,41.67709,1.0
-0.9997859,0.013837071,-0.015383169,0.0,0.011783866,0.9919142,0.12636171,0.0,0.01700726,0.1261534,-0.9918649,0.0,71.80516,-117.05693,41.431965,1.0
-0.9997859,0.013837071,-0.015383169,0.0,0.0117803,0.99188775,0.1265697,0.0,0.017009731,0.1263614,-0.99183846,0.0,71.80817,-117.11271,41.186134,1.0
-0.9997859,0.013837071,-0.015383169,0.0,0.011776628,0.99186045,0.12678377,0.0,0.017012274,0.12657547,-0.9918111,0.0,71.81124,-117.16519,40.93958,1.0
-0.9997859,0.013837071,-0.015383169,0.0,0.011772858,0.9918324,0.12700355,0.0,0.017014882,0.12679526,-0.99178296,0.0,71.81436,-117.21413,40.692307,1.0
-0.9997859,0.013837071,-0.015383169,0.0,0.011768995,0.9918036,0.12722872,0.0,0.017017554,0.12702043,-0.9917541,0.0,71.81755,-117.25925,40.44431,1.0
-0.9997859,0.013837071,-0.015383169,0.0,0.011765043,0.9917741,0.127459,0.0,0.017020287,0.12725073,-0.99172455,0.0,71.820816,-117.30027,40.195606,1.0
-0.9997859,0.013837071,-0.015383169,0.0,0.011761008,0.99174386,0.1276941,0.0,0.017023075,0.12748586,-0.9916943,0.0,71.82414,-117.33691,39.946224,1.0
-0.9997859,0.013837071,-0.015383169,0.0,0.011756895,0.99171305,0.12793365,0.0,0.017025916,0.12772541,-0.9916634,0.0,71.827545,-117.36891,39.696213,1.0
-0.9997859,0.013837071,-0.015383169,0.0,0.011752714,0.99168164,0.12817714,0.0,0.017028803,0.12796889,-0.991632,0.0,71.831024,-117.39604,39.445625,1.0
-0.9997859,0.013837071,-0.015383169,0.0,0.011748436,0.99164945,0.12842628,0.0,0.017031755,0.12821805,-0.99159974,0.0,71.83458,-117.41814,39.19455,1.0
-0.9997859,0.013837071,-0.015383169,0.0,0.0117438845,0.9916152,0.12869124,0.0,0.017034894,0.12848304,-0.9915654,0.0,71.83822,-117.4351,38.94309,1.0
-0.9997859,0.013837071,-0.015383169,0.0,0.011739063,0.99157876,0.12897184,0.0,0.017038217,0.12876365,-0.9915289,0.0,71.841934,-117.446976,38.69134,1.0
-0.9997859,0.013837071,-0.015383169,0.0,0.011734003,0.9915405,0.12926626,0.0,0.017041702,0.12905808,-0.9914906,0.0,71.84571,-117.45397,38.439423,1.0
-0.9997859,0.013837071,-0.015383169,0.0,0.011728739,0.99150056,0.1295725,0.0,0.017045325,0.12936434,-0.9914506,0.0,71.849556,-117.456474,38.187428,1.0
-0.9997859,0.013837071,-0.015383169,0.0,0.011723304,0.9914593,0.12988856,0.0,0.017049063,0.12968042,-0.99140924,0.0,71.85345,-117.45513,37.935425,1.0
-0.9997859,0.013837071,-0.015383169,0.0,0.011717733,0.9914169,0.13021247,0.0,0.017052893,0.13000435,-0.99136674,0.0,71.85738,-117.45077,37.683464,1.0
-0.9997859,0.013837071,-0.015383169,0.0,0.0117120575,0.99137354,0.13054238,0.0,0.017056791,0.13033427,-0.99132335,0.0,71.86134,-117.4444,37.431545,1.0
-0.9997859,0.013837071,-0.015383169,0.0,0.011706307,0.99132955,0.13087657,0.0,0.017060738,0.13066848,-0.9912793,0.0,71.865326,-117.437164,37.179657,1.0
-0.9997859,0.013837071,-0.015383169,0.0,0.011700509,0.9912851,0.13121341,0.0,0.017064715,0.13100533,-0.9912348,0.0,71.8693,-117.43025,36.927757,1.0
-0.9997859,0.013837071,-0.015383169,0.0,0.011694693,0.9912404,0.1315512,0.0,0.017068703,0.13134316,-0.99119,0.0,71.87325,-117.42482,36.675827,1.0
-0.9997859,0.013837071,-0.015383169,0.0,0.011688887,0.9911957,0.13188827,0.0,0.017072678,0.13168022,-0.9911452,0.0,71.87716,-117.42188,36.42385,1.0
-0.9997859,0.013837071,-0.015383169,0.0,0.011683125,0.99115115,0.13222274,0.0,0.01707662,0.13201472,-0.99110067,0.0,71.881035,-117.42228,36.171856,1.0
-0.9997859,0.013837071,-0.015383169,0.0,0.011677437,0.99110717,0.1325528,0.0,0.017080512,0.13234478,-0.99105656,0.0,71.88486,-117.42666,35.919895,1.0
-0.9997859,0.013837071,-0.015383169,0.0,0.011671856,0.99106383,0.1328766,0.0,0.017084327,0.13266861,-0.9910132,0.0,71.8886,-117.43545,35.668045,1.0
-0.9997859,0.013837071,-0.015383169,0.0,0.011666352,0.9910211,0.13319585,0.0,0.017088085,0.13298786,-0.9909704,0.0,71.89232,-117.44736,35.416317,1.0
-0.9997859,0.013837071,-0.015383169,0.0,0.011660787,0.9909777,0.13351853,0.0,0.017091883,0.13331057,-0.9909269,0.0,71.896034,-117.458374,35.164555,1.0
-0.9997859,0.013837071,-0.015383169,0.0,0.0116551565,0.9909338,0.13384491,0.0,0.017095722,0.13363697,-0.9908829,0.0,71.899765,-117.46831,34.912743,1.0
-0.9997859,0.013837071,-0.015383169,0.0,0.011649466,0.9908892,0.13417472,0.0,0.017099602,0.1339668,-0.9908383,0.0,71.90352,-117.477165,34.6609,1.0
-0.9997859,0.013837071,-0.015383169,0.0,0.011643718,0.99084413,0.13450772,0.0,0.017103516,0.1342998,-0.9907931,0.0,71.907295,-117.48501,34.409023,1.0
-0.9997859,0.013837071,-0.015383169,0.0,0.01163792,0.99079853,0.13484359,0.0,0.017107463,0.13463569,-0.99074745,0.0,71.91107,-117.49187,34.15712,1.0
-0.9997859,0.013837071,-0.015383169,0.0,0.011632075,0.9907525,0.13518205,0.0,0.017111437,0.13497417,-0.9907014,0.0,71.91487,-117.49782,33.905193,1.0
-0.9997859,0.013837071,-0.015383169,0.0,0.011626189,0.990706,0.1355228,0.0,0.017115436,0.13531493,-0.9906548,0.0,71.91867,-117.50292,33.65325,1.0
-0.9997859,0.013837071,-0.015383169,0.0,0.011620266,0.9906591,0.13586548,0.0,0.017119458,0.13565764,-0.99060786,0.0,71.922485,-117.50726,33.401295,1.0
-0.9997859,0.013837071,-0.015383169,0.0,0.011614315,0.9906119,0.1362098,0.0,0.017123496,0.13600197,-0.9905606,0.0,71.926315,-117.510925,33.14933,1.0
-0.9997859,0.013837071,-0.015383169,0.0,0.011608341,0.9905644,0.13655539,0.0,0.017127546,0.13634758,-0.99051297,0.0,71.93015,-117.51401,32.897358,1.0
-0.9997859,0.013837071,-0.015383169,0.0,0.011602348,0.99051666,0.13690189,0.0,0.017131606,0.1366941,-0.99046516,0.0,71.93399,-117.51661,32.645382,1.0
-0.9997859,0.013837071,-0.015383169,0.0,0.011596344,0.9904687,0.13724896,0.0,0.01713567,0.1370412,-0.9904171,0.0,71.937836,-117.518814,32.3934,1.0
-0.9997859,0.013837071,-0.015383169,0.0,0.011590335,0.9904206,0.13759625,0.0,0.017139737,0.1373885,-0.99036896,0.0,71.94169,-117.52074,32.14142,1.0
-0.9997859,0.013837071,-0.015383169,0.0,0.011584327,0.99037236,0.13794336,0.0,0.017143797,0.13773564,-0.9903206,0.0,71.94554,-117.52247,31.889433,1.0
-0.9997859,0.013837071,-0.015383169,0.0,0.011578326,0.9903241,0.13828994,0.0,0.01714785,0.13808222,-0.9902723,0.0,71.949394,-117.52411,31.637447,1.0
-0.9997859,0.013837071,-0.015383169,0.0,0.01157234,0.99027586,0.1386356,0.0,0.017151892,0.1384279,-0.990224,0.0,71.95325,-117.52575,31.385462,1.0
-0.9997859,0.013837071,-0.015383169,0.0,0.011566374,0.99022764,0.13897996,0.0,0.017155915,0.13877228,-0.9901757,0.0,71.95711,-117.52745,31.133474,1.0
-0.9997859,0.013837071,-0.015383169,0.0,0.011560436,0.99017954,0.13932261,0.0,0.017159916,0.13911495,-0.99012756,0.0,71.96095,-117.52932,30.88149,1.0
-0.9997859,0.013837071,-0.015383169,0.0,0.011554534,0.9901317,0.13966316,0.0,0.017163891,0.13945553,-0.9900796,0.0,71.964806,-117.5314,30.629503,1.0
-0.9997859,0.013837071,-0.015383169,0.0,0.011548673,0.990084,0.1400012,0.0,0.017167836,0.13979356,-0.99003184,0.0,71.96865,-117.53376,30.377522,1.0
-0.9997859,0.013837071,-0.015383169,0.0,0.011542862,0.9900366,0.14033623,0.0,0.017171742,0.14012863,-0.9899844,0.0,71.97249,-117.53645,30.12554,1.0
-0.9997859,0.013837071,-0.015383169,0.0,0.0115371095,0.98998964,0.14066784,0.0,0.01717561,0.14046025,-0.9899373,0.0,71.97632,-117.539536,29.873556,1.0
-0.9997859,0.013837071,-0.015383169,0.0,0.011531424,0.9899431,0.1409955,0.0,0.017179426,0.14078793,-0.9898907,0.0,71.98015,-117.54302,29.62158,1.0
-0.9997859,0.013837071,-0.015383169,0.0,0.011525804,0.98989695,0.14131926,0.0,0.017183198,0.1411117,-0.98984456,0.0,71.98398,-117.54665,29.369606,1.0
-0.9997859,0.013837071,-0.015383169,0.0,0.011520253,0.98985136,0.14163902,0.0,0.01718692,0.14143148,-0.98979884,0.0,71.98781,-117.55019,29.117624,1.0
-0.9997859,0.013837071,-0.015383169,0.0,0.011514779,0.98980623,0.14195415,0.0,0.017190587,0.14174664,-0.9897537,0.0,71.99163,-117.55365,28.86564,1.0
-0.9997859,0.013837071,-0.015383169,0.0,0.011509398,0.9897618,0.14226395,0.0,0.017194191,0.14205645,-0.9897092,0.0,71.99546,-117.55705,28.613651,1.0
-0.9997859,0.013837071,-0.015383169,0.0,0.011504122,0.9897182,0.1425676,0.0,0.01719772,0.1423601,-0.9896655,0.0,71.99929,-117.560394,28.36166,1.0
-0.9997859,0.013837071,-0.015383169,0.0,0.011498969,0.9896755,0.14286414,0.0,0.017201167,0.14265667,-0.9896228,0.0,72.00313,-117.56369,28.109665,1.0
-0.9997859,0.013837071,-0.015383169,0.0,0.011493957,0.9896339,0.14315245,0.0,0.017204516,0.14294499,-0.9895811,0.0,72.00696,-117.56695,27.857664,1.0
-0.9997859,0.013837071,-0.015383169,0.0,0.01148911,0.9895936,0.14343119,0.0,0.017207753,0.14322373,-0.98954076,0.0,72.01079,-117.57016,27.605656,1.0
-0.9997859,0.013837071,-0.015383169,0.0,0.011484458,0.9895548,0.14369869,0.0,0.017210858,0.14349125,-0.9895019,0.0,72.014626,-117.57334,27.353643,1.0
-0.9997859,0.013837071,-0.015383169,0.0,0.011480036,0.9895179,0.14395289,0.0,0.017213808,0.14374547,-0.989465,0.0,72.01846,-117.5765,27.10162,1.0
-0.9997859,0.013837071,-0.015383169,0.0,0.011475894,0.98948336,0.14419098,0.0,0.01721657,0.14398357,-0.9894303,0.0,72.02229,-117.57963,26.84959,1.0
-0.9997859,0.013837071,-0.015383169,0.0,0.011472047,0.98945117,0.144412,0.0,0.017219134,0.14420462,-0.98939806,0.0,72.02612,-117.58273,26.597551,1.0
-0.9997859,0.013837071,-0.015383169,0.0,0.011468501,0.9894214,0.14461577,0.0,0.017221496,0.14440838,-0.9893683,0.0,72.02997,-117.58581,26.345503,1.0
-0.9997859,0.013837071,-0.015383169,0.0,0.011465256,0.9893942,0.14480214,0.0,0.017223656,0.14459477,-0.989341,0.0,72.0338,-117.58887,26.093441,1.0
-0.9997859,0.013837071,-0.015383169,0.0,0.011462315,0.9893695,0.14497109,0.0,0.017225614,0.14476374,-0.9893163,0.0,72.037636,-117.59191,25.841373,1.0
-0.9997859,0.013837071,-0.015383169,0.0,0.011459676,0.9893473,0.14512268,0.0,0.01722737,0.14491533,-0.98929405,0.0,72.04147,-117.594925,25.589298,1.0
-0.9997859,0.013837071,-0.015383169,0.0,0.011457335,0.9893276,0.14525706,0.0,0.017228926,0.1450497,-0.9892743,0.0,72.04531,-117.59794,25.337208,1.0
-0.9997859,0.013837071,-0.015383169,0.0,0.011455289,0.9893104,0.14537455,0.0,0.017230287,0.14516722,-0.9892571,0.0,72.04915,-117.60093,25.085112,1.0
-0.9997859,0.013837071,-0.015383169,0.0,0.011453528,0.98929554,0.14547564,0.0,0.017231457,0.1452683,-0.98924226,0.0,72.052986,-117.60391,24.833004,1.0
-0.9997859,0.013837071,-0.015383169,0.0,0.011452042,0.989283,0.145561,0.0,0.017232446,0.14535366,-0.9892297,0.0,72.05683,-117.60688,24.58089,1.0
-0.9997859,0.013837071,-0.015383169,0.0,0.011450813,0.98927265,0.14563146,0.0,0.017233262,0.14542414,-0.9892193,0.0,72.06066,-117.60984,24.32877,1.0
-0.9997859,0.013837071,-0.015383169,0.0,0.011449825,0.9892643,0.14568819,0.0,0.017233917,0.14548087,-0.98921096,0.0,72.06451,-117.612785,24.076637,1.0
-0.9997859,0.013837071,-0.015383169,0.0,0.011449052,0.98925775,0.14573255,0.0,0.017234432,0.14552523,-0.9892044,0.0,72.068344,-117.61573,23.8245,1.0
-0.9997859,0.013837071,-0.015383169,0.0,0.011448466,0.9892528,0.14576621,0.0,0.01723482,0.1455589,-0.98919946,0.0,72.07218,-117.618675,23.57236,1.0
-0.9997859,0.013837071,-0.015383169,0.0,0.011448031,0.98924917,0.14579117,0.0,0.01723511,0.14558385,-0.98919576,0.0,72.07602,-117.62162,23.32021,1.0
-0.9997859,0.013837071,-0.015383169,0.0,0.011447706,0.9892464,0.14580983,0.0,0.017235326,0.14560251,-0.989193,0.0,72.07986,-117.624565,23.068058,1.0
-0.9997859,0.013837071,-0.015383169,0.0,0.011447438,0.98924416,0.14582519,0.0,0.017235503,0.14561789,-0.98919076,0.0,72.083694,-117.62752,22.815905,1.0
-0.9997859,0.013837071,-0.015383169,0.0,0.011447149,0.9892417,0.1458418,0.0,0.017235696,0.14563449,-0.9891883,0.0,72.08753,-117.630486,22.563751,1.0
-0.9997859,0.013837071,-0.015383169,0.0,0.011446688,0.9892378,0.14586826,0.0,0.017236002,0.14566094,-0.98918444,0.0,72.09137,-117.63348,22.311605,1.0
-0.9997859,0.013837071,-0.015383169,0.0,0.011445682,0.9892293,0.145926,0.0,0.01723667,0.1457187,-0.9891759,0.0,72.09521,-117.63654,22.059479,1.0
