-0.9766353883104338,-0.05519387446529991,-0.20769437768543114,0.0,-0.0350919038074539,0.99444284418,-0.09925718082823015,0.0,-0.21201857604416297,0.08964968421780008,0.9731449314111043,0.0,161.5209934543364,-93.21678968200001,133.0859025049108,1.0
-0.9766806130965657,-0.05681110982569991,-0.20704462756077308,0.0,-0.03607576973133667,0.994069828885,-0.1025851555498308,0.0,-0.21164479403006148,0.09272363830890008,0.9729382344524834,0.0,161.49769764081879,-92.92608328440001,132.12559462409465,1.0
-0.976984702330065,-0.05720166552289991,-0.20549662010522818,0.0,-0.036470660311063156,0.993982217839,-0.1032920207739474,0.0,-0.2101684618334781,0.09342012674190009,0.9731916037298156,0.0,161.47826152892517,-92.72296111550001,130.97735564899327,1.0
-0.9770965265056366,-0.05743653856359991,-0.20489856497483305,0.0,-0.036551670617770524,0.993874351576,-0.1042964460285013,0.0,-0.20963385524755573,0.09441831028410008,0.9732105781466942,0.0,161.5012552670523,-92.52463819530001,130.21235751248543,1.0
-0.9772166565361622,-0.05918928496869991,-0.20382402884321804,0.0,-0.03816717089661467,0.993679215168,-0.10556933460170105,0.0,-0.20878427444361863,0.09538472565060008,0.9732989678702484,0.0,161.36154980816877,-92.30179343560002,129.23905954700444,1.0
-0.9769411080786319,-0.06124568512409991,-0.20453615181682844,0.0,-0.040156007531223434,0.993585231451,-0.10571604845459773,0.0,-0.20969875155894507,0.09506499826590008,0.9731336391781441,0.0,161.03475868148888,-92.04793238610002,128.4482823011322,1.0
-0.9775000051475178,-0.06175956651909991,-0.20169158604233978,0.0,-0.041252416637395636,0.993685330365,-0.10434415335556918,0.0,-0.20686221998840654,0.09367614510220008,0.97387514691559,0.0,161.01013046149143,-91.71179247040001,127.75439726799655,1.0
-0.9774469440255189,-0.06349757784889991,-0.20140886083713144,0.0,-0.042853550043984306,0.993521571361,-0.10525426589067657,0.0,-0.2067874388471297,0.09424937584300008,0.9738357203797293,0.0,160.79406427713226,-91.35461434100002,126.73953132528898,1.0
-0.9773930923030241,-0.0655974308121999,-0.20099681636569527,0.0,-0.04459403570735219,0.99322598421,-0.10730105437467498,0.0,-0.20667393424777947,0.09591205013650009,0.9736974702346968,0.0,160.62572445400954,-90.96945733050002,125.50123951450325,1.0
-0.9772257862991305,-0.0669454734736999,-0.20136550393254,0.0,-0.04603565538663024,0.993215179561,-0.10679103671617571,0.0,-0.20714845166175883,0.09508896187900008,0.9736773635566083,0.0,160.46024917302233,-90.61828784440002,124.64195941803669,1.0
-0.9779357125811147,-0.0670045731762999,-0.19786896985656516,0.0,-0.04639061714589414,0.993171799212,-0.10704058992376482,0.0,-0.20369008984126824,0.09549955195680009,0.9743665546786544,0.0,160.62943729086805,-90.17372476800001,123.55622336478243,1.0
-0.9773699836207382,-0.0675438794770999,-0.20046381085588022,0.0,-0.04689990154474996,0.993259030714,-0.10600423171128527,0.0,-0.20627242751416758,0.09420362121870009,0.9739493638768932,0.0,160.51265081661256,-89.89367979300002,122.85819478013508,1.0
-0.9770225696067277,-0.0677261724087999,-0.2020892477343526,0.0,-0.047337992592283926,0.993442595118,-0.10407172844815518,0.0,-0.20781244653931635,0.09211392823970008,0.9738218580867133,0.0,160.4165060382375,-89.58786198670002,122.46234869950698,1.0
-0.977561800866249,-0.0675364250256999,-0.1995288369668729,0.0,-0.04738504956774658,0.99343716469,-0.104102146419907,0.0,-0.20525004887780368,0.09231159789880009,0.9743464406096488,0.0,160.6335337345401,-89.13063429940001,121.44297907675278,1.0
-0.9776834357331784,-0.06824821250879991,-0.19868890503036613,0.0,-0.04781983680540441,0.993230373255,-0.1058616495794129,0.0,-0.20456872366224915,0.09399791025990008,0.9743285021834671,0.0,160.60568187200923,-88.53794113030001,120.12204783416385,1.0
-0.9778497399840589,-0.0688990509874999,-0.197643129872406,0.0,-0.048423339114412815,0.993119190705,-0.10662763845410059,0.0,-0.20362972828630976,0.09469526823580009,0.9744576645146661,0.0,160.6204435475059,-88.06997844170002,119.23699698992891,1.0
-0.9775112021683733,-0.0697406728721999,-0.1990178087093552,0.0,-0.04900975430053878,0.993022423015,-0.1072590852668007,0.0,-0.20510946740577585,0.09509314347640008,0.9741085157438037,0.0,160.67569894832047,-87.71311291350001,118.37257181933234,1.0
-0.9773478382554517,-0.0694193720494999,-0.19993037248405182,0.0,-0.04856636591178294,0.99303070042,-0.10738405899378949,0.0,-0.20599153176662327,0.09524168629340009,0.9739078550012701,0.0,160.83745502817482,-87.26466899010002,117.56382579887324,1.0
-0.9772405246933731,-0.0694188283814999,-0.20045444161419051,0.0,-0.04859752793424343,0.993071823387,-0.10698894276655767,0.0,-0.20649270489676141,0.09481234023940008,0.9738436131964827,0.0,160.90049671520606,-86.91955527170002,117.0538548366062,1.0
-0.9768582419964144,-0.0696055156296999,-0.2022450178302035,0.0,-0.047972494631676424,0.992776788209,-0.10996767048748904,0.0,-0.20843851563983096,0.09772062723650009,0.9731413382495729,0.0,161.01252428611002,-86.44688121230001,115.72919317606039,1.0
-0.9772429278066701,-0.0697686990292999,-0.20032121377451706,0.0,-0.04816463225351672,0.992678420439,-0.11076877625996188,0.0,-0.2065827394823329,0.09859960562740008,0.9734483496918345,0.0,161.1647565794516,-86.13323189220002,114.7687821776807,1.0
-0.9769867776955055,-0.0698962315992999,-0.20152258686361568,0.0,-0.04827011928587149,0.992725195537,-0.11030268233314003,0.0,-0.20776629127964696,0.09803674287700008,0.9732532893614969,0.0,161.15178359000902,-85.89535505360001,114.12180298304014,1.0
-0.9769080224097908,-0.0689529144198999,-0.20222811709539318,0.0,-0.04728135807572207,0.992794604315,-0.11010607077280793,0.0,-0.20836311796834178,0.09800188383670008,0.9731292009973647,0.0,161.36875816594053,-85.61256619350002,113.44374358270424,1.0
-0.976516367425359,-0.0696535313982999,-0.20387292540931956,0.0,-0.04744599738979595,0.992590432832,-0.11186201312890717,0.0,-0.21015389951845886,0.09956213242700009,0.9725855850793048,0.0,161.3336651491279,-85.38671509440002,112.5097308007939,1.0
-0.9757900589681094,-0.0702443143999999,-0.20712193778739646,0.0,-0.04790072008067534,0.992666653924,-0.11098844625646473,0.0,-0.2133993482517042,0.09838013255270009,0.9719990060099639,0.0,161.1631093863015,-85.20096893400002,112.17218392825487,1.0
-0.977132755988368,-0.0672352643006999,-0.2017200942136556,0.0,-0.044213038046496976,0.992201153045,-0.11654217761130885,0.0,-0.20798265418530326,0.10495852099800008,0.972484922468027,0.0,162.04159130810416,-84.79894961160001,110.23223484874788,1.0
-0.9769457162877417,-0.0659983599451999,-0.20303025368513855,0.0,-0.042558816121824994,0.992133950535,-0.11772413247298259,0.0,-0.2092028073360414,0.10636935968900009,0.9720698250239336,0.0,162.2697494667264,-84.47021906050001,109.11136659584295,1.0
-0.9775303277869013,-0.0645212257686999,-0.20067752660037186,0.0,-0.04156193095118357,0.992310107913,-0.11659011806371967,0.0,-0.206656875406738,0.10562983082300008,0.9726948517840989,0.0,162.60481981129814,-84.17044118540001,108.3072257747508,1.0
-0.9778274405751071,-0.0636074490739999,-0.19951839233512259,0.0,-0.04094091099341808,0.992434938995,-0.11574425976335556,0.0,-0.20537122063449387,0.10500944854300008,0.9730342632466189,0.0,162.73097055745637,-83.88789980550001,107.47674529930956,1.0
-0.9781170261235956,-0.06241376742129991,-0.1984731841942426,0.0,-0.04003099503664767,0.992575512129,-0.11485369893541159,0.0,-0.20416807449836494,0.10439527939000008,0.9733534933393244,0.0,162.87781268491125,-83.63219933280001,106.56838982695294,1.0
-0.9779928843879007,-0.06147452403029991,-0.199376029106679,0.0,-0.03934745533919882,0.992803528871,-0.11310583902083991,0.0,-0.20489435288723867,0.10277176634400008,0.973373652919356,0.0,162.83346703011787,-83.34765678350001,106.12483645435587,1.0
-0.9785731516783804,-0.06072610525279991,-0.19674076078976038,0.0,-0.03889843016362178,0.992836497943,-0.11297168000806294,0.0,-0.20219173807519886,0.10289814621200008,0.973925291057097,0.0,162.9786993285264,-83.00838483560001,105.30002085069947,1.0
-0.9784032863878013,-0.06067940642899991,-0.19759812453803483,0.0,-0.03876299350373978,0.992843898869,-0.1129531885885399,0.0,-0.20303802481299715,0.10285427610500009,0.9737538489614588,0.0,162.87939846516906,-82.67096681410001,104.61971193972903,1.0
-0.9788154105653097,-0.05928026829259991,-0.1959751051305071,0.0,-0.03768610557515943,0.992977762482,-0.11213795371018112,0.0,-0.20124648937626816,0.10237681869900009,0.9741759787154335,0.0,162.98638597730957,-82.38582330730002,104.21434511153184,1.0
-0.9799426536690286,-0.05758441941199991,-0.1907784845346296,0.0,-0.03598997849068282,0.992738412829,-0.11478312219857398,0.0,-0.196002849389681,0.10561476380900009,0.9748991766828021,0.0,163.41137392248908,-82.11665873100002,103.33156497338705,1.0
-0.9791331909371495,-0.06114262439399991,-0.19380344137018163,0.0,-0.03877920189741964,0.992356097994,-0.11715608509510249,0.0,-0.19948525736246026,0.10719586865600009,0.9740198549512655,0.0,163.20982662529366,-81.58539123360002,102.53428682151642,1.0
-0.9789123464121194,-0.06302746194639991,-0.19431458278425628,0.0,-0.04007313685027743,0.991979647789,-0.11987711239554141,0.0,-0.20031166152969287,0.10956239050800008,0.9735868327180319,0.0,163.28322806534584,-81.32172790890002,101.64338770163546,1.0
-0.9784950543721564,-0.0642945339734999,-0.19599398324944595,0.0,-0.04116490324829429,0.991934260971,-0.11988274542890308,0.0,-0.2021209521779646,0.10923660014900008,0.9732494468935662,0.0,163.13005270617776,-81.19773186230002,101.20986252468879,1.0
-0.9788674656009955,-0.0637485827633999,-0.19430543735110456,0.0,-0.040651184833852966,0.991865579249,-0.120624018640307,0.0,-0.20041448540574786,0.11017618116900009,0.9734964011964736,0.0,163.2682226025629,-81.11049024710002,100.47005303250438,1.0
-0.9791852506593843,-0.06240113587149991,-0.19313814520612038,0.0,-0.04068174766155257,0.992595989453,-0.11444735527630566,0.0,-0.19884979330844532,0.10420796497700008,0.9744739399992031,0.0,163.18365376839654,-80.83314934300002,99.81942553999139,1.0
-0.980037154620388,-0.06032635997929991,-0.18944103529974776,0.0,-0.03973549654988141,0.993062473179,-0.11067074897137272,0.0,-0.19480314647719887,0.10093391231700008,0.9756352184432093,0.0,163.492345980498,-80.67600986330001,99.1337576560519,1.0
-0.9803043622100505,-0.05928429390389991,-0.18838452677721135,0.0,-0.038768064246560714,0.993088065709,-0.11078416376293787,0.0,-0.19365018623158242,0.10129889556300008,0.9758269001877244,0.0,163.67480276729432,-80.42827127270002,97.87741501916892,1.0
-0.9810895058212287,-0.05963389785219991,-0.18413902300500995,0.0,-0.03975824129056617,0.993157614678,-0.10980544001384365,0.0,-0.18942719925036372,0.10040792117200008,0.9767474522868971,0.0,163.70330846672786,-80.25709688260001,96.65748990369306,1.0
-0.9808469638781429,-0.06046764119469991,-0.18515641447261888,0.0,-0.04077066835409935,0.993270950484,-0.1084000531632409,0.0,-0.19046518331147538,0.09877491226150008,0.9767121022356049,0.0,163.5300157770023,-80.15841368200002,95.86049514450814,1.0
-0.9813285785055831,-0.06087796750079991,-0.18245025097501388,0.0,-0.041180309327310205,0.993092390905,-0.10987122120730407,0.0,-0.18787869259550355,0.10030641155400008,0.9770569178249734,0.0,163.5459240653162,-80.07108892630002,94.56719010372925,1.0
-0.9816562660538142,-0.06207708313789991,-0.1802703832195578,0.0,-0.04242694602942447,0.992927183498,-0.1108853575595461,0.0,-0.18587880343882557,0.10120298424200008,0.9773469324718458,0.0,163.35715900169197,-79.95674107030001,93.16077438443813,1.0
-0.9819050698527307,-0.0638993106977999,-0.17826752898239734,0.0,-0.04431937994830588,0.992749347459,-0.11173417418241537,0.0,-0.1841147097817986,0.10181164575600009,0.9776175951931265,0.0,163.10524922319922,-79.77135794120001,91.92367871256532,1.0
-0.982361254709006,-0.06408924575649991,-0.17566711082110947,0.0,-0.045054484798584093,0.992878543699,-0.11028277681618756,0.0,-0.181484045153746,0.10042293583200008,0.9782529199105878,0.0,163.13355221768512,-79.58312103740002,91.07955438082122,1.0
-0.9824739915228162,-0.0644635373305999,-0.1748979940885121,0.0,-0.045803696473148456,0.993018104129,-0.10870633036055678,0.0,-0.18068446909088098,0.09879016765830008,0.978567128715986,0.0,163.0584126791051,-79.41878546700002,90.06944175954331,1.0
-0.9835060806362148,-0.06383403721139991,-0.16923653578685732,0.0,-0.04567384327832261,0.992979806663,-0.10911005270159328,0.0,-0.17501339774958458,0.09958071727770008,0.9795172236124592,0.0,163.3282893824532,-79.24362076610001,88.80323638972138,1.0
-0.9834316407155854,-0.06382012912019991,-0.16967380221421602,0.0,-0.04566566856976107,0.993011274079,-0.10882672588502763,0.0,-0.17543333421242424,0.09927537797410008,0.9794730953808701,0.0,163.38102764173667,-79.13474402450001,88.05451237330311,1.0
-0.983438660275024,-0.0640192051915999,-0.16955808103181025,0.0,-0.04586448585591863,0.992993513998,-0.10890514264927548,0.0,-0.17534209538422785,0.09932483337480008,0.9794844189989291,0.0,163.46082964914208,-79.03878123650001,87.23930677007529,1.0
-0.9832204841146266,-0.06466430475059991,-0.17057551790300163,0.0,-0.046646847294937246,0.99309933577,-0.10760009725733842,0.0,-0.17635631900844084,0.09783780958040009,0.9794519956395557,0.0,163.40824075264533,-78.93364032880001,86.63113678862895,1.0
-0.9838393390597231,-0.0638320329257999,-0.16728905071842387,0.0,-0.04575905251333055,0.992905585764,-0.10974792422370111,0.0,-0.17310766600832067,0.10031933677500009,0.9797804685939249,0.0,163.87852279947748,-78.73749342760001,85.48940384742973,1.0
-0.9839225745593769,-0.0647818989985999,-0.16643218689481765,0.0,-0.04625215072200543,0.992529781177,-0.1128954030502472,0.0,-0.1725024806377527,0.10338248903200008,0.979568759779746,0.0,164.02083954611317,-78.55946819290001,84.18389203637057,1.0
-0.9833975746200934,-0.0663010766607999,-0.16891825675400818,0.0,-0.04787879236488253,0.992678439167,-0.11089245986421764,0.0,-0.17503380094415733,0.10096377393200008,0.9793719849368223,0.0,163.88646624292363,-78.38431299090001,83.81334965966553,1.0
-0.9835409613083961,-0.0668685094476999,-0.1678564263652772,0.0,-0.04836205279020958,0.992528687656,-0.11201748090757144,0.0,-0.17409276055531586,0.10205589950200009,0.9794265179682702,0.0,164.0033840754386,-78.19111823510002,82.96403534389222,1.0
-0.9836112948825088,-0.0676315937748999,-0.16713703390711843,0.0,-0.048785896675817814,0.992236362659,-0.11439815078652232,0.0,-0.17357637185261804,0.10436938316000008,0.9792743614497972,0.0,164.0920713232024,-77.99118526070001,81.89465359500255,1.0
-0.9841685366173891,-0.0673828567617999,-0.16392633146202923,0.0,-0.04906003064617373,0.992341449761,-0.11336472325625933,0.0,-0.17030973232617558,0.10352776294600008,0.9799370374536083,0.0,164.2304543381155,-77.93831816960001,81.35134083373663,1.0
-0.9842591749052032,-0.0669343935984999,-0.16356547180763403,0.0,-0.04873396374633232,0.992415145049,-0.11285911861906756,0.0,-0.1698790080960052,0.10311142920000008,0.9800556901403146,0.0,164.35020272405671,-77.84856687450001,80.74458634631122,1.0
-0.9843126265976606,-0.0658489106119999,-0.16368437338872083,0.0,-0.04805606819281727,0.992726781933,-0.11038184064215445,0.0,-0.16976238520409503,0.10078421208100008,0.9803179459564285,0.0,164.53260571108865,-77.80769729380002,80.22981364730279,1.0
-0.9846495153074344,-0.0649571648186999,-0.16200586021054536,0.0,-0.04792983138007398,0.993115539883,-0.1068843099156975,0.0,-0.16783343906325043,0.09747867039010008,0.9809841209474351,0.0,164.68506897852825,-77.80804208180001,79.78958880279617,1.0
-0.9855411813767393,-0.06303788343729991,-0.1572730271299667,0.0,-0.047517735095790686,0.993795187895,-0.1005643543648085,0.0,-0.16263654159621938,0.09163705456420008,0.982421500970059,0.0,164.88978542180257,-77.74256483840001,79.12429245569206,1.0
-0.9860279004980095,-0.0617473412695999,-0.15471342955702205,0.0,-0.04670794965235782,0.993987960144,-0.09902677682555308,0.0,-0.15989792643594336,0.09041681776790009,0.9829839531680354,0.0,165.10550160463362,-77.73641046690001,78.57789013037032,1.0
-0.9860856357285579,-0.0610063745378999,-0.15463939108771857,0.0,-0.04613217663013897,0.994115061926,-0.09801564126294256,0.0,-0.1597089267690061,0.08951796422210008,0.9830969396717844,0.0,165.25142517325162,-77.79894659050001,78.10853877123841,1.0
-0.985770398774857,-0.0617017483307999,-0.15636372709948543,0.0,-0.046655348758960755,0.994078755873,-0.09813615823638586,0.0,-0.1614930318365384,0.08944451561750008,0.9828121281787774,0.0,165.22493850355,-77.94227753620001,77.7541561655919,1.0
-0.98576083674827,-0.0630933956574999,-0.15586788045361327,0.0,-0.047572017996301244,0.99370971409,-0.10138001394437499,0.0,-0.16128383625306453,0.09252149776140009,0.9825615994000731,0.0,165.219555694601,-78.07991321460001,76.85871551900487,1.0
-0.9855854543534404,-0.0638835774304999,-0.15665312222301542,0.0,-0.048406050695200625,0.993738388967,-0.10070187957570254,0.0,-0.16210541762623787,0.09166734875990008,0.9825064532851848,0.0,165.2978776319987,-78.28488844200001,76.50342705592485,1.0
-0.9857260487561694,-0.06448300883529991,-0.15551880392580175,0.0,-0.04930026952859718,0.993807124701,-0.09958354441317033,0.0,-0.16097714194083612,0.09049497480500009,0.982800599973245,0.0,165.36732740914744,-78.44258256020001,75.9472613205208,1.0
-0.9858871365807249,-0.06420022403879991,-0.15461204726041272,0.0,-0.04941241645693466,0.993992387874,-0.09766036017066362,0.0,-0.15995301505378368,0.08864233797740008,0.9831365972710173,0.0,165.49425513680336,-78.52060247160001,75.50581520571015,1.0
-0.986031803184702,-0.0639504983144999,-0.15379082181265946,0.0,-0.05076920316335437,0.994811438708,-0.0881628574019606,0.0,-0.15863092737138756,0.07912354378030008,0.9841624325789884,0.0,165.4069050799126,-78.58674874330002,75.2256265051313,1.0
-0.9862696368807438,-0.06416864177369991,-0.1521663194679556,0.0,-0.05127333308377515,0.994869751765,-0.08720792588656104,0.0,-0.15698168263205586,0.07820845501480009,0.9844999689596265,0.0,165.41848205090832,-78.59532685980001,74.49182240109366,1.0
-0.9861774105351336,-0.0641582543816999,-0.15276725219756254,0.0,-0.05145947732801774,0.994993038526,-0.08567832560066573,0.0,-0.15749932426015467,0.07663270632900009,0.984541208471647,0.0,165.5226893778917,-78.63553937310002,73.84857819594983,1.0
-0.9865358788658274,-0.0643813551798999,-0.15033961824922842,0.0,-0.05209216422930483,0.99507782195,-0.08430026505471827,0.0,-0.15502698518622288,0.07533371999040009,0.9850337377452343,0.0,165.62823056394325,-78.84141068490001,73.06369959648217,1.0
-0.9867960817031052,-0.06460227688419991,-0.14852622312966712,0.0,-0.05212037212896218,0.994891880051,-0.08645006545229961,0.0,-0.15335240443141113,0.07756734383120008,0.9851225036639455,0.0,165.8270118152314,-78.94918802570001,71.55521895730536,1.0
-0.986601555031723,-0.0653210441356999,-0.14950094582140588,0.0,-0.05275010818940585,0.994848881949,-0.08656285675882631,0.0,-0.1543852249870537,0.07751685801980009,0.9849651460984709,0.0,165.7873380146827,-78.98380718850001,70.60492592302566,1.0
-0.986446274459258,-0.0668526012348999,-0.1498481808804682,0.0,-0.0549147038009519,0.995081956757,-0.08243952112794468,0.0,-0.15462251747806882,0.07309329001670008,0.9852660798197781,0.0,165.56331988462165,-79.09882077850001,70.28148638794336,1.0
-0.9866434153909784,-0.06748032410759991,-0.14826050291645965,0.0,-0.05581376793167053,0.995109975767,-0.0814920820577121,0.0,-0.15303461757384385,0.07212864886550008,0.9855850363292298,0.0,165.61518241572804,-79.21858864480001,69.3847878648288,1.0
-0.9863622047739348,-0.0686264993865999,-0.14959948053011218,0.0,-0.05676345130958688,0.994999711283,-0.08217959078544687,0.0,-0.1544911375722966,0.07256705952550008,0.9853255859276691,0.0,165.50641422575342,-79.45814472500001,68.28338231154541,1.0
-0.9862887541463942,-0.06938583336439991,-0.14973342837536407,0.0,-0.05745877437019095,0.994927775837,-0.08256639822854742,0.0,-0.1547028852110603,0.07283081076660008,0.9852729014389477,0.0,165.50910504978435,-79.64599577160001,67.31996113548121,1.0
-0.9856576555966832,-0.0722438532132999,-0.1525116770506817,0.0,-0.06029543640905186,0.994841997229,-0.08157120139521642,0.0,-0.15761803929751877,0.07120552100650009,0.9849296053353096,0.0,165.1145399099143,-79.86147234930002,66.73500259633073,1.0
-0.9857662222842032,-0.0725205047277999,-0.15167640356147577,0.0,-0.060114885334315034,0.994579519471,-0.08483973131593107,0.0,-0.15700686470458658,0.07451413183070009,0.9847824574965636,0.0,165.38898281596659,-79.82200215720002,65.30975228539019,1.0
-0.9856242605007661,-0.0739083235955999,-0.1519288544558296,0.0,-0.061825974847342056,0.994648753151,-0.08277322446787218,0.0,-0.15723347591069559,0.07219014862150008,0.9849193959380185,0.0,165.19112915571657,-80.01026979830002,64.76823010737368,1.0
-0.9863447417078068,-0.0733997312710999,-0.1474331372303226,0.0,-0.06157702157076227,0.99462702973,-0.08321864060532523,0.0,-0.15274920922455365,0.07300377510200008,0.9855648775711046,0.0,165.49713898067273,-80.08591804600002,63.39860635581302,1.0
-0.985470702510125,-0.0755836729548999,-0.15210063404413093,0.0,-0.06370150767049734,0.994632419783,-0.0815381348678402,0.0,-0.15744717340897485,0.07066440334330008,0.9849959033855483,0.0,165.04595179539916,-80.23287794100001,62.8740130131952,1.0
-0.9852484268888728,-0.0763912175971999,-0.15313366444683812,0.0,-0.06449948895630335,0.994610246304,-0.08118050178854534,0.0,-0.15850978908917362,0.07010591858250008,0.9848653750345246,0.0,165.040002487173,-80.23797337310002,62.132099889077594,1.0
-0.9852193820423436,-0.07606305099039991,-0.15348348941495177,0.0,-0.0644675805053696,0.994774579099,-0.07916734075433729,0.0,-0.15870318305806874,0.06810248932600009,0.9849747969545208,0.0,165.24522412846997,-80.28829140340001,61.701019658616595,1.0
-0.9853679951535541,-0.0761449318200999,-0.15248561730423904,0.0,-0.06443990692146259,0.994686270221,-0.08029148292118282,0.0,-0.1577891394313381,0.06929049856780008,0.9850387882143528,0.0,165.2887012267068,-80.30113266590001,60.659514315728394,1.0
-0.985842799064077,-0.0748818854729999,-0.15002226088889709,0.0,-0.06325592008483585,0.99471880155,-0.08082817836485257,0.0,-0.15528252995236208,0.07019408145660008,0.9853730901646729,0.0,165.5898047319955,-80.35053751000001,59.820851203225565,1.0
-0.9861349663056478,-0.0730549306825999,-0.14899934675160492,0.0,-0.06174620806372654,0.99494729502,-0.07916619179349374,0.0,-0.1540299776637814,0.06886840521100009,0.9856631821996316,0.0,165.89349564720789,-80.64113880610002,59.447213940170506,1.0
-0.9861674350703777,-0.07256705079499991,-0.14902286115377605,0.0,-0.06099389748580396,0.994860789741,-0.08081926445026032,0.0,-0.1541218170057727,0.07061184161060008,0.9855254605271688,0.0,165.95802309763016,-80.95534803510002,58.497183398784756,1.0
-0.9866784432186276,-0.0697351727008999,-0.1469784180596267,0.0,-0.058381269142693336,0.995067627393,-0.08020002698389823,0.0,-0.1518462284689568,0.07055085118770009,0.9858830053800554,0.0,166.4357587884944,-81.33901312020001,58.00698470995069,1.0
-0.9867808577099499,-0.0686821456041999,-0.1467865856700281,0.0,-0.05715316786837468,0.995043897119,-0.08137049962699824,0.0,-0.15164779675358547,0.07190553304260008,0.9858156724549115,0.0,166.71517112096717,-81.66163174690001,57.3304995760548,1.0
-0.9867886085217779,-0.0695296202908999,-0.14633480103391427,0.0,-0.05707679741818379,0.99451524327,-0.08764513734611071,0.0,-0.15162612336929693,0.07813490133140008,0.9853448411116711,0.0,166.89920410312095,-81.82281906300001,55.85174834141356,1.0
-0.9865465153203142,-0.0711568910981999,-0.14718243767081207,0.0,-0.05828186483572934,0.994233532325,-0.09001615094600543,0.0,-0.15273898435148675,0.08022705309950008,0.9850047830387574,0.0,166.8569875244459,-81.82766789780001,54.988826886226676,1.0
-0.9859230757726478,-0.0738524003913999,-0.15000503863280612,0.0,-0.061268517669663784,0.994335532058,-0.08685055226842944,0.0,-0.15556946165986013,0.07643737726480009,0.984863173214984,0.0,166.61969200295755,-81.78676881790001,54.843669640600304,1.0
-0.9854526918502028,-0.07612751152109991,-0.15194602368806764,0.0,-0.06347110032174418,0.994229572022,-0.08648108198656249,0.0,-0.1576528196676764,0.07557883372450008,0.9845981049870905,0.0,166.56079307806698,-81.90332317410001,54.268007634178616,1.0
-0.9853863063406917,-0.0768985912672999,-0.15198826907670832,0.0,-0.06417348251513011,0.994145130312,-0.0869322956052386,0.0,-0.15778336863472076,0.07590827713980008,0.9845518483272941,0.0,166.75171019712278,-82.23574833590001,53.562896188417945,1.0
-0.9850645804895106,-0.0763829024012999,-0.15431598907635435,0.0,-0.06334995112850517,0.994132017052,-0.08768304490597656,0.0,-0.16010795094539026,0.07659755148010008,0.9841230914628389,0.0,167.06833721784827,-82.71543470590001,52.534049253363676,1.0
-0.9846612064122278,-0.0770366277032999,-0.15654924649604413,0.0,-0.06392582531812761,0.994143741813,-0.08713041645337016,0.0,-0.16234468714381645,0.07578640119520008,0.9838194061660361,0.0,167.13304266452081,-82.92277789890001,52.04147509852694,1.0
-0.9842678968202556,-0.0784735477885999,-0.1582991142936443,0.0,-0.06510681347650682,0.993996336194,-0.08793398928942016,0.0,-0.16424923174141365,0.07624425178910009,0.983467845911717,0.0,167.17858911897437,-82.95219220540001,51.0777299617451,1.0
-0.9834837899207838,-0.0816399534503999,-0.1615380851811936,0.0,-0.06836887446017563,0.993939444614,-0.08608180670352265,0.0,-0.1675867893613911,0.07361588443400008,0.9831049636687272,0.0,166.70885704488705,-82.85439646820001,50.47970001748119,1.0
-0.9834377625826998,-0.0832417621376999,-0.16099992596909501,0.0,-0.07011398437775494,0.993861386092,-0.08557788516856235,0.0,-0.1671352635460553,0.07287217762250009,0.9832372294658178,0.0,166.69949410933552,-82.69757986440001,49.264717099397956,1.0
-0.9830764307893676,-0.0834297925280999,-0.16309568033465377,0.0,-0.07024293643303685,0.993900002822,-0.08502184585085105,0.0,-0.16919415210469957,0.07212665325200009,0.9829400209491239,0.0,166.75475502463073,-82.51052204900002,48.22331436836201,1.0
-0.983751068361675,-0.08238489656629991,-0.15951979286458534,0.0,-0.06902397543071839,0.993764361979,-0.08756759490339039,0.0,-0.16573933242799976,0.07513402477630009,0.9833032858721567,0.0,167.15853914638407,-82.28952953690002,46.48461623052835,1.0
-0.9829904198261886,-0.0857621634569999,-0.16240285049641984,0.0,-0.07262459747029877,0.993715060273,-0.08518243263359589,0.0,-0.16868758808178363,0.07193907357070008,0.9830408268841007,0.0,166.5775826940449,-82.43134244610002,45.89313189809194,1.0
-0.9831458641805766,-0.08591421155819991,-0.16137830708196954,0.0,-0.0727431279330671,0.993650407162,-0.08583301046555528,0.0,-0.16772789595966636,0.07264720641170008,0.9831529567252313,0.0,166.65979483626,-82.58022345420001,44.68143420940756,1.0
-0.9833493887152291,-0.0855787746680999,-0.16031298462457433,0.0,-0.07240443775812745,0.993634607384,-0.08630101043033542,0.0,-0.16667806426182907,0.07325667433490009,0.9832862668412821,0.0,166.9045023534511,-82.76371123930001,43.55768362617663,1.0
-0.9839735417910924,-0.0850057446523999,-0.15674850056967005,0.0,-0.07188096377409442,0.993559969233,-0.08758832447694971,0.0,-0.163184546147983,0.07491736056420008,0.9837470167596254,0.0,167.46778563836563,-82.96733350990002,42.33013357070288,1.0
-0.9839237482441212,-0.08674151542189991,-0.15610883108642687,0.0,-0.07305164296068806,0.993131097574,-0.09140065914089332,0.0,-0.16296476644233238,0.07852727254240008,0.9835018822382849,0.0,167.47272178943615,-83.09630138560001,40.88280814115089,1.0
-0.9841252795762061,-0.08768442205219991,-0.1543012515429149,0.0,-0.07336009251326972,0.992654314234,-0.09620659675833662,0.0,-0.16160362287043378,0.08335978984410009,0.9833287418312091,0.0,167.61386933572015,-83.13266592870002,39.22514548267843,1.0
-0.9842861957274571,-0.08887993455229991,-0.15258126403664024,0.0,-0.074415295773115,0.992396899804,-0.09803446850570097,0.0,-0.16013447054252977,0.08513959416320008,0.9834165957771968,0.0,167.74579717487484,-83.27067074980002,37.752452333027115,1.0
-0.9840475444417058,-0.0901103721608999,-0.1533967115244273,0.0,-0.07599691803248478,0.992522529164,-0.09551700137811128,0.0,-0.16085676462978327,0.08233559334630008,0.9835374681940673,0.0,167.62097066257377,-83.22640368440001,37.12346900359001,1.0
-0.9840175381122156,-0.0909524916933999,-0.15309189705120135,0.0,-0.07736394826660749,0.992702487312,-0.0925018442664946,0.0,-0.16038798021245898,0.07917964346220008,0.9838731015046696,0.0,167.72400954874337,-83.16011922910002,36.491114017591094,1.0
-0.9830552419548848,-0.0934054514572999,-0.1577270202047763,0.0,-0.07929123685380403,0.992453627553,-0.09353446912656666,0.0,-0.16527338268060093,0.07944317966120008,0.9830429747384253,0.0,167.3665096389747,-83.16923673570001,35.196372856170434,1.0
-0.9829547869765562,-0.0932021271262999,-0.15847160710643804,0.0,-0.07905610250956428,0.992489608509,-0.09335153805873903,0.0,-0.16598198521481605,0.07923219359030008,0.9829406086247927,0.0,167.5615040135171,-83.32436514960001,34.34250501806801,1.0
-0.9830042184584626,-0.09352191410789991,-0.15797581483859363,0.0,-0.07921726030272348,0.992363187168,-0.09455120530392644,0.0,-0.165611992809723,0.08042982242850008,0.9829057490428283,0.0,167.72588632035757,-83.56209964000001,33.101961609381064,1.0
-0.9835339888727193,-0.0928765883027999,-0.15503171313443276,0.0,-0.07889386543541356,0.992437389213,-0.09404140837023865,0.0,-0.16259351379674347,0.08026187037920009,0.9834232971788894,0.0,168.0568225732346,-83.70253506220001,32.47177670943053,1.0
-0.9832869808783409,-0.0931113673962999,-0.15645122721429378,0.0,-0.07883612666000506,0.992340409769,-0.09510718307346433,0.0,-0.164108434787761,0.08118364613920008,0.9830959450789943,0.0,168.10346295978434,-83.77837989730001,31.273134182619344,1.0
-0.9835617841809279,-0.0932211982528999,-0.15464806786646207,0.0,-0.0791635791484373,0.992352746505,-0.09470561883909381,0.0,-0.16229400615812056,0.08090633287660008,0.9834199615962391,0.0,168.43017598980998,-83.92661754540002,30.122064772118577,1.0
-0.9836231136992123,-0.0934120168918999,-0.15414202962413437,0.0,-0.07927084370387807,0.992270078314,-0.09547892449196853,0.0,-0.16186940271364308,0.08169630826260009,0.9834246334531427,0.0,168.46456848285436,-83.99603157530001,29.083450825470365,1.0
-0.9836916154688613,-0.0932431725276999,-0.15380675028757496,0.0,-0.07916636920244946,0.99230050686,-0.09524909486639875,0.0,-0.16150384405479024,0.08151941402160008,0.9834994120454226,0.0,168.54024874539945,-84.02640878030002,27.790218871328605,1.0
-0.9837250153428683,-0.09327194797499991,-0.15357551207432124,0.0,-0.07952620879947529,0.992452337369,-0.0933484877464226,0.0,-0.16112317121338038,0.07961596430120009,0.9837177552158061,0.0,168.65368290394105,-84.03443666740002,27.08813123323648,1.0
-0.9837928787578568,-0.0943575627824999,-0.15247367658505678,0.0,-0.08068745474529841,0.992344827621,-0.09349480060807161,0.0,-0.16012840582593713,0.07967680616010009,0.9838752462624689,0.0,168.62584201472063,-84.02186063460002,26.243085004578802,1.0
-0.9841273281884366,-0.0946124647101999,-0.15013954653938316,0.0,-0.08078320473161188,0.992127859518,-0.09568899728699057,0.0,-0.15801099881662717,0.08204140351080008,0.9840232377148961,0.0,168.8113234757295,-84.00201845030001,24.821828030908307,1.0
-0.9835073312643672,-0.09580092335149991,-0.15341288222635835,0.0,-0.08207672772375438,0.992236532306,-0.09343486887973988,0.0,-0.16117301298335784,0.07930225117550008,0.983734930173866,0.0,168.61581175429757,-84.31127651770001,24.312091299912936,1.0
-0.9839046093980468,-0.0953279287220999,-0.151143328038628,0.0,-0.08155859085987313,0.992146591802,-0.09483320427342316,0.0,-0.15899659072448463,0.08097978995560008,0.9839524164089584,0.0,168.80895738472793,-84.36526063660001,23.504669067078254,1.0
-0.9838744793779196,-0.0960584094283999,-0.15087674044093458,0.0,-0.08203045491759196,0.991936277629,-0.09660965577405779,0.0,-0.1589402821625197,0.08267528712260008,0.9838205037531826,0.0,168.8768372776956,-84.36281313560002,22.508279558510637,1.0
-0.9837418399475966,-0.0975824420137999,-0.1507635876045279,0.0,-0.08379474210905388,0.991919471284,-0.09525861473921282,0.0,-0.1588409063554791,0.08107668899190008,0.98396958132402,0.0,168.73741958154716,-84.36952958480002,21.917645367307287,1.0
-0.9835780769658871,-0.0975513959832999,-0.15184825205980806,0.0,-0.08366108473206382,0.99192350303,-0.09533408119805967,0.0,-0.15992182281787143,0.08106472277200008,0.983795467212419,0.0,168.7430862595298,-84.35423896490002,21.261914099483334,1.0
-0.983525366481649,-0.0976443189120999,-0.15212968307101632,0.0,-0.08404973826431666,0.992076683204,-0.09337824232806272,0.0,-0.16004216627064183,0.07905340996260009,0.9839395628738625,0.0,168.71273489492808,-84.37892063790001,20.749427457914095,1.0
-0.9836082983149613,-0.0979974618946999,-0.15136450359387804,0.0,-0.08464946026698494,0.992130632186,-0.09225658542390112,0.0,-0.1592142718556741,0.07793141946410008,0.984163355087889,0.0,168.6973745126674,-84.46142864420001,20.301685607414996,1.0
-0.9835787686731581,-0.0978745242239999,-0.15163569277594535,0.0,-0.08451418152834747,0.99214812366,-0.0921924825471972,0.0,-0.15946836343418752,0.07786320199940008,0.9841276151181284,0.0,168.79025636318755,-84.57554124190001,19.80650226361692,1.0
-0.9839974466967067,-0.0969831141246999,-0.14947675561474427,0.0,-0.0837400649392134,0.992185966219,-0.09249113450063506,0.0,-0.15727881744950822,0.07849384696880009,0.9844298296831014,0.0,169.06505150963915,-84.70578393120002,18.821190038944366,1.0
-0.9839830664040516,-0.0968034639744999,-0.14968772291723798,0.0,-0.08362506654216458,0.992243968067,-0.0919714960171575,0.0,-0.15742989955943204,0.07798074888350008,0.9844464584365986,0.0,169.13842448720357,-84.71423560830002,18.00602619998851,1.0
-0.9837607794038586,-0.0975924320091999,-0.15063348273504168,0.0,-0.08449699894025181,0.992257054678,-0.09102853735280997,0.0,-0.15835083225660518,0.07682222762300009,0.9843898411027432,0.0,169.23498637448307,-84.69696172600001,16.78898793883134,1.0
-0.9839855841756691,-0.0966722596131999,-0.14975594931560132,0.0,-0.0842351710552403,0.992615199591,-0.08728975597833173,0.0,-0.1570885294710428,0.07327714352170009,0.9848622513558731,0.0,169.48029054264452,-84.83989912560001,16.359462277395508,1.0
-0.9842578949428086,-0.0952130682859999,-0.14889885113773482,0.0,-0.08257624861462982,0.992613860791,-0.08887568019637823,0.0,-0.15626118970313452,0.07518108135170008,0.9848503671110124,0.0,169.82760857738083,-85.00771852310001,15.422443819943737,1.0
-0.984437833062709,-0.0942567491523999,-0.14831661428562082,0.0,-0.08185166989744463,0.992783606918,-0.0876413941607304,0.0,-0.15550709620098402,0.07413754160160008,0.9850488150123947,0.0,169.84176721987455,-85.18157042680001,14.574308848109027,1.0
-0.9845263741451542,-0.0935886024412999,-0.14815192238097308,0.0,-0.08120445894371889,0.992844634189,-0.08755208854706231,0.0,-0.1552857187886158,0.07416674358780008,0.9850815396122645,0.0,169.81062020211044,-85.21381781320001,13.831853300837352,1.0
-0.9847299672773504,-0.09290266710339991,-0.147227667206009,0.0,-0.08050462672063233,0.992857363832,-0.0880525988273025,0.0,-0.15435639482148839,0.07485552437090008,0.9851754939340207,0.0,169.8717548805936,-85.29013445450002,12.88071796607457,1.0
-0.9848164967246487,-0.0917637396545999,-0.14736310211108028,0.0,-0.07917842545608245,0.992868697667,-0.08912085129684,0.0,-0.15449027387352593,0.07609970616400008,0.9850591809638227,0.0,170.20130722957853,-85.43278557600001,12.05600943227013,1.0
-0.985394033197557,-0.0900183651237999,-0.1445520434933817,0.0,-0.07836067849991714,0.993344284582,-0.0844199997258269,0.0,-0.15118929658811825,0.07185976780550009,0.9858894311067794,0.0,170.25832869429868,-86.09338450390001,11.49728751828745,1.0
-0.9857330917540469,-0.0880166996839999,-0.1434689248479632,0.0,-0.07625627170221203,0.993414408573,-0.0855148751102083,0.0,-0.1500508342077922,0.07335443691940007,0.98595328172201,0.0,170.57026997101292,-86.40214855330001,10.715833438534418,1.0
-0.9862349517311798,-0.0870676964463999,-0.14056968456864283,0.0,-0.07542382657729763,0.993423454489,-0.08614572801714358,0.0,-0.14714573173781115,0.07435762440200007,0.9863159115232111,0.0,170.74885559187413,-86.61838531260001,10.022167507367186,1.0
-0.9861109735579303,-0.0874997166032999,-0.1411699239315452,0.0,-0.07589066822878425,0.993432453962,-0.08563040284100776,0.0,-0.14773541993803513,0.07372760005050007,0.986275056303799,0.0,170.6785979624924,-86.64325919450002,9.539914887658725,1.0
-0.9861026774438422,-0.0882223659072999,-0.14077756814443898,0.0,-0.07669907755244193,0.993399661228,-0.08528988553569525,0.0,-0.14737286399323563,0.07330707486910007,0.986360639792778,0.0,170.63616253241742,-86.53168428230002,8.826505732727853,1.0
-0.986163904498508,-0.0887759053353999,-0.13999854319391808,0.0,-0.0772990720478445,0.993343952424,-0.08539698848659415,0.0,-0.14664790119509385,0.07339367012130008,0.9864622457347568,0.0,170.69227375371395,-86.50159078420002,7.833174556888139,1.0
-0.9865891006651124,-0.0880871976073999,-0.13741394421966052,0.0,-0.0768498571160446,0.993408403709,-0.08505200116659814,0.0,-0.14400015940881566,0.07335113536160007,0.9868553921579137,0.0,170.96251613306913,-86.60116369960001,7.197600620289634,1.0
-0.9866552549494907,-0.0874179533729999,-0.13736633251334224,0.0,-0.07615219588201294,0.993446046751,-0.0852396343125841,0.0,-0.1439175143698016,0.07364138526350007,0.9868458316444797,0.0,171.0909699162739,-86.76737430270002,6.633150381224738,1.0
-0.9868950395444044,-0.0867436592139999,-0.1360651259846048,0.0,-0.07540988902195611,0.993406251184,-0.08635605795535876,0.0,-0.1426587871842639,0.07496370918070007,0.9869290312606992,0.0,171.26467537181367,-86.99731496840002,5.675112359771504,1.0
-0.9869513747256151,-0.0860617029511999,-0.1360895558527152,0.0,-0.07489986878782717,0.993551348959,-0.08512183408355928,0.0,-0.1425376917958855,0.07381802129140007,0.987032879973933,0.0,171.40262483992353,-87.31487449880001,5.077694829414938,1.0
-0.9872405659560206,-0.0850493634379999,-0.13462046912888104,0.0,-0.07362357681658357,0.993422784089,-0.0876968699010731,0.0,-0.14119360419837385,0.07666666702400007,0.9870089099406463,0.0,171.71281096205712,-87.57013878250001,3.67001237675305,1.0
-0.9873583900813105,-0.08453515894239991,-0.13407914244424068,0.0,-0.07312283804096198,0.993443841836,-0.08787709414637669,0.0,-0.14062880250056786,0.07696193878380007,0.9870665630474476,0.0,171.86277461605096,-87.72755554770002,2.8050140847590797,1.0
-0.9875646142182939,-0.08306432101069991,-0.1334782803272429,0.0,-0.07200474314166587,0.993719411501,-0.0856565710971122,0.0,-0.1397549630935065,0.07498032930090007,0.9873431523581337,0.0,172.29336130961138,-87.84784669470001,1.7947619150687473,1.0
-0.9877637152417507,-0.0825709361541999,-0.13230602161370875,0.0,-0.07165013188831129,0.99377701452,-0.08528484046436641,0.0,-0.13852473227948364,0.07476152697260006,0.9875330944490581,0.0,172.36973343411447,-87.70603119200001,0.36777155699009256,1.0
-0.9875152769300413,-0.08292030154709991,-0.13393207764128146,0.0,-0.07184665742421753,0.993743900745,-0.08550507323954071,0.0,-0.14018429172689156,0.07481499397830008,0.9872948298399665,0.0,172.2441036402047,-87.74309382340002,-0.3833096270059997,1.0
-0.9878736049827852,-0.0814849202996999,-0.13215879971241107,0.0,-0.06999435233352323,0.993534975274,-0.0893814496849397,0.0,-0.1385876301082386,0.07904720532800007,0.9871904619219685,0.0,172.71171651955007,-87.84900446730002,-1.8930809877063268,1.0
-0.987701690897324,-0.0812818926667999,-0.13356131072585564,0.0,-0.06972352792209588,0.993583341198,-0.08905489176521761,0.0,-0.13994284351991726,0.07864730140170006,0.9870312064618423,0.0,172.87949829173235,-88.27362402840001,-3.1754794577026786,1.0
-0.9880015461619681,-0.0797219926655999,-0.1322775440771365,0.0,-0.06827850052773055,0.993697036912,-0.08890582206904797,0.0,-0.13853155289417962,0.07880737730400007,0.9872175070038657,0.0,173.2992779850089,-88.39083095630001,-3.8325831169619846,1.0
