0.723819719866	0.016138913056	-0.689800368671	0	-0.0141127239712	-0.999170992963	-0.0381858330195	0	0.68984479715	-0.0373746211573	0.7229919042	0	-119.396439967	90.2849531623	209.238762585	1	173368946961	1
0.722852348005	0.016325488651	-0.690809641945	0	-0.0155551017559	-0.999083098957	-0.0398873437023	0	0.690827418241	-0.0395782743253	0.721935619296	0	-119.75865747	90.0326482269	208.685670486	1	173369280294	1
0.722517775471	0.0168359588455	-0.691147317595	0	-0.0168658487851	-0.998976680413	-0.0419658806253	0	0.691146588846	-0.0419778808619	0.721494456143	0	-120.141374006	89.7886617153	208.122247356	1	173369613628	1
0.722166929962	0.0179329679551	-0.691486322301	0	-0.0165510642229	-0.998929700904	-0.0431916071078	0	0.691520778821	-0.0426363848348	0.721097185646	0	-120.463152025	89.4385918104	207.606083815	1	173369946961	1
0.722276338516	0.0188417487779	-0.691347871424	0	-0.0161911500219	-0.99889418663	-0.0441389915781	0	0.691415025495	-0.0430742663264	0.721172566103	0	-120.817145546	88.9799467753	207.130424621	1	173370280294	1
0.721398428616	0.0201814290849	-0.692226131485	0	-0.0158902226065	-0.998829727631	-0.0456801491543	0	0.692337929061	-0.0439532151421	0.720233508567	0	-121.056256594	88.5655167066	206.592563583	1	173370613628	1
0.719831130487	0.0227606812275	-0.693775968864	0	-0.0146444767501	-0.998741890477	-0.0479601449825	0	0.693994728282	-0.0446831914268	0.718592185819	0	-121.170467598	88.068303203	205.927988381	1	173370946961	1
0.720110693723	0.0253627035421	-0.6933955019	0	-0.0144597448587	-0.998566143785	-0.05154194666	0	0.693708515563	-0.0471422290089	0.718711420307	0	-121.61616217	87.4071673724	204.945085748	1	173371280294	1
0.71949740266	0.0281164017728	-0.693925756488	0	-0.0135444749755	-0.998422037444	-0.0544975443775	0	0.694363042481	-0.0486097016746	0.717981240799	0	-121.860958724	86.7807785616	204.087591653	1	173371613628	1
0.719425414033	0.0309436168463	-0.693880080576	0	-0.0130385026505	-0.998229423349	-0.0580346087109	0	0.694447313402	-0.0507987296698	0.717748157763	0	-122.319252535	85.9587736831	202.969001867	1	173371946961	1
0.719226532822	0.0327751151295	-0.694002151519	0	-0.0129361482059	-0.998081822375	-0.0605419847291	0	0.69465520264	-0.0525211164541	0.717422944832	0	-122.764278167	85.3692375149	202.135142023	1	173372280294	1
0.718399808261	0.0349777671058	-0.69475051011	0	-0.0130606686668	-0.997880792488	-0.0637443559674	0	0.695507824848	-0.0548678393234	0.716420536964	0	-123.320655737	84.6183914618	201.115546337	1	173372613628	1
0.717103953976	0.0367549513021	-0.695996402826	0	-0.0105418942398	-0.997922276195	-0.0635609875667	0	0.696886495534	-0.0529169559726	0.71522654321	0	-123.542506785	83.8758223237	200.489226395	1	173372946961	1
0.717323088178	0.0379850344761	-0.695704480596	0	-0.00891065769364	-0.99793097273	-0.0636739652165	0	0.696683706818	-0.0518739898482	0.715500455508	0	-123.867548903	83.2495839804	199.829123899	1	173373280294	1
0.717462296963	0.039033745353	-0.695502853452	0	-0.00708617431911	-0.997968185262	-0.0633189334868	0	0.69656129563	-0.0503574019197	0.715727946571	0	-124.091345924	82.7097174461	199.276734242	1	173373613628	1
0.718333633433	0.0404183206497	-0.694523686014	0	-0.00707429635472	-0.997834932049	-0.0653865637098	0	0.695662810139	-0.0518826342676	0.716492461127	0	-124.887678437	82.019061789	198.161618505	1	173373946961	1
0.718061126602	0.0422348170326	-0.694697372021	0	-0.00551060497831	-0.997780727908	-0.0663570060252	0	0.695958225539	-0.0514765893011	0.71623481419	0	-125.308945578	81.32788878	197.232842699	1	173374280294	1
0.718018698923	0.0439964237173	-0.694631890067	0	-0.00460529419479	-0.997678028596	-0.0679510303234	0	0.696008577004	-0.0519890945941	0.716148863562	0	-125.692866883	80.8769791442	196.384674741	1	173374613628	1
0.717220528927	0.0455009440188	-0.695359171205	0	-0.00435649761166	-0.997553692655	-0.069768554519	0	0.696832644051	-0.0530687701432	0.715267762325	0	-126.304388541	80.2567993251	195.304824787	1	173374946961	1
0.717870462774	0.0469315235893	-0.694592996488	0	-0.00219057739455	-0.997567925515	-0.0696666014212	0	0.696173254332	-0.0515331551186	0.716021741204	0	-126.565787424	79.7483979581	194.703450136	1	173375280294	1
0.717549292355	0.0497409422854	-0.694729337009	0	-0.000670293020672	-0.997396928493	-0.0721035209972	0	0.696507403943	-0.0522035026937	0.715648119231	0	-127.001138391	79.076398873	193.599290737	1	173375613628	1
0.718023203294	0.0516779009527	-0.694098029161	0	-0.000364838286653	-0.997211740009	-0.0746231363701	0	0.696019070446	-0.053834376952	0.716002313846	0	-127.393869422	78.6534554978	192.800639711	1	173375946961	1
0.718508025758	0.0545605637352	-0.693375339774	0	-0.000460519388617	-0.996880836442	-0.0789201232735	0	0.695518515098	-0.0570240547533	0.71624175551	0	-128.016885736	78.0857697692	191.631047457	1	173376280294	1
0.717724860786	0.0572942202578	-0.693965702708	0	-0.000377282163012	-0.996577055551	-0.0826681922302	0	0.696326706272	-0.0595948376412	0.715246512371	0	-128.383170648	77.6535513287	190.803162421	1	173376613628	1
0.71675161883	0.0602586249702	-0.694720098328	0	0.00167688771973	-0.996405415737	-0.0846961365002	0	0.697326541121	-0.0595411253436	0.714276241689	0	-128.470445205	77.2321038087	190.183900335	1	173376946961	1
0.717032779633	0.0626607696335	-0.694217272099	0	0.000911790170649	-0.996034660279	-0.0889613633027	0	0.697038852268	-0.0631552331239	0.714246634545	0	-129.061602719	76.8553321834	189.094576416	1	173377280294	1
0.717642696603	0.0647985369306	-0.693390301074	0	-0.000224320556266	-0.995640219465	-0.0932764871954	0	0.696411451437	-0.0670947314987	0.7144993963	0	-129.772330089	76.483455565	188.000056827	1	173377613628	1
0.716065590913	0.0676962955879	-0.69474260059	0	0.00263078545272	-0.995540843106	-0.0942947966475	0	0.69802804276	-0.0656935405543	0.713050636526	0	-129.8573354	76.1525525583	187.282243135	1	173377946961	1
0.716547256738	0.0685703099432	-0.694160025826	0	0.00438773649808	-0.995579899886	-0.0938158340072	0	0.697524749833	-0.0641776872157	0.713680914579	0	-130.192246358	75.9138613926	186.791240065	1	173378280294	1
0.716258103764	0.0689701084678	-0.694418787858	0	0.00708696677353	-0.995771510149	-0.0915907990879	0	0.697799472409	-0.0606813292005	0.713718202509	0	-130.45760411	75.5874727187	186.418212854	1	173378613628	1
0.716688706755	0.069220465376	-0.693949439645	0	0.00831903947336	-0.995839691975	-0.0907419498877	0	0.697343596222	-0.0592607379325	0.714282908761	0	-130.880079839	75.2818266541	185.838542312	1	173378946961	1
0.716918811536	0.0690692829277	-0.693726784708	0	0.0100745460499	-0.99600268603	-0.0887533263736	0	0.697083869551	-0.056639946825	0.714748903627	0	-131.263000531	74.9549879675	185.480923	1	173379280294	1
0.716716474688	0.0690935093582	-0.693933413142	0	0.0106558225972	-0.996048549842	-0.0881688142323	0	0.697283262638	-0.0557976103693	0.714620653439	0	-131.622167242	74.6627723503	185.049146843	1	173379613628	1
0.716227412421	0.069897067259	-0.694357756265	0	0.0118652836478	-0.996047379106	-0.0880274594678	0	0.697766084545	-0.0548089277855	0.714225785515	0	-131.933326826	74.344888999	184.514976818	1	173379946961	1
0.715757472495	0.0704242774139	-0.694788933215	0	0.0137150786711	-0.996127927964	-0.086839206282	0	0.698214248769	-0.052626725923	0.713951882506	0	-132.416317716	74.1720790289	183.842611053	1	173380613628	1
0.715163941874	0.070649073444	-0.695377052156	0	0.0135041036627	-0.99608943215	-0.0873125554743	0	0.698826284156	-0.0530523475511	0.713321297167	0	-132.865029562	74.1018974839	183.339662046	1	173380946961	1
0.714872022971	0.0709634286491	-0.695645155641	0	0.0152446329729	-0.996182336182	-0.0859555364362	0	0.699089115877	-0.0508423531406	0.713224693339	0	-133.209827959	74.073954602	182.938198573	1	173381280294	1
0.715145473122	0.0711071477253	-0.695349355228	0	0.0158104144256	-0.996203079602	-0.0856122361997	0	0.698796811004	-0.0502314416854	0.713554356162	0	-133.740731304	74.0428773512	182.299200417	1	173381613628	1
0.715449070184	0.0711794493936	-0.695029577757	0	0.0169662403266	-0.99627344465	-0.0845657742496	0	0.698458856815	-0.0487104657059	0.713990557268	0	-134.063650626	74.0232718556	181.935956734	1	173381946961	1
0.715269462089	0.070631853496	-0.69527026247	0	0.0189177001395	-0.996471770152	-0.0817687710066	0	0.698592669031	-0.0453337905122	0.714082019248	0	-134.424520101	74.0358001296	181.68625418	1	173382280294	1
0.715836018054	0.0705312523692	-0.694697155382	0	0.0197055338269	-0.996529799232	-0.0808705829002	0	0.697990320272	-0.0442006977462	0.714741779334	0	-134.81966659	74.0738111802	181.289111624	1	173382613628	1
0.714894314319	0.0707479857679	-0.695644192	0	0.0201151721186	-0.996537271184	-0.0806774255363	0	0.698943130165	-0.0436828301544	0.713841937088	0	-135.16925373	74.161659731	180.829899807	1	173382946961	1
0.715449563454	0.0716101778697	-0.694984823272	0	0.0213281590883	-0.996508397114	-0.0807225130368	0	0.698338765774	-0.0429301398384	0.71447881096	0	-135.643047619	74.3671431767	180.246490402	1	173383280294	1
0.715146443972	0.0728671367324	-0.69516612695	0	0.0220808286241	-0.996410043547	-0.0817279763954	0	0.698625794458	-0.0430976275778	0.714188066139	0	-136.118118847	74.5725456223	179.61687216	1	173383613628	1
0.715289670915	0.0743443804823	-0.694862288351	0	0.0225124847959	-0.996260393369	-0.0834171243348	0	0.69846537116	-0.0440243307123	0.714288445654	0	-136.668304835	74.7819957876	178.873979709	1	173383946961	1
0.716109375741	0.0768636708274	-0.693742991375	0	0.0231781030911	-0.995988633717	-0.0864257892328	0	0.697603137545	-0.0458106714026	0.715018352823	0	-137.377373003	75.1049104962	177.873268579	1	173384280294	1
0.717160700712	0.0784916477529	-0.692473530604	0	0.0225448311205	-0.995730092801	-0.0895171094312	0	0.696543078312	-0.0485864541225	0.715868072016	0	-138.064645699	75.3607784591	176.986872287	1	173384613628	1
0.717022374579	0.0804735756173	-0.69238928211	0	0.02229739127	-0.995453068373	-0.092606776264	0	0.696693433797	-0.0509626558846	0.715556473669	0	-138.659871198	75.593653979	176.000877687	1	173384946961	1
0.716772902579	0.08239503025	-0.692421594925	0	0.0217257990327	-0.995151089896	-0.0959286085365	0	0.696968145459	-0.0537156147638	0.715087433078	0	-139.406522433	75.7246885129	174.743114125	1	173385280294	1
0.717767428854	0.0835925873009	-0.691246842615	0	0.0229337315515	-0.995066801668	-0.0965199677536	0	0.695905138675	-0.0534260195632	0.716143629728	0	-139.920444911	75.9836039285	173.831252974	1	173385613628	1
0.717840487349	0.0838842089845	-0.69113564096	0	0.0237200612549	-0.995085299526	-0.0961384697213	0	0.695803415784	-0.0526183062187	0.716302254941	0	-140.360955328	76.2392995079	173.128477207	1	173385946961	1
0.717412557506	0.0841560874596	-0.69154679905	0	0.024545977705	-0.995113891588	-0.0956338734294	0	0.696215999035	-0.0516342494097	0.71597289542	0	-140.831588021	76.481804114	172.282809883	1	173386280294	1
0.717696717302	0.0839950014592	-0.691271481912	0	0.0252109663944	-0.995182019486	-0.0947478509839	0	0.695899295263	-0.0505725995226	0.716356463661	0	-141.295884237	76.6447655375	171.656305143	1	173386613628	1
0.718692287482	0.0838000282332	-0.690260060544	0	0.024897908175	-0.995175934605	-0.0948944326657	0	0.694882357009	-0.0510138652775	0.717311714296	0	-142.007000537	76.7885009881	170.727747579	1	173386946961	1
0.718642168029	0.0842347852252	-0.690259324666	0	0.0248825084294	-0.995115339228	-0.0955317874226	0	0.694934741616	-0.0514777873646	0.717227817575	0	-142.701356677	76.8903838969	169.615355226	1	173387280294	1
0.718846441716	0.0850231422299	-0.689949895658	0	0.0272634591593	-0.995176958111	-0.0942312360029	0	0.694634074191	-0.048927367897	0.717697440182	0	-142.995056248	76.9853642799	168.836139947	1	173387613628	1
0.720031699084	0.0849638260248	-0.688720190339	0	0.0266467562071	-0.995129563955	-0.0949057496993	0	0.693429378306	-0.049982989202	0.718788841102	0	-143.683014265	77.0313454222	167.809788354	1	173387946961	1
0.720186895464	0.0851288248026	-0.688537521701	0	0.0260876091643	-0.995064446554	-0.0957401893233	0	0.693289457767	-0.0509885319587	0.71885318206	0	-144.407155486	77.134780476	166.710435163	1	173388280294	1
0.720892187449	0.0853569728362	-0.687770776686	0	0.0260063301989	-0.995019339916	-0.0962298497518	0	0.692559112902	-0.0514849529659	0.719521490127	0	-144.973760537	77.2544836865	166.003648408	1	173388613628	1
0.720658246497	0.0857687295	-0.687964691533	0	0.0261465885858	-0.994974495434	-0.0966545877929	0	0.69279726303	-0.0516669960036	0.719279134872	0	-145.470762314	77.3393111172	165.244019106	1	173388946961	1
0.721380459085	0.0855145394971	-0.687239039043	0	0.0258630937996	-0.994981418436	-0.0966595952111	0	0.692055874644	-0.0519542154389	0.719971822969	0	-146.273254963	77.3575610491	164.334380697	1	173389280294	1
0.721945057054	0.0846112928383	-0.686757791161	0	0.024648976	-0.995010512046	-0.0966773443008	0	0.691511216523	-0.052867854535	0.720428502614	0	-147.224125787	77.3703164551	163.437386857	1	173389613628	1
0.721399613667	0.0847142862818	-0.687318039267	0	0.0247789613987	-0.99501179221	-0.0966309289798	0	0.69207557425	-0.0526784876707	0.719900254524	0	-147.71478932	77.4089987002	162.820370924	1	173389946961	1
0.723177916446	0.0848089752588	-0.685434999749	0	0.023851447268	-0.994906935175	-0.097935176545	0	0.690249816826	-0.0544759401684	0.721517541238	0	-148.627805553	77.45870682	161.779189952	1	173390280294	1
0.722687431785	0.0851809666275	-0.685906027721	0	0.0228054775751	-0.994775161063	-0.099510246329	0	0.690798658172	-0.056272389822	0.720854098977	0	-149.294563099	77.4601437583	160.845225974	1	173390613628	1
0.722927935047	0.0867195483283	-0.685459641894	0	0.0238581010197	-0.994633586002	-0.100671846172	0	0.690511398707	-0.0564247244895	0.721117368202	0	-150.007466749	77.4885835679	159.657604831	1	173390946961	1
0.724229109639	0.0863108899644	-0.684136409662	0	0.0241341143016	-0.994700398049	-0.0999432971633	0	0.689136953934	-0.0558708188103	0.722474020521	0	-150.705244704	77.4687231351	158.875335624	1	173391280294	1
0.726008088823	0.0851892395332	-0.682389220629	0	0.0236515126198	-0.994803568278	-0.0990276046994	0	0.687279317973	-0.0557553047653	0.724250291734	0	-151.7499822	77.4357550035	157.839664211	1	173391613628	1
0.726217720753	0.0845530746783	-0.682245263543	0	0.0242830515886	-0.994943283139	-0.09745869249	0	0.687035774519	-0.054209232597	0.724598650034	0	-152.432093125	77.4522192092	157.064767212	1	173391946517	1
0.726918630487	0.0829497300158	-0.681695420948	0	0.0245941460128	-0.995185816349	-0.0948700106481	0	0.686283055767	-0.0521970614955	0.725459188472	0	-153.133672346	77.4269144744	156.449744438	1	173392279850	1
0.727707735395	0.0822157834527	-0.680942006927	0	0.0239681271847	-0.995231698203	-0.0945483779448	0	0.685468438899	-0.052482681372	0.726208363646	0	-153.965570801	77.3677746508	155.493858504	1	173392613183	1
0.728374017833	0.0812155535584	-0.680349413174	0	0.0236387664928	-0.995337735302	-0.0935093653221	0	0.68477185899	-0.0520271712131	0.726897980868	0	-154.584818566	77.3452693861	154.933017369	1	173392946517	1
0.728736860011	0.0809834878084	-0.679988428992	0	0.0240940705702	-0.995400085515	-0.092726185725	0	0.6843698303	-0.051189300231	0.727335954644	0	-155.228470517	77.3238685915	154.14038676	1	173393279850	1
0.729149465267	0.0807414023433	-0.679574781204	0	0.023417561008	-0.995377910956	-0.0931366319879	0	0.683953708329	-0.0519965415124	0.727670038227	0	-156.002793835	77.3119349828	153.122279792	1	173393613183	1
0.730344341204	0.0800803470266	-0.67836883868	0	0.023340284329	-0.995449983882	-0.0923826862347	0	0.682680287103	-0.051637850542	0.728890360748	0	-156.572750364	77.3571349799	152.426570968	1	173393946517	1
0.731893231997	0.0790705377357	-0.67681618407	0	0.022947686327	-0.995541440486	-0.0914912234403	0	0.68103281907	-0.05143044173	0.730444528362	0	-157.352858721	77.3754355709	151.513262436	1	173394279850	1
0.732119348512	0.0788858050875	-0.676593149012	0	0.0233025999837	-0.995590676651	-0.090863597771	0	0.680777679106	-0.0507566185003	0.730729441934	0	-157.811399508	77.364967245	150.754554274	1	173394613183	1
0.732564690319	0.0793729820288	-0.67605392109	0	0.0241321902394	-0.995582345927	-0.0907382492258	0	0.680269514157	-0.0501569756084	0.731243916833	0	-158.215217018	77.3290754359	149.910717031	1	173394946517	1
0.734754809711	0.0795261912023	-0.673654922434	0	0.0245650842421	-0.995571966461	-0.0907359698965	0	0.677887841935	-0.0501203003755	0.733454858357	0	-158.858627574	77.2333910083	149.101673574	1	173395279850	1
0.734388493233	0.0806029692561	-0.673926333032	0	0.026498821665	-0.995571424326	-0.0901961834888	0	0.678211879473	-0.0483807855733	0.733272081924	0	-159.199610677	77.2279734264	148.434561127	1	173395613183	1
0.734341497792	0.0817311608004	-0.673841659424	0	0.0271538185022	-0.995466923213	-0.0911497390581	0	0.678236857419	-0.048637661784	0.733231984501	0	-159.609887747	77.2730283743	147.741019925	1	173395946517	1
0.735297309185	0.0834756287859	-0.67258433412	0	0.0278673545149	-0.995270530243	-0.0930590252553	0	0.677171527501	-0.0496829047855	0.73414598774	0	-160.247188969	77.3133597258	146.767155203	1	173396279850	1
0.73492173647	0.0855185198136	-0.672738154138	0	0.0298566964704	-0.995135240309	-0.0938852020833	0	0.677494368198	-0.0489125368717	0.733899819319	0	-160.497539282	77.3850318577	146.088107489	1	173396613183	1
0.735055202835	0.0876073995591	-0.672323428364	0	0.0319796392458	-0.99499306795	-0.0946894788494	0	0.67725264965	-0.0481013333864	0.734176484415	0	-160.963136131	77.4474430123	145.133616923	1	173396946517	1
0.736405943002	0.0873486243083	-0.670877414245	0	0.0333207355553	-0.995109479021	-0.0929884581236	0	0.67571888807	-0.0461231242827	0.7357150547	0	-161.462024486	77.4574331869	144.585890519	1	173397279850	1
0.737683153346	0.0873252122359	-0.669475819262	0	0.0348556670318	-0.995203535066	-0.0914057233866	0	0.674246726165	-0.0440934360197	0.73718866049	0	-161.944963801	77.4602548116	143.927471506	1	173397613183	1
0.737426305565	0.0877896835039	-0.669698003082	0	0.0358587975079	-0.995207371007	-0.0909749159664	0	0.674475048095	-0.0430727310962	0.737040127356	0	-162.327399482	77.4497734048	143.220763916	1	173397946517	1
0.737159172952	0.0888360908075	-0.669854090607	0	0.0363820583916	-0.9951003641	-0.0919326448806	0	0.674738986246	-0.0433983218291	0.736779401247	0	-162.875461535	77.471480036	142.244419745	1	173398279850	1
0.738098675952	0.0898206216553	-0.668687221714	0	0.0372215219747	-0.995010378251	-0.092568382693	0	0.673665275088	-0.0434350445836	0.737759102989	0	-163.457521471	77.4990392084	141.46113205	1	173398613183	1
0.738729198984	0.0912684267915	-0.667794313273	0	0.038290809698	-0.994872112305	-0.0936124673866	0	0.672913801658	-0.0435838780804	0.738435820576	0	-164.136885198	77.528052688	140.407568237	1	173398946517	1
0.738729540183	0.0928654255493	-0.667573725665	0	0.0388820379022	-0.99468481884	-0.095343055847	0	0.672879523829	-0.0444761049017	0.738413855845	0	-164.721801458	77.5787792837	139.4479234	1	173399279850	1
0.739591944369	0.0939358864927	-0.666468157568	0	0.0392699922236	-0.994548410953	-0.0965987887158	0	0.671908939913	-0.0452714866051	0.739248854558	0	-165.573939548	77.6549616263	138.279919156	1	173399613183	1
0.741135787723	0.0940117504456	-0.664740201082	0	0.0395622072194	-0.994542005386	-0.0965454881501	0	0.670188462983	-0.045254726829	0.740809984938	0	-166.283082891	77.7037313094	137.432387587	1	173399946517	1
0.741821257505	0.0948473169949	-0.66385631606	0	0.0405582654112	-0.994480726292	-0.0967631755372	0	0.669370038932	-0.0448561198955	0.741573785599	0	-166.857004601	77.6531009204	136.439457177	1	173400279850	1
0.742603522936	0.0952224494539	-0.66292736619	0	0.0412579474565	-0.994465122919	-0.0966276413338	0	0.668459265397	-0.0444050044257	0.742421986533	0	-167.356855242	77.5529271478	135.693042911	1	173400613183	1
0.743423110302	0.0958323744649	-0.661920112305	0	0.0422936790883	-0.994436669457	-0.09647256164	0	0.667482826579	-0.0437248950213	0.743340305498	0	-167.949136417	77.3723538821	134.749530477	1	173400946517	1
0.745036721996	0.0955784318399	-0.660140171664	0	0.0430096523946	-0.994504771276	-0.095448571025	0	0.665635375171	-0.0427202911607	0.74505336993	0	-168.471423903	77.2787935205	134.287158922	1	173401279850	1
0.745662709828	0.0958209824432	-0.659397802919	0	0.0422478584623	-0.994413683538	-0.0967292326479	0	0.664982888221	-0.0442692366878	0.745545433261	0	-169.133443213	77.2624373067	133.494564048	1	173401613183	1
0.746841282966	0.0965377368236	-0.657957873596	0	0.0424523532113	-0.994309949981	-0.0977011825752	0	0.663645911435	-0.0450354164936	0.746689972811	0	-169.628986159	77.2075562889	132.869450884	1	173401946517	1
0.74725666399	0.0980387038045	-0.657263942932	0	0.043552855305	-0.994156341319	-0.0987740745823	0	0.663106799028	-0.0451838640574	0.74715981658	0	-169.925917357	77.132982405	132.246254051	1	173402279850	1
0.747922149484	0.0999925464153	-0.656211817154	0	0.0445878235436	-0.993923972263	-0.100633311345	0	0.662287237008	-0.0460068258206	0.747836203774	0	-170.212626474	77.0505219846	131.511510257	1	173402613183	1
0.747789934055	0.102996330558	-0.655897835351	0	0.0471634827952	-0.993638912725	-0.102261023906	0	0.662258122198	-0.0455353380499	0.747890842685	0	-170.468388507	76.9283684861	130.60720415	1	173402946517	1
0.748843693765	0.104870049277	-0.654396970556	0	0.0492726440882	-0.993478308723	-0.102825369642	0	0.660912497123	-0.0447562605931	0.749127190993	0	-170.855808127	76.8542960227	129.791804862	1	173403279850	1
0.750188743028	0.105106002918	-0.652816649592	0	0.0496886724315	-0.993455036371	-0.102850019648	0	0.659354142829	-0.0447193343011	0.750501362739	0	-171.451821238	76.8703153356	129.094905741	1	173403613183	1
0.750332159122	0.10531739639	-0.652617726548	0	0.0505751746596	-0.993479749491	-0.102176998678	0	0.659123510956	-0.0436604325245	0.750766251197	0	-172.011866334	76.8951662422	128.399127363	1	173403946517	1
0.751133586686	0.105515002099	-0.651663194667	0	0.052174479415	-0.993544528205	-0.100732785984	0	0.658085221419	-0.0416635908974	0.751789855308	0	-172.481247701	76.870300718	127.823553628	1	173404279850	1
0.752542392894	0.105396205861	-0.65005506435	0	0.0534367519248	-0.993627709979	-0.0992395460722	0	0.656372196578	-0.0399451342598	0.75337900542	0	-173.043530661	76.842173079	127.266367323	1	173404613183	1
0.752554640821	0.105810424303	-0.649973589223	0	0.0549306199011	-0.993653601806	-0.0981587826725	0	0.656234820453	-0.0381663952622	0.753590861607	0	-173.474110683	76.8153941443	126.652126955	1	173404946517	1
0.753945404076	0.106281735946	-0.648282747168	0	0.0557303106122	-0.993616530026	-0.0980832490143	0	0.65456891169	-0.037820415947	0.755055730385	0	-174.024846807	76.733748858	125.997018927	1	173405279850	1
0.754065673446	0.106763560129	-0.648063656101	0	0.0560649552537	-0.993561788038	-0.0984464023842	0	0.654401773319	-0.0379013928313	0.755196533029	0	-174.509635716	76.6488293488	125.38079675	1	173405613183	1
0.754124519889	0.106986061874	-0.647958479431	0	0.0557595743341	-0.993509481344	-0.0991452487449	0	0.654360052549	-0.0386379741098	0.755195357894	0	-175.0101363	76.558209606	124.757805545	1	173405946517	1
0.754735875651	0.107359653335	-0.647184411773	0	0.0557323204373	-0.993444877035	-0.0998057350632	0	0.65365714749	-0.0392578798289	0.755771891781	0	-175.520655084	76.4042252407	124.08411625	1	173406279850	1
0.755746595869	0.107347821667	-0.646005826612	0	0.0560429740205	-0.9934559807	-0.0995208494473	0	0.652461698413	-0.0390084554299	0.75681706674	0	-176.044491304	76.2599618768	123.515660022	1	173406613183	1
0.756734098044	0.106868792525	-0.644928341789	0	0.0558189357289	-0.993507193729	-0.0991347689861	0	0.651335360066	-0.0390194463334	0.757786072408	0	-176.616517473	76.154820577	122.922998147	1	173406946517	1
0.756920902618	0.106533364473	-0.644764600017	0	0.0563263075932	-0.993586753172	-0.098044433775	0	0.651074568889	-0.0378946721238	0.758067213096	0	-177.090155913	76.039780761	122.323170931	1	173407279850	1
0.758410997897	0.105611841997	-0.643163196319	0	0.0561438599618	-0.993702648743	-0.0969686179633	0	0.649354006115	-0.0374324018876	0.759564473913	0	-177.872110558	75.9003138837	121.567516638	1	173407613183	1
0.760240160093	0.104877336021	-0.641120615307	0	0.0563226173267	-0.993807410847	-0.0957840953601	0	0.647195999493	-0.0367093249147	0.761439271186	0	-178.48774986	75.7709229255	120.99977555	1	173407946517	1
0.760938063778	0.104531369353	-0.640348698691	0	0.0574432774914	-0.993914835009	-0.0939870768772	0	0.646276669055	-0.0347346163089	0.762312254568	0	-178.970775519	75.5831304732	120.413935416	1	173408279850	1
0.761667056052	0.104326586461	-0.639514862284	0	0.0583941580947	-0.993989107794	-0.092605485192	0	0.645332021541	-0.0331906153083	0.763180820664	0	-179.486724652	75.3697007805	119.812064036	1	173408613183	1
0.763678505699	0.104252048646	-0.63712373232	0	0.0587315938147	-0.99400227461	-0.0922500837809	0	0.642919699357	-0.0330301138761	0.765221060712	0	-180.079488305	75.1754761346	119.215871339	1	173408946517	1
0.764493278325	0.103302052205	-0.636300804185	0	0.0576347935692	-0.994076683647	-0.0921399891413	0	0.642050043195	-0.0337673368664	0.765918735242	0	-180.822473848	74.9854415573	118.659630996	1	173409279850	1
0.765902173946	0.103440594038	-0.634581675948	0	0.0584973716572	-0.994090941402	-0.0914399132265	0	0.640290494583	-0.0329126681809	0.767427415994	0	-181.59373203	74.5994353032	117.790126617	1	173409946517	1
0.766396789185	0.103341865944	-0.634000331444	0	0.0595499497709	-0.994154300159	-0.0900612622462	0	0.639601254697	-0.0312679743232	0.768070666522	0	-181.853600265	74.4137730614	117.520540073	1	173410279850	1
0.767548487975	0.102857300204	-0.632684514116	0	0.0592892389804	-0.994202286637	-0.0897028393473	0	0.63824298253	-0.0313398953514	0.769196792902	0	-182.465377465	74.1542651639	116.89010462	1	173410613183	1
0.768282911401	0.102318130388	-0.631880026779	0	0.0598654227143	-0.994300864571	-0.0882152020769	0	0.63730487148	-0.0299464673736	0.770029681168	0	-182.868951923	73.9839836608	116.493036941	1	173410946517	1
0.769497210799	0.101265391206	-0.630570664649	0	0.0601187703874	-0.994450346763	-0.0863379480249	0	0.635814262202	-0.0285276771903	0.771314718915	0	-183.366597517	73.8670203821	116.190149561	1	173411279850	1
0.769873313612	0.100734291135	-0.630196543609	0	0.0598961021107	-0.994510607648	-0.0857969010326	0	0.63537983753	-0.0283064279698	0.771680768321	0	-183.918959537	73.7608477158	115.624058227	1	173411613183	1
0.77159286032	0.100555332377	-0.628118685467	0	0.0600603100298	-0.994531852212	-0.0854350870187	0	0.633274993239	-0.0281961001798	0.773413060966	0	-184.584924945	73.6106370071	115.048930695	1	173411946517	1
0.772488417666	0.10075643332	-0.626984677418	0	0.0606767512104	-0.994526376777	-0.0850624344672	0	0.632123387034	-0.0276663521199	0.774373680161	0	-185.042474176	73.5223886501	114.563576561	1	173412279850	1
0.772504239134	0.0996327838704	-0.627144727235	0	0.0604384942694	-0.994667138447	-0.0835731542047	0	0.632126877241	-0.0266569328978	0.774406236414	0	-185.563883173	73.4921230121	114.320860333	1	173412613183	1
0.772630731069	0.0996349036024	-0.626988548054	0	0.0606582443521	-0.994675363803	-0.0833156530069	0	0.631951209192	-0.0263402093384	0.77456043184	0	-185.964090209	73.4740400691	113.907689224	1	173412946517	1
0.773118623042	0.0986897990796	-0.626536446077	0	0.0594573038724	-0.994747394683	-0.0833213645326	0	0.631468466134	-0.0271651307558	0.774925565425	0	-186.701692829	73.3568185555	113.313409277	1	173413279850	1
0.773186504462	0.0979214178977	-0.62657324012	0	0.0581773819934	-0.994793243589	-0.0836767275523	0	0.631504569692	-0.0282453257436	0.774857522408	0	-187.277956423	73.1693695457	112.712692618	1	173413613183	1
0.772705811339	0.0976415915228	-0.627209573212	0	0.0579912284277	-0.994825095597	-0.0834268937258	0	0.632109758309	-0.0280917919716	0.774369488471	0	-187.65517202	73.0104410325	112.169708753	1	173413946517	1
0.773247094053	0.0965550811467	-0.626710497633	0	0.05717882215	-0.994929729596	-0.0827370259528	0	0.6315215862	-0.0281415968049	0.774847428009	0	-188.199750241	72.8625898998	111.74633184	1	173414279850	1
0.773613559795	0.0958897527579	-0.626360292019	0	0.0562903412367	-0.994975374848	-0.0827973485691	0	0.631152483625	-0.0287951169932	0.775124108548	0	-188.712981696	72.745403138	111.265975465	1	173414613183	1
0.773961771613	0.0951486254789	-0.626043061739	0	0.0559092344197	-0.995053560342	-0.0821131509398	0	0.630759330957	-0.0285508514784	0.775453103218	0	-189.21159321	72.6571067294	110.919928462	1	173414946517	1
0.7739540668	0.0944893505023	-0.626152429625	0	0.0554436477243	-0.995118776909	-0.0816371347453	0	0.630809879766	-0.0284672177082	0.775415058601	0	-189.784558326	72.5311708713	110.441156024	1	173415279850	1
0.77419516259	0.0939554880257	-0.625934674301	0	0.0552334272695	-0.995177299792	-0.0810642368159	0	0.630532408949	-0.0281870226935	0.775650935033	0	-190.277980087	72.4121010659	109.968209468	1	173415613183	1
0.775687029531	0.0927784341226	-0.624260998604	0	0.054656451461	-0.995294663719	-0.0800075289399	0	0.628746613932	-0.0279409114944	0.77710810119	0	-190.900814923	72.2821225643	109.614193479	1	173415946517	1
0.77587813762	0.0920811733115	-0.624126728385	0	0.0548032488823	-0.995388663102	-0.0787274620463	0	0.628497986851	-0.0268787442022	0.777346649594	0	-191.297077389	72.1542210259	109.240085042	1	173416279850	1
0.776152205661	0.0915933337903	-0.623857687981	0	0.0546962101272	-0.995443958363	-0.0781002583681	0	0.628168829413	-0.0264950366037	0.777625832126	0	-191.709757289	72.0372112293	108.752295632	1	173416613183	1
0.77700910766	0.0903960049368	-0.62296501419	0	0.053532021371	-0.995539374373	-0.0776896181029	0	0.627209031585	-0.0270169643836	0.77838224179	0	-192.322093749	71.8926697492	108.316105204	1	173416946517	1
0.776579048787	0.0892400267203	-0.623667538531	0	0.0523402140376	-0.995633747162	-0.0772912899769	0	0.627841925153	-0.0273799039947	0.77785915041	0	-192.902705882	71.7500169252	107.817937841	1	173417279850	1
0.776581393082	0.0884454691651	-0.623777796096	0	0.0518219324402	-0.995709265068	-0.0766651601157	0	0.627882016972	-0.0272113660365	0.777832703299	0	-193.33187798	71.7016764406	107.401035143	1	173417613183	1
0.777104181244	0.0878833554184	-0.623205910862	0	0.0509588928437	-0.995737697427	-0.076874112442	0	0.627305573651	-0.0279813109769	0.778270366584	0	-193.807483527	71.5787734992	106.879614455	1	173417946517	1
0.777470015249	0.0870961201493	-0.622860049484	0	0.0505123441819	-0.995812552779	-0.0761962125857	0	0.626888250387	-0.0277781493642	0.778613829792	0	-194.247398024	71.4109693742	106.45285606	1	173418279850	1
0.778683809325	0.0863725163172	-0.621442928611	0	0.0507100823583	-0.99590260164	-0.0748765356661	0	0.625363904173	-0.0267917239307	0.779873188977	0	-194.790309615	71.2062051925	106.035724803	1	173418613183	1
0.77952815439	0.0860456307005	-0.620428888714	0	0.0510625614533	-0.995952392317	-0.0739692304652	0	0.624282365065	-0.0259804094488	0.780766640549	0	-195.282369214	71.0183661635	105.63074799	1	173418946517	1
0.779044698767	0.085050269431	-0.621172930023	0	0.0505910548098	-0.996053120393	-0.0729295998149	0	0.624923917367	-0.0253896243698	0.780272685974	0	-195.800043648	70.8021481862	105.244849168	1	173419279850	1
0.779085050613	0.0845011515431	-0.621197262791	0	0.0504496241912	-0.996111394628	-0.0722282833206	0	0.624885044893	-0.02493280731	0.780318547639	0	-196.230853909	70.6325746501	104.886629075	1	173419613183	1
0.778572819623	0.0842760736538	-0.621869687277	0	0.0494529596418	-0.99609944204	-0.0730773997294	0	0.62560272484	-0.0261427806107	0.779703652483	0	-196.740529209	70.4713746458	104.310582203	1	173419946517	1
0.778024155539	0.0838002415939	-0.622620215626	0	0.04820370776	-0.996104927973	-0.0738334275686	0	0.626382324109	-0.027431587215	0.77903317777	0	-197.281280859	70.3170906498	103.727716046	1	173420279850	1
0.779282710251	0.083783025553	-0.621046586121	0	0.0474229533804	-0.99606506768	-0.0748695161016	0	0.624875604417	-0.0288926561221	0.780189524043	0	-197.861259635	70.1189055865	103.086619886	1	173420613183	1
0.779031008605	0.0846555141897	-0.621244019327	0	0.0478223704151	-0.995979299145	-0.0757512809284	0	0.625158946605	-0.0293032351743	0.77994718532	0	-198.135023148	69.9627510291	102.452316612	1	173420946517	1
0.778600707365	0.085419193356	-0.621678775492	0	0.047613430428	-0.995877861999	-0.0772026244642	0	0.625710715693	-0.0305097588928	0.779458308621	0	-198.551736866	69.8283522011	101.702282835	1	173421279850	1
0.778652041974	0.087091352858	-0.621382405438	0	0.0493785472685	-0.995754288216	-0.0776862701488	0	0.625509997202	-0.0298076124059	0.779646554307	0	-199.063785015	69.5995978937	100.746760834	1	173421946517	1
0.779008584091	0.0882538202513	-0.620771205134	0	0.0497128500261	-0.9956215247	-0.0791606726647	0	0.625039405521	-0.0308065377069	0.779985063178	0	-199.534051131	69.4575247083	100.038625203	1	173422279850	1
0.779173698954	0.0890034648164	-0.620456872078	0	0.0506304730499	-0.995569713412	-0.0792306817864	0	0.624759875518	-0.0303204384578	0.780228023692	0	-199.929920845	69.2994748791	99.4765741121	1	173422613183	1
0.778891138817	0.089735412011	-0.620706170183	0	0.0504140338343	-0.995466517061	-0.0806525796437	0	0.625129601815	-0.0315272777424	0.779883973225	0	-200.430599237	69.116211646	98.7521254313	1	173422946517	1
0.77952570885	0.089409831716	-0.61995608815	0	0.0498215607664	-0.99547448968	-0.0809218912216	0	0.624385683152	-0.0321935146977	0.780452494574	0	-201.131520306	68.994124403	98.2230910599	1	173423279850	1
0.779501064235	0.0893026706833	-0.620002519241	0	0.0483637087467	-0.995411084558	-0.0825695126256	0	0.624531058101	-0.0343774017022	0.78024300812	0	-201.943912197	68.8942856225	97.3272756672	1	173423613183	1
0.779353022968	0.0890703913511	-0.620222001363	0	0.0472959342072	-0.995383362757	-0.0835167992313	0	0.624797535365	-0.0357550909792	0.779967700146	0	-202.640643522	68.7304471354	96.5371497405	1	173423946517	1
0.780174068452	0.0885342883355	-0.619265777113	0	0.0468273374408	-0.995422239724	-0.0833172558992	0	0.623807360796	-0.0360033949967	0.780748443588	0	-203.289474214	68.5704794478	95.8856650576	1	173424279850	1
0.780965434223	0.0872353451286	-0.618452087966	0	0.0457564253657	-0.995528200302	-0.0826435232882	0	0.622895930382	-0.0362435782452	0.781464690789	0	-203.987588492	68.4104812831	95.271329071	1	173424613183	1
0.780901567267	0.0871916568932	-0.618538889003	0	0.0446543108994	-0.995468980336	-0.0839493996868	0	0.623055964387	-0.0379357899336	0.781256770264	0	-204.569227662	68.289939996	94.3614666455	1	173424946072	1
0.78108473611	0.0867498131166	-0.618369715413	0	0.0444825391396	-0.995516854066	-0.0834715339589	0	0.62283861371	-0.0376916860064	0.781441871209	0	-205.126243031	68.1195099776	93.5778179933	1	173425279405	1
0.781601703266	0.0866293417255	-0.617733060961	0	0.0436449182778	-0.995477301995	-0.0843804617299	0	0.622249064732	-0.0389910036473	0.781847685342	0	-205.758427039	67.9741829385	92.6880178523	1	173425612739	1
0.781265233629	0.0862614130465	-0.618209999386	0	0.0432087260547	-0.995503021283	-0.0843014863942	0	0.622701887515	-0.0391497539553	0.781479146267	0	-206.228681623	67.8923945838	92.1117306095	1	173425946072	1
0.781769915878	0.086737904851	-0.617504926693	0	0.0425252117362	-0.995388899814	-0.0859799075037	0	0.622115266646	-0.0409569773006	0.781853644243	0	-206.800796796	67.7561095086	91.1569470198	1	173426279405	1
0.782158338062	0.0859739686023	-0.617119770323	0	0.0413695723761	-0.995414847102	-0.0862429165203	0	0.621704827617	-0.041925635252	0.782128728808	0	-207.523109655	67.5918811085	90.3670067019	1	173426612739	1
0.782781112322	0.085117978181	-0.61644842443	0	0.0397748034985	-0.995419337735	-0.0869385246542	0	0.621024713839	-0.0435347200837	0.782581007275	0	-208.258784957	67.4522213751	89.4964984707	1	173426946072	1
0.783231499347	0.0837864894495	-0.616058635697	0	0.037479983842	-0.99543866366	-0.0877332189154	0	0.620599443476	-0.045625552882	0.782799233317	0	-209.030845356	67.2462513533	88.624980761	1	173427279405	1
0.783654611184	0.0829207705379	-0.61563755261	0	0.0354061924488	-0.995401909063	-0.0890024773263	0	0.620186949159	-0.0479498200971	0.782987204778	0	-209.760067112	66.9909302569	87.7507498966	1	173427612739	1
0.782935432762	0.0823113668692	-0.61663355975	0	0.0332886437748	-0.995331263355	-0.0905954876623	0	0.621211698474	-0.050403522429	0.782020147186	0	-210.495161199	66.727842611	86.8450927844	1	173427946071	1
0.782396037331	0.0822413522077	-0.617327142409	0	0.0323693519391	-0.99527266276	-0.0915671983772	0	0.621939439032	-0.0516593336257	0.781359486681	0	-211.060960214	66.488409194	86.1372449979	1	173428279405	1
0.781363739668	0.0823873785	-0.618613794056	0	0.0314270392953	-0.995184554387	-0.0928441915798	0	0.623284082529	-0.0531038847248	0.780190316457	0	-211.630844687	66.3145893522	85.46851212	1	173428612739	1
0.781270735974	0.0825267047936	-0.618712679769	0	0.0306911472678	-0.995101254818	-0.0939763062624	0	0.623437318895	-0.0544319359864	0.77997632897	0	-212.171798002	66.2141935717	84.9565125134	1	173428946072	1
0.782546613622	0.0823048029172	-0.617127796267	0	0.0297441240792	-0.995033925974	-0.0949882795014	0	0.621881085572	-0.0559768307127	0.78110851348	0	-212.887993578	66.1130394879	84.4191553229	1	173429279404	1
0.782011754716	0.0824251333961	-0.617789375815	0	0.0301369268519	-0.995057945729	-0.0946121043069	0	0.62253464251	-0.0553695044776	0.7806310504	0	-213.273136056	66.0096115109	84.0499762887	1	173429612739	1
0.782867229799	0.0820012856119	-0.616761452804	0	0.0288792103389	-0.994997686822	-0.0956326012842	0	0.621518215113	-0.0570560459214	0.781319215114	0	-213.996033429	65.8610908498	83.2849718462	1	173429946072	1
0.783111418678	0.0815756177083	-0.616507846285	0	0.0277638992452	-0.994956850236	-0.096384812429	0	0.621261355497	-0.0583633854722	0.781426927743	0	-214.718702983	65.7007377053	82.4553637797	1	173430279405	1
0.783628347718	0.0811682328474	-0.615904481742	0	0.027246418187	-0.994964141686	-0.0964571897482	0	0.620632133674	-0.0588053971551	0.781893650004	0	-215.37511586	65.52361842	81.6819427949	1	173430612739	1
0.784092828257	0.081256145612	-0.615301450898	0	0.0268990892255	-0.994910206958	-0.0971088002668	0	0.620060380669	-0.0595912652215	0.782287674346	0	-215.963894862	65.3743218808	80.8203135717	1	173430946072	1
0.78430227683	0.0809638085943	-0.615073004007	0	0.026374144897	-0.994902528502	-0.0973312039472	0	0.619817991866	-0.0601150603325	0.782439669547	0	-216.660780455	65.2476396467	79.9514229107	1	173431279405	1
0.785658390687	0.0806947645337	-0.613375291417	0	0.0257462054252	-0.994862679194	-0.0979049664383	0	0.618124603983	-0.0611277721166	0.783699795474	0	-217.478412295	65.1127692019	79.0610150501	1	173431612739	1
0.785297744042	0.0813136135339	-0.613755284666	0	0.0255857049406	-0.994753128578	-0.0990534446026	0	0.618589383117	-0.0620830849668	0.783257853875	0	-218.169610302	65.0192451382	78.0204526038	1	173431946072	1
0.785908722895	0.0811030649	-0.613000629805	0	0.0252941014736	-0.99474783933	-0.0991813721394	0	0.617824965268	-0.0624422053794	0.783832433164	0	-218.907115945	64.866476552	77.2086073147	1	173432279405	1
0.786779410559	0.0811083293903	-0.611882013157	0	0.0251086626922	-0.99471379394	-0.0995691880218	0	0.61672336925	-0.0629754479858	0.784656854155	0	-219.609488182	64.6746487847	76.3794750648	1	173432612739	1
0.787211130708	0.0812426659427	-0.611308649472	0	0.0247899821437	-0.994651833606	-0.100265580777	0	0.616185112181	-0.0637758507101	0.785014998833	0	-220.192607364	64.5123923984	75.6386343825	1	173432946071	1
0.787138098811	0.0812693115225	-0.611399143281	0	0.0248279032089	-0.99465262616	-0.10024833413	0	0.616276876592	-0.063729524385	0.784946723733	0	-220.71714265	64.286286038	75.0420460757	1	173433279405	1
0.787582996311	0.0807690130128	-0.610892290391	0	0.0245097626169	-0.994694107293	-0.099914485704	0	0.615720955839	-0.0637181250036	0.78538379477	0	-221.246544551	64.1271215598	74.5933059403	1	173433612739	1
