0.728011531268	0.0542691618972	-0.683413541282	0	0.00950188394503	-0.99756492654	-0.0690936432603	0	0.685499033217	-0.0438072528751	0.726754428988	0	-186.460773399	94.3256920773	260.251600537	1	818337287014	1
0.727170410382	0.0548458500404	-0.684262469377	0	0.00860358485383	-0.997453001056	-0.0708059955904	0	0.686403068607	-0.0456009146534	0.72579017904	0	-186.61108689	94.2352085501	259.769998547	1	818340620347	1
0.726968314385	0.0555173139053	-0.68442304004	0	0.00579027453768	-0.997186464079	-0.07473706295	0	0.686646592216	-0.0503684793731	0.725244423408	0	-186.79717622	94.0442290175	259.247283826	1	818341287014	1
0.727188861199	0.0554253207787	-0.684196166289	0	0.000474646171295	-0.996775279496	-0.0802422388587	0	0.686437276711	-0.058026511205	0.724870187784	0	-187.367414555	93.7544528187	258.420717314	1	818341953236	1
0.725897675844	0.0553867049823	-0.685569017033	0	0.00064578657868	-0.996806870052	-0.0798476472818	0	0.687802404156	-0.0575184903136	0.723615558227	0	-187.46652781	93.3124000438	258.102885292	1	818342619902	1
0.726352333151	0.0554247615101	-0.685084216676	0	0.00470780398276	-0.99712120827	-0.0756778210565	0	0.687306427082	-0.0517435196883	0.724522244974	0	-187.794101474	92.7747243038	257.834515801	1	818343286569	1
0.726541594541	0.0545446136064	-0.684954156516	0	0.00542123774237	-0.997268338799	-0.0736645817943	0	0.687101099972	-0.0498070833929	0.724852628374	0	-188.168888111	92.5766749818	257.588058324	1	818343619902	1
0.728376453889	0.0536636022346	-0.68307244068	0	0.00636299436347	-0.997414996345	-0.0715739992488	0	0.68514761455	-0.0477864296736	0.726835059292	0	-188.703001448	92.2988913563	257.1960063	1	818343953236	1
0.728475901056	0.0533072265875	-0.682994290733	0	0.0081404631177	-0.997571175467	-0.0691771836517	0	0.685023061247	-0.0448340213599	0.727140506428	0	-189.083865836	91.8634592616	256.776733621	1	818344286569	1
0.728319346536	0.0523535993523	-0.683234974293	0	0.00828983930539	-0.997677303552	-0.0676112160902	0	0.685187717364	-0.0435786485766	0.727061684702	0	-189.619549164	91.4488660737	256.390899459	1	818344619902	1
0.727636276726	0.0500081686971	-0.684137874888	0	0.00703365515693	-0.9978305893	-0.0654571825862	0	0.685927092691	-0.0428170307302	0.726409475015	0	-190.430285062	90.9978148641	255.931937143	1	818344953236	1
0.728418225604	0.0487040286821	-0.683399448491	0	0.00539352164652	-0.997846843694	-0.0653650246963	0	0.685111522697	-0.0439271455872	0.727112513541	0	-191.202801945	90.5861655486	255.301975143	1	818345286569	1
0.727282625048	0.0476458054265	-0.684682306277	0	0.00477180083142	-0.997914410747	-0.0643743640047	0	0.686321508639	-0.0435511888408	0.725993168515	0	-191.759530887	90.0709288163	254.762835853	1	818345619902	1
0.726927376131	0.0467922753481	-0.685118291099	0	0.00391822329822	-0.997942192331	-0.0640002210326	0	0.68670316539	-0.0438390662968	0.725614841985	0	-192.306863643	89.6679893017	254.287973012	1	818345953236	1
0.728535070036	0.0456056248869	-0.683488682208	0	0.00194989685495	-0.997915332551	-0.0645072628577	0	0.685005729633	-0.045663070832	0.727105242954	0	-193.165825975	89.2310818271	253.677457575	1	818346286569	1
0.728006157946	0.0444109301325	-0.68413061858	0	-6.93882864821e-05	-0.99789482312	-0.064853042919	0	0.685570586576	-0.0472608852579	0.726470494615	0	-193.778712254	88.8760921658	253.141205783	1	818346619902	1
0.727940399522	0.0423589785232	-0.684330688836	0	-0.00143389868985	-0.997993546656	-0.0632994847388	0	0.685638912751	-0.0470595130884	0.726419082589	0	-194.406292084	88.5258685113	252.910213134	1	818346953236	1
0.728390854452	0.0412246521568	-0.68392052989	0	-0.00203042968538	-0.998054022036	-0.0623221184958	0	0.685158843266	-0.0467835136888	0.726889718142	0	-194.86721551	88.2674381478	252.653904368	1	818347286569	1
0.728108476983	0.0400080010301	-0.684293362235	0	-0.00461524785937	-0.997986459958	-0.0632591908628	0	0.685446383923	-0.0492177365895	0.726457754568	0	-195.65171818	87.8869396273	252.000319198	1	818347619902	1
0.728624953507	0.0393543675424	-0.683781332652	0	-0.00686600772641	-0.997878013594	-0.064748188574	0	0.68487848197	-0.0518719938025	0.726808613869	0	-196.321511851	87.4709295019	251.364041048	1	818347953236	1
0.728202946418	0.038169315295	-0.684297868035	0	-0.00944594965775	-0.997794198448	-0.0657077741038	0	0.685296463484	-0.0543124379173	0.726236129798	0	-197.010240563	87.000679348	250.645600855	1	818348286569	1
0.728395254863	0.0369048072227	-0.684162544939	0	-0.0117711777156	-0.997726896973	-0.0663511750558	0	0.685056050312	-0.0563832799681	0.72630512436	0	-197.658367947	86.5696408178	250.082965684	1	818348619902	1
0.727848232865	0.036375472918	-0.684772790701	0	-0.0129764182909	-0.997682662663	-0.0667900979997	0	0.685615462547	-0.0574989529684	0.725689539627	0	-198.119538856	86.1368317865	249.553321474	1	818348953236	1
0.728358233517	0.0354482726561	-0.684278966237	0	-0.0142428366664	-0.997661842285	-0.0668430254551	0	0.685048483884	-0.0584317414937	0.726150333136	0	-198.71612279	85.8420047538	249.099242198	1	818349286569	1
0.727371403397	0.0359355442681	-0.685302472036	0	-0.01406586782	-0.997637478165	-0.0672429440382	0	0.686099841774	-0.058549968562	0.725147507959	0	-198.937896028	85.5949448085	248.721969202	1	818349619902	1
0.726877515297	0.0383873993566	-0.685693433924	0	-0.0124764332595	-0.997533723198	-0.0690710481804	0	0.686653782025	-0.0587612002451	0.724605896317	0	-199.064925544	85.1948086899	248.073240808	1	818350286569	1
0.726519251071	0.0397060013677	-0.685997967401	0	-0.0143526659377	-0.997234437834	-0.0729210324777	0	0.686996199992	-0.062824433563	0.723940129945	0	-199.907941967	84.677092091	247.062255041	1	818350953236	1
0.72626719841	0.0405648035615	-0.686214582493	0	-0.0150914166872	-0.997075849294	-0.0749132825089	0	0.687246830227	-0.0647630100126	0.723531303316	0	-200.269883409	84.5078788859	246.560833149	1	818351286569	1
0.725404289335	0.0406173643709	-0.687123603674	0	-0.00971616112045	-0.997553753942	-0.069225025893	0	0.688254468368	-0.056892334355	0.723235127095	0	-200.491090691	84.0661772851	246.361872423	1	818352286569	1
0.727350151427	0.0412762179018	-0.685024109835	0	-0.0102795656432	-0.997422311384	-0.0710145286765	0	0.686189542145	-0.0586941784906	0.72505096763	0	-201.082056489	83.881405286	245.59409961	1	818352619902	1
0.727999136511	0.0424802539117	-0.684260685168	0	-0.00950903052694	-0.997356794509	-0.0720347331833	0	0.685512097324	-0.0589478792999	0.725670939165	0	-201.369743265	83.7223545781	244.970018502	1	818352953236	1
0.726302396617	0.0427363870731	-0.686045501326	0	-0.00961895224379	-0.997335731734	-0.0723112298601	0	0.687308012777	-0.059118858464	0.723956252924	0	-201.755548324	83.5631624381	244.330032076	1	818353286569	1
0.725498497438	0.0426476545415	-0.686901090243	0	-0.00969005412611	-0.997346226967	-0.0721568181484	0	0.688155529706	-0.0590057718903	0.72315993101	0	-202.195504114	83.3509207922	243.815503144	1	818353619902	1
0.727446091849	0.0435785807254	-0.68477959283	0	-0.00962086294309	-0.997235290056	-0.0736832088258	0	0.686097385544	-0.060188732904	0.725015650853	0	-202.813577995	83.1346014284	243.066382114	1	818353953236	1
0.726167134644	0.0451890630183	-0.686031516147	0	-0.00938172706643	-0.997093378227	-0.0756093796639	0	0.687454199027	-0.0613412070262	0.723632489984	0	-203.25919887	82.9764252015	242.207815005	1	818354286569	1
0.724362611932	0.0454096084122	-0.687922069641	0	-0.00873057639387	-0.997144233875	-0.0750143578588	0	0.689363897714	-0.060343552373	0.721897549667	0	-203.565521545	82.8562471216	241.830835487	1	818354619902	1
0.723742791007	0.0461462507343	-0.68852516004	0	-0.00828948478813	-0.997108197858	-0.0755415528477	0	0.690020040946	-0.0603801731354	0.721267341411	0	-203.915622154	82.7034800725	241.330137009	1	818354953236	1
0.723840325903	0.0472558513964	-0.688347344809	0	-0.00915330832454	-0.996906324058	-0.0780640634293	0	0.689906804969	-0.0628065725954	0.721168451123	0	-204.486124479	82.6028897598	240.627038853	1	818355286569	1
0.72237371069	0.0475199737366	-0.689868157114	0	-0.00677639254977	-0.9971016322	-0.0757787276699	0	0.69146966861	-0.0594153781385	0.719957991992	0	-204.665076113	82.4612796881	240.360734542	1	818355953236	1
0.720448394437	0.0473395441224	-0.691890944091	0	-0.00492084265506	-0.997293437045	-0.0733592920814	0	0.693491093137	-0.0562562706675	0.718265505054	0	-204.780063096	82.3872863913	239.986125832	1	818356619902	1
0.719912689144	0.0477081091142	-0.692423032787	0	-0.00355646147762	-0.997368133831	-0.0724165533607	0	0.694055524862	-0.0545961715108	0.717848303241	0	-205.050666615	82.3382691336	239.60141485	1	818356953236	1
0.718353400697	0.0492083093026	-0.693935828447	0	-0.0014829959506	-0.997384609532	-0.0722616177004	0	0.69567678733	-0.0529384828385	0.716401650336	0	-205.163758994	82.3405304811	239.145484486	1	818357286569	1
0.717711448866	0.0501342954417	-0.694533533091	0	0.000524362871639	-0.997443491501	-0.0714577239087	0	0.696340434853	-0.0509218389613	0.71590290201	0	-205.353305983	82.3303421381	238.737206784	1	818357619902	1
0.717429323184	0.0503381787124	-0.694810214375	0	0.000153558392729	-0.997397273828	-0.0721016960991	0	0.696631281709	-0.051621177093	0.715569780957	0	-205.885973655	82.3266466802	238.118734111	1	818357953236	1
0.713868053146	0.0512507204439	-0.698402295494	0	-0.00043708102857	-0.997285504612	-0.0736303690786	0	0.700280095146	-0.0528676266202	0.711907860891	0	-206.196575174	82.3682249425	237.526134456	1	818358286569	1
0.71158007354	0.0526259364968	-0.70063136509	0	-5.94554956866e-05	-0.997186448356	-0.0749612145123	0	0.702605006675	-0.0533825629205	0.709574877353	0	-206.419936961	82.399678911	236.954342277	1	818358619902	1
0.71008184047	0.0540481826428	-0.702041717983	0	-0.00171897740344	-0.996913561841	-0.0784881859531	0	0.704117053445	-0.0569398293862	0.707797309177	0	-206.979701645	82.4131003281	236.10414808	1	818358953236	1
0.709022996083	0.0558112932239	-0.702973321382	0	-0.00540729677344	-0.996403590786	-0.0845614889294	0	0.705164627706	-0.0637572256065	0.706171271021	0	-208.031226653	82.4210792026	234.736238363	1	818359286569	1
0.709415115211	0.0569032191408	-0.702490012713	0	-0.00636280002607	-0.996177672142	-0.0871180825167	0	0.704762164908	-0.0662726880168	0.70634143425	0	-208.598495181	82.4350445983	234.031388161	1	818359619902	1
0.708622947533	0.0595289755745	-0.703071702813	0	-0.00692959658159	-0.995799459893	-0.0912985014517	0	0.705553328191	-0.0695682164725	0.705233836636	0	-209.146507856	82.5008769846	232.960771834	1	818359953236	1
0.707093762929	0.0612197716659	-0.704464725862	0	-0.00766452753935	-0.9955231629	-0.0942066194422	0	0.707078259774	-0.0720123023261	0.703458998712	0	-209.806072527	82.4885973141	231.880703301	1	818360286569	1
0.709192492846	0.0618821093691	-0.702293822151	0	-0.00752081439306	-0.995419671987	-0.0953053722056	0	0.704974783551	-0.0728716759818	0.705478754746	0	-210.514883907	82.4738894919	231.125347992	1	818360619902	1
0.707072070486	0.0644978132342	-0.704193950007	0	-0.000956342939937	-0.995743623903	-0.0921613848935	0	0.7071408435	-0.065838192148	0.704000823798	0	-210.620470217	82.6120600261	230.419698468	1	818361286569	1
0.70595546344	0.0650279021699	-0.705264670587	0	0.00163885437161	-0.995923481197	-0.0901872150402	0	0.708254331293	-0.0625123311015	0.703184193981	0	-210.940710765	82.5700067513	229.84659092	1	818361953236	1
0.705349553773	0.0650319469774	-0.70587028048	0	0.0014753268458	-0.995915365534	-0.090279610681	0	0.708858117258	-0.0626372937342	0.702564402052	0	-211.267392042	82.5664472724	229.441201409	1	818362286569	1
0.705391441415	0.0652216878021	-0.705810913644	0	0.000715083518352	-0.995822620183	-0.0913060665403	0	0.708817609145	-0.0639018041354	0.702491392398	0	-211.63896174	82.5643919715	228.950322642	1	818362619902	1
0.706115588331	0.0651829015068	-0.705090040539	0	-5.75517455731e-05	-0.995748758976	-0.0921108336985	0	0.708096584234	-0.0650814746913	0.703109969385	0	-212.088476351	82.568986669	228.342495576	1	818362953236	1
0.706816165192	0.0653321143823	-0.704373923036	0	-0.000381324959618	-0.995690753291	-0.0927349901704	0	0.707397175012	-0.0658151854892	0.703745407192	0	-212.66129311	82.5390769658	227.591932514	1	818363286569	1
0.706748357118	0.06619243002	-0.704361641431	0	0.00105533213008	-0.995710909273	-0.09251308788	0	0.707464236541	-0.0646401373997	0.703786904291	0	-212.811566071	82.6071303134	227.079955116	1	818363619902	1
0.706723124776	0.0666908988265	-0.704339938467	0	0.00270186525724	-0.995794383174	-0.0915764509156	0	0.707485070394	-0.062816163938	0.703931107934	0	-213.062601119	82.7040362991	226.646968451	1	818363953236	1
0.70784280367	0.0673110401701	-0.70315559385	0	0.00494815677874	-0.995897489534	-0.0903532295153	0	0.706352660529	-0.0604765591825	0.70527193674	0	-213.317680292	82.8258967948	226.298098556	1	818364286569	1
0.706390061662	0.0675689697865	-0.704590317211	0	0.00554762285703	-0.995931170221	-0.0899462509632	0	0.70780103466	-0.0596283364156	0.703890727905	0	-213.586846698	82.9240961866	225.869403702	1	818364619902	1
0.705785428602	0.0677965326127	-0.70517413377	0	0.00373096163747	-0.995752113976	-0.0919989534558	0	0.708415844471	-0.062300543155	0.703040278807	0	-214.192563478	82.9998298299	225.053883807	1	818364953236	1
0.705868380429	0.067801466336	-0.705090625859	0	0.00149715105645	-0.99554903285	-0.0942331243791	0	0.708341434656	-0.0654605557128	0.702828092492	0	-214.826114229	83.1059470997	224.276035073	1	818365286569	1
0.706241646713	0.0688748558536	-0.704612652937	0	-0.000589819270073	-0.995198990866	-0.0978704280807	0	0.707970612781	-0.0695357664129	0.702810350399	0	-215.546159776	83.1883137812	223.137827082	1	818365619902	1
0.707435778815	0.0697452514644	-0.703327959596	0	-0.00186675376643	-0.994931301819	-0.100539643384	0	0.706775165157	-0.0724382810368	0.703719803159	0	-216.386655591	83.3698288561	221.954631876	1	818365953236	1
0.708462015611	0.0707129124768	-0.702197448333	0	-0.00304707032056	-0.994652012797	-0.103238020131	0	0.705742366447	-0.0752798608337	0.704457702601	0	-217.273601965	83.5911929934	220.783640923	1	818366286569	1
0.707940040874	0.0709261476576	-0.702702198734	0	-0.00429647113489	-0.994493919104	-0.104706185116	0	0.706259469928	-0.0771448406838	0.703737333593	0	-218.121250089	83.8965174945	219.841344386	1	818366619902	1
0.707459007282	0.0722923601757	-0.703047343837	0	-0.00414150060975	-0.994313719161	-0.106409942487	0	0.706742245086	-0.0781923432799	0.703136797831	0	-218.663460624	84.051519193	218.746084479	1	818366953236	1
0.707777705314	0.0721647552756	-0.702739616043	0	-0.004104245122	-0.994331810548	-0.106242203031	0	0.706423297345	-0.0780800783098	0.703469705345	0	-219.533224486	84.1356297474	217.829531443	1	818367286569	1
0.707868037553	0.0727060996696	-0.702592815564	0	-0.00238503516374	-0.994436604904	-0.105309783182	0	0.706340677731	-0.0762211381269	0.70375648138	0	-220.096512505	84.2411085854	217.058712921	1	818367619902	1
0.707820592706	0.0731691994438	-0.702592539666	0	-0.000838670455458	-0.994533217471	-0.104417316467	0	0.706391750499	-0.0744979704356	0.703889726611	0	-220.358454969	84.2856865692	216.607894689	1	818367953236	1
0.707148526177	0.0742187181752	-0.703158974768	0	-0.000437628512555	-0.994429539687	-0.105402557271	0	0.707064898299	-0.0748429854459	0.70317690315	0	-220.71804816	84.3482042643	215.841537248	1	818368286569	1
0.70684158145	0.0745427944374	-0.703433259472	0	-0.000934524379112	-0.994332760689	-0.106308455373	0	0.707371264187	-0.0758006122474	0.702766078994	0	-221.191102283	84.4402878389	215.23806426	1	818368619902	1
0.707721336161	0.0744444551619	-0.702558562283	0	-0.000312406079363	-0.994399799092	-0.105683215166	0	0.706491622558	-0.075013749813	0.703734697592	0	-221.854794914	84.7161194597	214.361386816	1	818369286569	1
0.708385219281	0.0743755000646	-0.701896478189	0	-0.00139779388793	-0.994282919457	-0.106768545218	0	0.705824643432	-0.076614365924	0.704231362308	0	-222.388457384	84.8428956238	213.65367886	1	818369619902	1
0.709096783281	0.0743417946768	-0.701181181653	0	-0.000994816740603	-0.994319968614	-0.106427488719	0	0.705110461048	-0.0761649366812	0.704995134835	0	-222.822409764	85.0239408005	213.200529692	1	818369953236	1
0.708233621921	0.0744770988557	-0.702038673099	0	-0.000518391651215	-0.994364712675	-0.106012025054	0	0.705977951533	-0.075445211458	0.704203913663	0	-223.08291834	85.1805728439	212.919747152	1	818370286569	1
0.707328541631	0.0750016792796	-0.702894787504	0	-0.000632339845428	-0.994287753324	-0.106730800314	0	0.706884668345	-0.0759382097148	0.70324067997	0	-223.406470642	85.2730967248	212.287880796	1	818370619902	1
0.706330078249	0.0745124936055	-0.703950075543	0	-0.000558172993387	-0.994385686735	-0.105814906605	0	0.707882411847	-0.0751331771833	0.70232292906	0	-223.666797104	85.33332288	212.000871781	1	818370953236	1
0.706367265177	0.0756584579276	-0.703790511751	0	0.00175880981594	-0.994455860293	-0.105140137515	0	0.7078433395	-0.0730297177363	0.702584135213	0	-224.003748901	85.5893449301	211.370807331	1	818371619902	1
0.70622320336	0.0753410408429	-0.703969114806	0	0.00154688833969	-0.994483576828	-0.104880992345	0	0.707987566397	-0.0729804287701	0.702443921494	0	-224.365698746	85.6698108956	210.852734102	1	818371953236	1
0.706636975391	0.0740210349244	-0.703693876199	0	0.00151970437253	-0.994669576625	-0.103102491896	0	0.707574643066	-0.0717866263683	0.70298279123	0	-225.017867961	85.9275183951	210.049891592	1	818372619902	1
0.708277596882	0.0730645821881	-0.702142729497	0	0.00177776772354	-0.994810849968	-0.101726163439	0	0.705931785159	-0.0708021158985	0.704732130023	0	-225.642641532	86.1005976478	209.414517126	1	818372953236	1
0.709542673633	0.0722339249607	-0.700950393664	0	0.000933933181669	-0.994827649247	-0.101573008534	0	0.704661849444	-0.071415743213	0.70594013171	0	-226.338577754	86.1874542689	208.62375897	1	818373286569	1
0.711265420514	0.0699665044199	-0.699432762916	0	-6.22211581328e-05	-0.995027647218	-0.099599083327	0	0.702923536175	-0.070884903402	0.707724404525	0	-227.080523359	86.2948470925	208.062104268	1	818373619902	1
0.710840415571	0.0692239650309	-0.699938530341	0	0.000985278337423	-0.995242002732	-0.0974288726445	0	0.703352637599	-0.0685667460478	0.707526443689	0	-227.343943515	86.3625561975	207.459445163	1	818373953236	1
0.712542377877	0.0684057652606	-0.698286482046	0	-0.000330109329382	-0.995203158512	-0.0978292610422	0	0.701628997945	-0.0699380051713	0.709101843656	0	-228.195501432	86.4483009218	206.472759505	1	818374286569	1
0.714548927579	0.0670049811466	-0.696369271721	0	-0.000822570450208	-0.995321550873	-0.0966143557969	0	0.699584986598	-0.0696084971087	0.711150830455	0	-228.807737008	86.5449150759	206.001361354	1	818374619902	1
0.715874270981	0.0664377662143	-0.695061185341	0	-0.00116560374994	-0.995347675065	-0.0963413053195	0	0.698228235977	-0.0697784276351	0.712466351151	0	-229.331048129	86.6261762633	205.422358901	1	818374952791	1
0.716714230939	0.0661443764998	-0.69422304242	0	-0.00364425306988	-0.995122861298	-0.0985759115673	0	0.69735746256	-0.0731806831016	0.712977669379	0	-230.13902872	86.7533074836	204.465530625	1	818375286125	1
0.715623852932	0.0648945985455	-0.695464731093	0	-0.00485903398005	-0.995188131576	-0.0978620077359	0	0.698468962018	-0.0734116737919	0.711865040052	0	-230.594234584	86.8903625895	203.961994844	1	818375619458	1
0.716504129803	0.0640314690107	-0.694637893404	0	-0.00682506978022	-0.995087211774	-0.0987666916806	0	0.697549460897	-0.0755076945705	0.712547077506	0	-231.457156402	86.9843016752	202.983032132	1	818375952791	1
0.714773924206	0.0643706855458	-0.696386855216	0	-0.00680500387006	-0.995067745246	-0.0989640050359	0	0.699322478687	-0.0754758054794	0.710810434356	0	-231.876011395	87.1293917908	202.221554152	1	818376286125	1
0.715467688282	0.064031362924	-0.695705377	0	-0.00676794263406	-0.995109273266	-0.0985481060848	0	0.69861304166	-0.0752164797268	0.711535170741	0	-232.470009719	87.2427166812	201.420166613	1	818376619458	1
0.715594988365	0.063218890407	-0.695648750824	0	-0.00716766136893	-0.99517903294	-0.0978126629167	0	0.698478659128	-0.0749804260594	0.711691996899	0	-233.075225115	87.3270560015	200.717902694	1	818376952791	1
0.715120330001	0.0627713226173	-0.696177186265	0	-0.00766227593025	-0.995195899985	-0.0976033307866	0	0.6989593716	-0.0751324278188	0.711203849218	0	-233.840963973	87.3923850237	199.827863609	1	818377286125	1
0.715763045631	0.0623948361971	-0.695550247592	0	-0.0066076142817	-0.9953508818	-0.0960883007123	0	0.69831196606	-0.073372382517	0.712023097618	0	-234.290808696	87.4896726486	199.392074108	1	818377619458	1
0.716645149793	0.0619176337423	-0.69468405474	0	-0.00573646911089	-0.995494381455	-0.0946468669031	0	0.697414383419	-0.0718132517311	0.713061031522	0	-234.60668463	87.5456368238	198.99519957	1	818377952791	1
0.716310827327	0.0618320088094	-0.695036402888	0	-0.00583656269179	-0.99550042255	-0.0945771813882	0	0.697756929876	-0.071803282585	0.712726844886	0	-235.018222768	87.5746468945	198.255019693	1	818378286125	1
0.718758223918	0.0607340411415	-0.692602333087	0	-0.0069528899233	-0.995499589008	-0.0945104523628	0	0.695225339636	-0.0727457526645	0.715101239404	0	-235.590282807	87.5877605512	197.718839954	1	818378619458	1
0.719538148553	0.0601333896448	-0.691844511597	0	-0.00702047990919	-0.995563164537	-0.0938333537621	0	0.694417428956	-0.0723737581324	0.715923510925	0	-236.036616089	87.7154590287	197.16458224	1	818378952791	1
0.721395104651	0.0579375260727	-0.690095896277	0	-0.00745131448924	-0.995787176686	-0.0913913379982	0	0.692483632224	-0.0710713853903	0.717924283808	0	-236.841508463	87.8662377385	196.355754391	1	818379619458	1
0.72140894102	0.0567510099368	-0.690180021942	0	-0.00420756103418	-0.996258862952	-0.0863167099699	0	0.692496524357	-0.0651736208986	0.718471267966	0	-236.899300283	88.2183520065	196.289845845	1	818380286125	1
0.72092531621	0.0566248926093	-0.690695526252	0	-0.0049942503189	-0.996205898362	-0.0868842076154	0	0.69299476615	-0.066086531201	0.717907253399	0	-237.301505247	88.2983679804	195.864835379	1	818380619458	1
0.720367489648	0.0569816312921	-0.691247982676	0	-0.00616839860695	-0.9960538833	-0.0885359385904	0	0.693565159676	-0.0680423049194	0.717173350052	0	-237.732368754	88.4411493047	195.290136769	1	818380952791	1
0.719873733628	0.0577711058885	-0.691696687109	0	-0.00676898782484	-0.995898580973	-0.0902230415108	0	0.69407203404	-0.0696312842052	0.716530177887	0	-237.958813395	88.5583704021	194.917110457	1	818381286125	1
0.718439161967	0.058477329631	-0.693127385457	0	-0.00742951950647	-0.99575801342	-0.0917103099448	0	0.695550122415	-0.0710378816512	0.714957094222	0	-238.311823615	88.6994192699	194.445957717	1	818381619458	1
0.718307581148	0.0581080919471	-0.693294791928	0	-0.00717920584068	-0.995833833274	-0.0909034405906	0	0.695688635719	-0.0702739365482	0.714897822051	0	-238.886019894	88.908320872	193.947869881	1	818382286125	1
0.718041836237	0.059332987089	-0.69346630636	0	-0.00648449790994	-0.995746171288	-0.0919103566054	0	0.695969735477	-0.0704922620403	0.714602664627	0	-239.21592645	89.0576898351	193.351963301	1	818382619458	1
0.717858646878	0.0601541780764	-0.693585205986	0	-0.00537997135642	-0.995751024044	-0.0919290706145	0	0.696168096806	-0.0697235467815	0.714484854992	0	-239.435743767	89.1722133388	192.877508102	1	818382952791	1
0.718006793811	0.0603840462397	-0.69341186246	0	-0.00465335263874	-0.995791043304	-0.091534389082	0	0.696020538742	-0.0689490031482	0.714703746048	0	-239.727983628	89.2912774657	192.474110522	1	818383286125	1
0.718168786311	0.0610113739658	-0.693189156447	0	-0.00457393200956	-0.995713601182	-0.0923769644823	0	0.695853916792	-0.0695128525367	0.714811366598	0	-240.100758312	89.4683909963	191.835957371	1	818383619458	1
0.718920689393	0.0602059248147	-0.692479811243	0	-0.00380000628263	-0.995886482606	-0.0905299603169	0	0.695081723479	-0.0677152891151	0.71573461374	0	-240.745539043	89.7041870468	191.167657222	1	818384286125	1
0.720029273689	0.0591215588199	-0.691420629077	0	-0.00322288380303	-0.996068524917	-0.0885274346675	0	0.693936206039	-0.0659707128317	0.717007954626	0	-241.306137219	89.9324133777	190.606161763	1	818384952791	1
0.720345910126	0.0584376316674	-0.691148907956	0	-0.00477975971336	-0.996002701797	-0.0891951338975	0	0.69359853205	-0.0675548756124	0.717187154876	0	-241.820465695	90.0665200872	190.03267755	1	818385286125	1
0.720855809811	0.0572386037689	-0.690717484721	0	-0.00671121673123	-0.995960826125	-0.0895376590799	0	0.693052567293	-0.0691792964847	0.717560007182	0	-242.320138014	90.2138313001	189.565087065	1	818385619458	1
0.720353660852	0.0565479848292	-0.691298002824	0	-0.00851822026337	-0.995874686841	-0.0903385191028	0	0.693554643284	-0.0709643116074	0.716900288226	0	-242.782893172	90.4920472425	188.988744773	1	818385952791	1
0.72045127852	0.0543226799638	-0.691374718745	0	-0.0115349880938	-0.995850881836	-0.0902660799903	0	0.693409618716	-0.0730073118851	0.716835429567	0	-243.572117189	90.7490933555	188.286330322	1	818386286125	1
0.720774616526	0.0529147576482	-0.69114685892	0	-0.0117195123275	-0.996009259032	-0.0884771662803	0	0.693070418647	-0.0718719997302	0.71727805658	0	-243.931085764	90.9203394317	188.04112974	1	818386619458	1
0.721584613373	0.0526905723084	-0.690318295667	0	-0.0113837796476	-0.996061895374	-0.087926731681	0	0.692232659807	-0.0713050080498	0.718143119805	0	-244.307802483	91.2061794685	187.547948794	1	818386952791	1
0.721799047223	0.0521556151202	-0.690134716732	0	-0.0126051884849	-0.996000468884	-0.0884543679272	0	0.691987893428	-0.072545556677	0.718254758116	0	-244.879957894	91.3666266074	186.835458309	1	818387286125	1
0.721069167597	0.052276693917	-0.69088812612	0	-0.0129322807421	-0.995960391984	-0.088857491038	0	0.692742384769	-0.0730071563059	0.717480273926	0	-245.277142508	91.5058447168	186.31277347	1	818387619458	1
0.721134140246	0.0529854083306	-0.690766312348	0	-0.0139011553572	-0.995763673809	-0.0908925948648	0	0.692655982181	-0.0751482030761	0.717342622408	0	-245.891864757	91.6847933337	185.448766079	1	818387952791	1
0.721317025117	0.0521186728655	-0.690641291276	0	-0.0144029332704	-0.995820297394	-0.0901914120675	0	0.692455272772	-0.0750038614756	0.7175514727	0	-246.60550713	91.8718893656	184.671079201	1	818388619458	1
0.721426453215	0.0523190627815	-0.690511830652	0	-0.0159383996809	-0.995623225244	-0.0920888743063	0	0.692307619499	-0.0774410035127	0.717435049993	0	-247.255581944	92.0676253514	183.978706808	1	818388952791	1
0.720341236504	0.0524071526271	-0.691637183316	0	-0.0171765526144	-0.995487980822	-0.0933201268749	0	0.693407145213	-0.0791022780531	0.716190868815	0	-247.839143747	92.2140862945	183.206980999	1	818389286125	1
0.719156729699	0.0520635528219	-0.692894641772	0	-0.0173195295988	-0.995536011496	-0.09277975916	0	0.694632011948	-0.0787237974368	0.715044706081	0	-248.387752475	92.3470335031	182.505600853	1	818389619458	1
0.719129331256	0.0527774698343	-0.692869066711	0	-0.0168830877962	-0.995490032263	-0.0933517916908	0	0.694671120944	-0.0788297808147	0.714995034517	0	-248.793737611	92.416644561	181.858715866	1	818389952791	1
0.718071128742	0.0538532429961	-0.693883046548	0	-0.0141548951774	-0.995665476637	-0.0919233244431	0	0.695825763399	-0.0758293271298	0.714196345648	0	-248.872684751	92.6373635427	181.595367222	1	818390286125	1
0.717559645457	0.0545590308578	-0.694356873202	0	-0.0134152494005	-0.995659630143	-0.0920974048884	0	0.696367852715	-0.0754003518262	0.713713248195	0	-249.289661931	92.7763262726	180.873675792	1	818390619458	1
0.717563087228	0.0544481692723	-0.694362018482	0	-0.013220831657	-0.995695252946	-0.0917397017118	0	0.696368024437	-0.0750090669371	0.713754309563	0	-249.842730798	92.9257542298	180.107555871	1	818390952791	1
0.717412040506	0.0542310639742	-0.694535064512	0	-0.0131136338216	-0.995737516456	-0.0912952952194	0	0.696525661225	-0.0746042225442	0.713642917175	0	-250.318414703	92.9828075176	179.605956036	1	818391286125	1
0.717740469874	0.0549892071971	-0.694136013326	0	-0.0124127365608	-0.995707979369	-0.0917144688284	0	0.696200073166	-0.0744433134219	0.713977346427	0	-250.554005782	93.0441546628	179.164501101	1	818391619458	1
0.716819861009	0.0558259308104	-0.695019965405	0	-0.0121671233678	-0.995636389403	-0.0925210311491	0	0.697152241603	-0.0747773063509	0.713012697281	0	-250.834469774	93.2069028938	178.660461185	1	818391952791	1
0.716719044247	0.0555036766588	-0.695149734584	0	-0.0130493234913	-0.995585638197	-0.0929459637183	0	0.697239934865	-0.0756873760443	0.712830901643	0	-251.394702066	93.3159824779	178.03681048	1	818392286125	1
0.717599684549	0.0556223127987	-0.694231122216	0	-0.0133573947799	-0.995523183129	-0.0935690753295	0	0.696327704992	-0.076418258108	0.713644152984	0	-251.810040362	93.4306708325	177.503082582	1	818392619458	1
0.719341816847	0.0555858837307	-0.692428740063	0	-0.01489902599	-0.995329443224	-0.0953798641051	0	0.694496486356	-0.0789272385304	0.715153914523	0	-252.480813087	93.6032046726	176.791949532	1	818392952791	1
0.717673170415	0.0554377551031	-0.694169918519	0	-0.0131329602226	-0.995571465847	-0.0930858837114	0	0.696256235751	-0.0759217472117	0.713766868436	0	-252.80605774	93.7553671179	176.285195796	1	818393619458	1
0.717369580697	0.0553339531976	-0.694491928185	0	-0.0135158369177	-0.995548003867	-0.0932817996656	0	0.696561703544	-0.0763041651547	0.71342796941	0	-253.291893461	93.8557622542	175.674210181	1	818393952791	1
0.718559750634	0.0551129743351	-0.693278042945	0	-0.01458339985	-0.995441831065	-0.0942490605496	0	0.695312310561	-0.0778339323534	0.714480699359	0	-253.922407496	93.9794984833	175.022428478	1	818394286125	1
0.718952891203	0.0546807667653	-0.692904577829	0	-0.0151239720405	-0.995433914045	-0.0942474839951	0	0.694894240659	-0.0782389705687	0.714843100116	0	-254.375979733	94.1481910402	174.492288338	1	818394619458	1
0.717729511514	0.0531771585825	-0.694288512152	0	-0.0157269308497	-0.995587338396	-0.0925122438996	0	0.696144390157	-0.0773177950435	0.713726100561	0	-254.845662747	94.3154881964	174.1102591	1	818394952791	1
0.717248996746	0.0529942719245	-0.694798880116	0	-0.0148542410412	-0.995714459112	-0.0912801590569	0	0.696658616677	-0.0757913125468	0.713388007155	0	-255.078681942	94.4072566761	173.738402479	1	818395286125	1
0.716560544386	0.0537043131006	-0.695454407552	0	-0.0145669986451	-0.995662054327	-0.0918960071187	0	0.697372776053	-0.0759797363005	0.712669833016	0	-255.516614104	94.4949744437	173.006777447	1	818395619458	1
0.717649088914	0.0530018644559	-0.694385042714	0	-0.014583948396	-0.995737113998	-0.0910763869305	0	0.69625217675	-0.0754877617322	0.713816856203	0	-255.994954133	94.4990956515	172.521507085	1	818395952791	1
0.71712827884	0.0526494800402	-0.694949684466	0	-0.0143692453484	-0.995813591238	-0.09027079425	0	0.696793051398	-0.0747216418309	0.713369553433	0	-256.458231228	94.4850913238	172.008829252	1	818396286125	1
0.716696647327	0.0542753929663	-0.695269801896	0	-0.0126343920765	-0.995792727524	-0.0907591094415	0	0.697270598726	-0.0738310607272	0.712995572654	0	-257.090742038	94.4217437984	170.844447807	1	818396952791	1
0.717087380533	0.0543820867593	-0.694858458479	0	-0.0132584120001	-0.995706686502	-0.0916100920506	0	0.696857161254	-0.0749051606632	0.713287679492	0	-257.64315849	94.4127658885	170.1318309	1	818397286125	1
0.717402569215	0.0546513276764	-0.694511904914	0	-0.0125167636501	-0.995746156745	-0.0912848396795	0	0.696546397817	-0.0741810198824	0.713666793383	0	-258.028797606	94.4796443048	169.712534796	1	818397619458	1
0.717704679169	0.0545917237002	-0.694204391518	0	-0.012905242776	-0.995708217671	-0.0916438757932	0	0.696228014524	-0.0747321146827	0.713919927462	0	-258.56917716	94.473449611	169.153422787	1	818397952791	1
0.716331683172	0.0553817088514	-0.695558614359	0	-0.0109123097495	-0.995834085363	-0.0905284260595	0	0.697674595482	-0.0724385308628	0.712743164166	0	-259.170087009	94.5374720886	168.339339074	1	818398619458	1
0.714004793072	0.0568081677168	-0.697832349172	0	-0.00985891804988	-0.995788265388	-0.0911511505711	0	0.700071394362	-0.0719622303449	0.710437527302	0	-259.407118798	94.6583447623	167.840628367	1	818398952791	1
0.712833651282	0.0570264337435	-0.699010852172	0	-0.00960908524611	-0.995801043866	-0.0910381596702	0	0.701267317847	-0.0716119186302	0.709292522186	0	-259.757983904	94.7574019778	167.441833038	1	818399286125	1
0.711466952437	0.0568109434787	-0.700419368872	0	-0.00887936626521	-0.99592037874	-0.0897984190578	0	0.702663456033	-0.0701078876561	0.708059991557	0	-260.037657342	94.8131812272	167.062147307	1	818399619458	1
0.712021438451	0.0567437954776	-0.69986113827	0	-0.00844385881231	-0.995965206618	-0.0893420866879	0	0.702106952276	-0.0695230097176	0.708669442467	0	-260.338464935	94.8619706483	166.64517308	1	818399952791	1
0.711903445854	0.0566122901857	-0.699991808796	0	-0.0093536486574	-0.995892752348	-0.0900562883853	0	0.702215061814	-0.0706588594648	0.708449950625	0	-260.929543794	94.96913557	165.896503036	1	818400286125	1
0.711010802768	0.0556090049341	-0.700978799192	0	-0.00983428537116	-0.995984240308	-0.0889869647154	0	0.703112313346	-0.0701643187686	0.707608679422	0	-261.344236056	95.0103585154	165.490346547	1	818400619458	1
0.70988311659	0.0555303970208	-0.702127008302	0	-0.0097340414367	-0.996018345283	-0.0886154856457	0	0.704252234088	-0.0697411705209	0.706516071945	0	-261.799098707	95.0388842894	164.883632042	1	818400952791	1
0.70894689458	0.0553656113489	-0.703085307588	0	-0.00926207915839	-0.996096949378	-0.0877785926626	0	0.705201045487	-0.0687423924527	0.705667038287	0	-262.251328146	95.1329921669	164.427124809	1	818401286125	1
0.708804954017	0.0554912612117	-0.703218498825	0	-0.00904566888353	-0.996104054823	-0.0877205097993	0	0.705346519829	-0.0685378136078	0.7055415332	0	-262.565297097	95.2140204501	163.99370904	1	818401619458	1
0.707440430787	0.0552051040155	-0.70461367669	0	-0.00930191537315	-0.996131257094	-0.087384169108	0	0.706711759672	-0.0683733510291	0.704190012433	0	-262.941220368	95.2410571928	163.385387936	1	818401952791	1
0.707901082865	0.0547086658303	-0.704189618471	0	-0.00984800381827	-0.996134279562	-0.0872898270258	0	0.706242928248	-0.0687274251261	0.704625764031	0	-263.433982534	95.2943963751	162.851083359	1	818402286125	1
0.70895538381	0.0542042663792	-0.703167235636	0	-0.0102430009334	-0.996145506964	-0.0871160713491	0	0.705178945161	-0.0689639504503	0.70566750587	0	-264.005368917	95.4140492424	162.270568886	1	818402619458	1
0.708382661474	0.0540239852616	-0.703758064919	0	-0.00989216019099	-0.996208716169	-0.086431122847	0	0.705759272053	-0.0681879963504	0.705162567827	0	-264.46854021	95.4411834416	161.68353564	1	818402952791	1
0.706732133448	0.0543120630616	-0.705393430192	0	-0.00807277635946	-0.996364980069	-0.0848036365649	0	0.70743517147	-0.0656279384011	0.703724698919	0	-264.646091563	95.5471789075	161.320459644	1	818403286125	1
0.705758341229	0.0551113671452	-0.70630581266	0	-0.00632645397264	-0.996439652104	-0.0840713726298	0	0.708424406529	-0.0638024837065	0.702896936476	0	-264.9054622	95.6832655816	160.824107593	1	818403619458	1
0.705517855591	0.0562958426968	-0.70645264069	0	-0.00651258541941	-0.996282838719	-0.0858958177441	0	0.708662219731	-0.0652018663063	0.70252870045	0	-265.466377092	95.7589419749	160.075202494	1	818403952791	1
0.703986260524	0.057261584758	-0.707901445051	0	-0.00855178403992	-0.995988725139	-0.0890692224327	0	0.71016210261	-0.0687573291078	0.700672689428	0	-266.179048514	95.8672637146	159.130288787	1	818404286125	1
0.703147281807	0.0574977393071	-0.708715676461	0	-0.0106656190596	-0.995760139725	-0.091367328433	0	0.71096423585	-0.0718035800603	0.699552786595	0	-266.890299274	96.0161535595	158.249161701	1	818404619458	1
0.702838055324	0.0576123617698	-0.709013034972	0	-0.0130131877194	-0.995506776281	-0.093791872377	0	0.711230852068	-0.0751470169062	0.698930326224	0	-267.84149879	96.1946858628	157.150208842	1	818404952791	1
0.703255445858	0.0572978114899	-0.708624539985	0	-0.016568916417	-0.995155281022	-0.0969094302024	0	0.710744151491	-0.0798932253189	0.698899008204	0	-269.060145291	96.3322217125	155.773173131	1	818405286125	1
0.703760448043	0.0561804661845	-0.708212529535	0	-0.0199611104565	-0.994911151673	-0.0987590722199	0	0.710156874106	-0.0836394374425	0.699057693373	0	-270.278291113	96.2943839509	154.455510317	1	818405619458	1
0.704893542778	0.0568330153742	-0.707032603006	0	-0.0186791022479	-0.994951896366	-0.0985992649926	0	0.709067122697	-0.0827087195	0.700273577418	0	-270.965267914	96.2032471821	153.386265891	1	818405952791	1
0.703298793336	0.0572918772739	-0.708581998142	0	-0.0163090733339	-0.995184570603	-0.0966523903509	0	0.710707268444	-0.0795318252776	0.698977730224	0	-271.405317766	96.1547049223	152.643061127	1	818406286125	1
0.704594272711	0.0566696416948	-0.707343949273	0	-0.0157232784563	-0.995314557628	-0.0954028819677	0	0.709436177099	-0.0783420901134	0.700401904295	0	-271.968590644	96.0816022014	152.092271415	1	818406619458	1
0.70212344662	0.0562213688289	-0.709832250179	0	-0.0150646574595	-0.995482076158	-0.0937469580552	0	0.711895864437	-0.0765153170024	0.698104350696	0	-272.148009042	96.0421187436	151.851279474	1	818406952791	1
0.700405603489	0.0565168055224	-0.711503929219	0	-0.015183108452	-0.995454704316	-0.094018109277	0	0.713583536678	-0.0766536518885	0.696363952135	0	-272.434949243	96.0156823137	151.448997273	1	818407286125	1
0.699031625916	0.0565630998661	-0.712850195835	0	-0.0168331745367	-0.995288927886	-0.0954808580919	0	0.714892600468	-0.0787436712409	0.694786300984	0	-272.915443409	95.9720802099	150.896527101	1	818407619014	1
0.698712913352	0.0567049320226	-0.713151327139	0	-0.0178339826525	-0.995163350847	-0.0966015227278	0	0.715179847156	-0.0802150597762	0.694322209357	0	-273.315704207	95.9440184299	150.439130717	1	818407952347	1
0.700020975086	0.0564260397748	-0.711889553565	0	-0.0177291959012	-0.995192999111	-0.0963149528046	0	0.713902171206	-0.0800437165328	0.695655585323	0	-273.672731851	95.8962916227	150.150525024	1	818408285680	1
0.700416723729	0.0562448887381	-0.711514529446	0	-0.018003694244	-0.995180665075	-0.0963914459656	0	0.713507028778	-0.080324070817	0.69602856517	0	-274.088556882	95.9034409586	149.69230358	1	818408619014	1
0.699670608459	0.0555978762484	-0.712299035388	0	-0.0188207851703	-0.995187398236	-0.0961655886359	0	0.71421762629	-0.0806902630358	0.69525697677	0	-274.544347981	95.9124729949	149.123976182	1	818408952347	1
0.69868789916	0.0558894997113	-0.713240200346	0	-0.0173443534012	-0.995327658223	-0.0949843470323	0	0.715216325997	-0.0787351039758	0.694454023266	0	-274.637402792	95.9041635815	148.801079277	1	818409285680	1
0.697992139313	0.0558375170101	-0.713925167753	0	-0.0183636866889	-0.995231876993	-0.0957929330793	0	0.715869924266	-0.079973012391	0.693638644267	0	-275.28495212	95.9151484876	148.121825264	1	818409619014	1
0.698207171151	0.0563344633416	-0.713675818837	0	-0.0191699962764	-0.995070360906	-0.097301017923	0	0.715639055248	-0.0816174312638	0.693685330332	0	-275.830526739	95.9154042686	147.444088577	1	818409952347	1
0.69793178184	0.0569769223353	-0.71389415057	0	-0.0198831323426	-0.99490434815	-0.0988433056968	0	0.715888181873	-0.0831803363424	0.693242484777	0	-276.309435924	95.9342667796	146.764419942	1	818410285680	1
0.696548111072	0.056880007419	-0.715251979178	0	-0.0190869926132	-0.995031177445	-0.097717156248	0	0.717256171584	-0.081716709847	0.692001418825	0	-276.574626657	95.9429621682	146.417056747	1	818410619014	1
0.695849083732	0.0567870634721	-0.71593944024	0	-0.0189728798921	-0.995067636234	-0.0973674953333	0	0.717937380625	-0.0813365154227	0.69133948879	0	-277.010780617	95.9593826072	145.809904909	1	818410952347	1
0.697139266751	0.0560495097483	-0.714741418424	0	-0.0198356861854	-0.995049756054	-0.0973782754583	0	0.716661278644	-0.0820636060301	0.69257647683	0	-277.722775253	95.9491787136	145.039094746	1	818411285680	1
0.697209738136	0.0553383710414	-0.714728092172	0	-0.0194932161957	-0.995183850406	-0.0960683007699	0	0.716602118034	-0.0809121040448	0.692773148908	0	-278.184447033	95.9629054342	144.533121455	1	818411619014	1
