0.774112102471	0.0442855153826	-0.63149762148	0	0.0170395645151	-0.998646288471	-0.0491451296129	0	0.632819173262	-0.0272833951486	0.77381878389	0	-82.1551383646	94.8498339158	221.615159492	1	99618640646	1
0.774331514193	0.0449973708524	-0.631178217894	0	0.0166245549379	-0.9985707694	-0.0507941204661	0	0.632561720546	-0.0288384312537	0.773972877162	0	-82.4579494245	94.7012412628	221.186033128	1	99619307313	1
0.771318621289	0.0462464858532	-0.634766765827	0	0.0211948049919	-0.998669784554	-0.0470046982685	0	0.636096191384	-0.0228018412455	0.771272786595	0	-82.1607974407	94.4469525967	221.108293368	1	99620307312	1
0.772434887735	0.0453976370761	-0.633469335294	0	0.0206717543003	-0.998710599329	-0.046366123005	0	0.634757451933	-0.0227198885621	0.772377358472	0	-82.9467924957	94.1587352561	220.634212943	1	99620973980	1
0.773664021	0.0438630071206	-0.632075960006	0	0.0184571476709	-0.998737681759	-0.0467159152249	0	0.633327179514	-0.0244761034845	0.773496996793	0	-83.6883680368	93.8950373932	220.215225598	1	99621307313	1
0.774005298403	0.0443292087775	-0.631625458079	0	0.0184342113919	-0.998701028021	-0.0475019629188	0	0.632910718739	-0.0251232537689	0.773817061214	0	-84.1115466085	93.5610779438	219.517658631	1	99621973980	1
0.774111813202	0.0443652797526	-0.631492377321	0	0.0167865173169	-0.998629045207	-0.0495806706883	0	0.632826290144	-0.0277804251589	0.773795279438	0	-84.6397677295	93.3072588194	218.905803644	1	99622307313	1
0.77420102831	0.0453994447999	-0.631309478921	0	0.0147671776152	-0.998448348707	-0.0536919493996	0	0.632767491444	-0.0322457032318	0.773670159949	0	-85.3934236801	92.9245365747	217.758566867	1	99622640646	1
0.773048368783	0.0457592402811	-0.63269448508	0	0.0144614224161	-0.998406875713	-0.0545396900538	0	0.634182218911	-0.0330121562209	0.772478550355	0	-85.9018874702	92.5970127135	217.015399778	1	99622973980	1
0.771946696332	0.0460531402419	-0.634016881713	0	0.0164247936695	-0.998484316486	-0.0525290004194	0	0.6354750382	-0.0301359918702	0.771533082776	0	-86.072162193	92.3139339232	216.64024249	1	99623307313	1
0.772500409844	0.0465161780625	-0.633308267725	0	0.0181296175882	-0.998522477955	-0.0512267311514	0	0.634755412547	-0.0280910341002	0.772202343979	0	-86.5387698109	91.762326827	215.817788373	1	99623640646	1
0.774877121282	0.0471088543128	-0.6303540297	0	0.0180623464106	-0.998462002415	-0.0524154688661	0	0.631853779411	-0.0292298747798	0.774536258586	0	-87.2890927862	91.1965871283	214.788984848	1	99623973980	1
0.771970912761	0.0486734999733	-0.633791606328	0	0.0218561387852	-0.998506965749	-0.0500614477163	0	0.635281999626	-0.0247937441789	0.771882148518	0	-87.1122808129	90.8822947266	214.394732334	1	99624307313	1
0.775280481946	0.0476524778358	-0.629816969976	0	0.0208034945439	-0.998535446976	-0.0499417235142	0	0.631274416501	-0.0256164495768	0.775136380634	0	-87.9867096794	90.3606220515	213.743354857	1	99624640646	1
0.772812231962	0.0482098891272	-0.632800964538	0	0.02443488052	-0.998631490698	-0.0462394031185	0	0.634164167029	-0.0202719603672	0.772932634115	0	-87.5048440816	90.1188119799	213.817572269	1	99624973980	1
0.774913557722	0.0458235239679	-0.630403983736	0	0.0214997498866	-0.998702360576	-0.0461666084492	0	0.631701463362	-0.0222216028235	0.774893193643	0	-88.4583313651	89.5984223163	213.200423028	1	99625307312	1
0.776173069617	0.0444397835881	-0.628951883402	0	0.0195297810247	-0.998728946635	-0.0464658886251	0	0.63021738603	-0.0237822788487	0.776054411468	0	-89.1457548618	89.1918412765	212.436227492	1	99625640646	1
0.779023688488	0.0408840496661	-0.625660121198	0	0.0205345260052	-0.999000140565	-0.0397121189789	0	0.626658141267	-0.0180890473754	0.779084308884	0	-89.7237554489	88.4855225391	211.964321679	1	99626307313	1
0.778232577595	0.0408357982249	-0.626647024052	0	0.0225580516069	-0.999057315164	-0.0370892885429	0	0.627570864108	-0.014728156716	0.778420125589	0	-89.6763503895	88.207503483	211.547645409	1	99626640646	1
0.780284099359	0.0395965785255	-0.624170517773	0	0.0200703096326	-0.999065121246	-0.0382892436754	0	0.625103117061	-0.0173491924611	0.780349343924	0	-90.7468638659	87.5847584106	210.404725939	1	99626973980	1
0.779280419307	0.0396069268857	-0.625422512729	0	0.0221006294494	-0.999116902398	-0.0357348222432	0	0.626285550099	-0.0140252160584	0.779467576652	0	-90.8150666907	87.2977461795	210.117938425	1	99627307313	1
0.778378370413	0.0386545384511	-0.626604292301	0	0.0200272733533	-0.999123545093	-0.0367566315418	0	0.627475912522	-0.0160613915151	0.778470301879	0	-91.3808601818	86.9490696628	209.295036619	1	99627640646	1
0.780518833834	0.0363938731933	-0.624071979843	0	0.0153624661618	-0.999119088705	-0.0390517761301	0	0.624943473175	-0.0208933620913	0.780390365622	0	-92.5778501837	86.4494053363	208.296914346	1	99627973980	1
0.777872943174	0.0373544491566	-0.627310393191	0	0.0173887078983	-0.999128984329	-0.0379329080362	0	0.628180958893	-0.0185988656285	0.777844949255	0	-92.5693416411	85.9526140016	207.883477541	1	99628307313	1
0.776722564254	0.0383210000977	-0.628676036707	0	0.0195242115754	-0.999132632775	-0.0367802567431	0	0.62954019994	-0.0162936513784	0.776797047873	0	-92.5859266913	85.3837075855	207.501835613	1	99628640646	1
0.77876686198	0.0363291890688	-0.626260620432	0	0.0170527781674	-0.999178740106	-0.0367566059088	0	0.627081635387	-0.0179453432054	0.778746805591	0	-93.4384456199	84.8575512868	206.886443228	1	99628973980	1
0.778671660374	0.0325374054299	-0.626587394206	0	0.0154244159597	-0.999345341709	-0.0327257604471	0	0.627242004909	-0.015817877621	0.778663766992	0	-94.1112623667	84.3313824052	206.364267063	1	99629640646	1
0.780545957066	0.0289804527797	-0.62442625046	0	0.0125463981074	-0.999449819811	-0.0307025336876	0	0.624972476835	-0.0161304382146	0.780480116442	0	-94.8181543216	84.008099301	206.269654819	1	99629973980	1
0.783858376822	0.0263980211609	-0.620378263292	0	0.00763643871672	-0.999430182921	-0.0328784773215	0	0.620892687902	-0.0210345892768	0.783613307801	0	-96.0047878595	83.4141535681	205.257172605	1	99630307312	1
0.78007084886	0.0250221540134	-0.625190660972	0	0.00791328613688	-0.999514659324	-0.0301301460276	0	0.625641151668	-0.0185563359977	0.779890256211	0	-96.267387724	82.991685853	204.934544873	1	99630973980	1
0.779928993118	0.0237259965015	-0.625418134358	0	0.00523943878871	-0.999493694788	-0.0313831540989	0	0.6258460785	-0.0211997917449	0.77965842191	0	-96.8978530554	82.8037717825	204.423063206	1	99631307313	1
0.779729880648	0.022583899453	-0.625708622851	0	0.0021390752472	-0.99943952565	-0.0334074681186	0	0.626112400118	-0.0247103633018	0.77934117071	0	-97.5662706492	82.5378274725	203.83708237	1	99631640646	1
0.77959733082	0.0213041424956	-0.625918633123	0	-0.00110059186604	-0.999373110592	-0.0353860780992	0	0.626280121412	-0.0282757729907	0.779085162345	0	-98.2161240348	82.1676947024	203.127983784	1	99631973980	1
0.780600508164	0.0185128974796	-0.624756047815	0	-0.00333510972526	-0.999423654876	-0.0337821715877	0	0.625021378592	-0.0284540102792	0.780088870323	0	-98.8424397387	81.7714193533	202.75750038	1	99632307313	1
0.782845578568	0.0155549411627	-0.622021578341	0	-0.00308101683517	-0.999578306588	-0.0288741464586	0	0.622208411588	-0.0245204568448	0.78246753271	0	-99.7505890875	80.6997210628	201.338381503	1	99632973980	1
0.782595286991	0.0178119437235	-0.622275944771	0	0.00527316035857	-0.999744397508	-0.0219848454968	0	0.62250848232	-0.013923875627	0.78248917892	0	-99.4830455205	79.8615621177	201.147458026	1	99633307313	1
0.78220076734	0.0167681048261	-0.622800762872	0	0.00832592664408	-0.99982982207	-0.0164622551321	0	0.622970816747	-0.00769139513094	0.782207264043	0	-100.270191192	79.4457079162	200.445753457	1	99633640646	1
0.784582597647	0.0119029203555	-0.619910048278	0	0.00458468443261	-0.999899751371	-0.0133965621392	0	0.620007361358	-0.00766861757479	0.784558515451	0	-101.705029308	79.3004340831	199.882109246	1	99633973980	1
0.787873246265	0.00998734290919	-0.615756446008	0	0.00200246941295	-0.999904748917	-0.0136558855073	0	0.615834180551	-0.00952607339627	0.787818199834	0	-103.053189903	78.764436258	198.44480514	1	99634307313	1
0.792089554088	0.010660838103	-0.610311793132	0	0.00346677140081	-0.999909915756	-0.0129669529666	0	0.610395052241	-0.00815517652318	0.792055157988	0	-103.838715739	78.0018188773	197.453904469	1	99634640646	1
0.791266458097	0.011509765325	-0.611363163425	0	0.00821024412805	-0.999932682776	-0.00819889065629	0	0.611416375461	-0.00146806634732	0.791307690219	0	-103.451661535	77.6317129955	197.293024659	1	99634973980	1
0.793430559067	0.00985520645969	-0.608580991196	0	0.00819376857121	-0.999951247501	-0.00551042451858	0	0.608605627723	0.00061443259222	0.793472628625	0	-103.924945717	77.4522793273	196.901011799	1	99635307312	1
0.794302979858	0.0093807519431	-0.607449403393	0	0.00716125654009	-0.999955885655	-0.00607808763565	0	0.607479623192	-0.00047774210801	0.794335117673	0	-104.455271329	77.3722463035	196.310985604	1	99635640646	1
0.794382109829	0.00941229987103	-0.607345430702	0	0.00593368733274	-0.999952474079	-0.00773569247888	0	0.607389376708	-0.00254129782361	0.794400205732	0	-104.831442895	77.3144733917	195.813939682	1	99635973980	1
0.794426935989	0.0100826997041	-0.607276034882	0	0.00553236146823	-0.999940844572	-0.00936484557441	0	0.607334534134	-0.00408001503972	0.794435722463	0	-105.339195194	77.2537112386	195.106972784	1	99636306869	1
0.793459218517	0.0110673984506	-0.608522786133	0	0.00675931692918	-0.999933231135	-0.00937256138073	0	0.608585885628	-0.00332354685855	0.793481048199	0	-105.480059408	77.2512873653	194.732245994	1	99636640202	1
0.793305791225	0.0118344194781	-0.608708360485	0	0.00729513713444	-0.999924056239	-0.00993291136397	0	0.608779683122	-0.00343922514415	0.793331878313	0	-105.863209175	77.2195417147	194.11769554	1	99636973535	1
0.791203301454	0.0116991964181	-0.611441301003	0	0.00847920451817	-0.999930753003	-0.00816040994806	0	0.611494430767	-0.00127200745006	0.79124771288	0	-105.912181664	77.2951425097	193.949658202	1	99637306869	1
0.791445395743	0.0119916951147	-0.611122233932	0	0.00743722043117	-0.99992244899	-0.00998918209853	0	0.611194628011	-0.00336084141498	0.791473203233	0	-106.499402435	77.2408730128	193.219277872	1	99637640202	1
0.791705003427	0.0133231026214	-0.610758284827	0	0.00770913980548	-0.999900437965	-0.0118187698299	0	0.610854939173	-0.00464855820361	0.791728889327	0	-106.922300881	77.1486025447	192.445238607	1	99637973534	1
0.791155756793	0.0144220300937	-0.611444661062	0	0.00865771396078	-0.999885861031	-0.0123817971101	0	0.611553442049	-0.00450221708475	0.791190316902	0	-107.245113555	77.0229344927	191.676602655	1	99638306869	1
0.790662707992	0.0144076598955	-0.612082430336	0	0.00782646232052	-0.999879237008	-0.013426015327	0	0.612201950893	-0.00582500955788	0.790679986205	0	-107.907093553	76.839497787	190.805187929	1	99638640201	1
0.790548232506	0.0150438468056	-0.612214974298	0	0.00722660058022	-0.999857784684	-0.0152376720859	0	0.612357141156	-0.00762188164651	0.790544520312	0	-108.503524654	76.6756292139	189.860763266	1	99638973535	1
0.791979454424	0.0151203031451	-0.610360483815	0	0.00680368574724	-0.999849788621	-0.0159408297806	0	0.610509830904	-0.0084721087483	0.79196336389	0	-109.326492496	76.4547493925	188.831660604	1	99639306869	1
0.791804576157	0.01531692996	-0.610582430825	0	0.0060585363452	-0.999833285194	-0.0172248644361	0	0.610744469736	-0.00993949063529	0.791765368788	0	-110.172777264	76.1961266369	187.692062326	1	99639640202	1
0.791607951985	0.016590390856	-0.610804067837	0	0.00660723316053	-0.999805299123	-0.0185932330511	0	0.610993612753	-0.0106828262448	0.791563441803	0	-110.86130447	75.8858434121	186.36999191	1	99639973535	1
0.793022621097	0.0166928679189	-0.608963439452	0	0.0073887576976	-0.999814535587	-0.0177848443573	0	0.609147378463	-0.00960430058721	0.792998883178	0	-111.57411842	75.7599437365	185.542925483	1	99640306869	1
0.792404390687	0.0164004526831	-0.60977562002	0	0.0064401448294	-0.999807716518	-0.0185217311691	0	0.609962135017	-0.0107496577951	0.792357645703	0	-112.492217073	75.6975478147	184.584804008	1	99640640202	1
0.792284832055	0.0173413920598	-0.60990492785	0	0.00390168451054	-0.999719584559	-0.0233565645367	0	0.610138936434	-0.0161253952014	0.792130323796	0	-113.52635316	75.4309952623	182.975084888	1	99640973535	1
0.791823702554	0.0193911133657	-0.610441814423	0	0.00388801984079	-0.99963564043	-0.0267108533144	0	0.610737347291	-0.0187768768836	0.791610587043	0	-114.24448905	75.1904469987	181.515597016	1	99641306869	1
0.792716801804	0.0205813126065	-0.609242547521	0	0.00483388997592	-0.999610692424	-0.027479030169	0	0.609570919291	-0.0188380774689	0.792507678948	0	-114.833304713	75.0367943888	180.537664861	1	99641640202	1
0.791852733459	0.0204989855236	-0.610367954685	0	0.00573491612461	-0.999642037604	-0.0261324968419	0	0.610685155584	-0.0171926800311	0.79168683992	0	-115.286106979	74.9428573314	179.937173316	1	99641973535	1
0.792425495985	0.0193114348308	-0.609662941138	0	0.00446953254654	-0.999655704262	-0.0258552937655	0	0.609952339607	-0.0177634856281	0.79223898035	0	-116.030715877	74.7545551621	179.145319814	1	99642306869	1
0.793651492087	0.0183606446404	-0.608095548278	0	0.0038950052492	-0.99967734728	-0.0251004037835	0	0.608360204189	-0.0175524375622	0.793466933082	0	-116.605859056	74.5274551917	178.617035199	1	99642640202	1
0.793303909674	0.0193717985489	-0.608517576013	0	0.00394480138943	-0.999636238554	-0.0266801257849	0	0.608813062802	-0.0187649671164	0.793091754194	0	-117.046849016	74.3077083008	177.76233722	1	99642973534	1
0.793579895541	0.0190343483449	-0.608168268636	0	0.00311225903109	-0.999624486401	-0.0272249891112	0	0.608458103107	-0.0197124268285	0.793341135321	0	-117.66359892	74.2444081571	177.119738428	1	99643306869	1
0.794146812127	0.0176104998419	-0.607470749159	0	0.00307675009093	-0.999683754234	-0.024958468108	0	0.607718170205	-0.0179516522008	0.793949849667	0	-118.060289982	74.3412182529	176.939332843	1	99643640201	1
0.793152898926	0.0158551519368	-0.608816140623	0	0.00335124597488	-0.999759552555	-0.0216703997574	0	0.609013339818	-0.0151476477478	0.793015321852	0	-118.816747165	74.6263261234	176.507506088	1	99644306869	1
0.793930847897	0.0157052002297	-0.607805195307	0	0.0029745858839	-0.999754702064	-0.0219473811454	0	0.608000789963	-0.0156167341678	0.793782814766	0	-119.396557062	74.7227629035	175.881961155	1	99644640202	1
0.793353623419	0.0169977905016	-0.608523708106	0	0.00424880751393	-0.999740367774	-0.022386260896	0	0.608746232714	-0.0151747210932	0.793219863592	0	-119.592398984	74.887387391	175.443488054	1	99644973535	1
0.792392686416	0.0180079942819	-0.609745473666	0	0.00393625626578	-0.99969430052	-0.0244092481426	0	0.609998636393	-0.0169415952679	0.792221336464	0	-120.093412609	75.0569502286	174.864106608	1	99645306869	1
0.793070294977	0.016993047284	-0.608893047726	0	0.00123594347565	-0.999653629887	-0.0262886419926	0	0.609128869508	-0.0200961836699	0.792816601575	0	-121.305642429	75.2687771323	174.432096724	1	99645640202	1
0.79107510829	0.0213856444546	-0.611345096696	0	0.00319248581505	-0.999519438091	-0.0308334382143	0	0.611710700477	-0.022439854925	0.790763221093	0	-121.221011124	75.3286586938	173.057464982	1	99645973535	1
0.791078070521	0.0225590320078	-0.611299089166	0	0.00380884250317	-0.999482041108	-0.031955316022	0	0.611703342364	-0.0229508077887	0.7907542484	0	-121.681484576	75.4985867885	172.320805976	1	99646306869	1
0.791308366452	0.0239707335833	-0.610947193393	0	0.00376305241462	-0.999403193176	-0.0343379805222	0	0.611405682521	-0.024872904963	0.790926311346	0	-122.355607957	75.6329011912	171.206639067	1	99646640202	1
0.79107744134	0.0249834095331	-0.611205620925	0	0.00340676264964	-0.99933007593	-0.0364388983071	0	0.611706527488	-0.0267437579574	0.790632592068	0	-122.931556702	75.7197709043	170.27157409	1	99646973535	1
0.790256615336	0.0265803683988	-0.612199286126	0	0.00315125824732	-0.999221848142	-0.0393162532277	0	0.612767942608	-0.029140731154	0.789725437288	0	-123.533762674	75.8099841918	168.950956383	1	99647306869	1
0.791586050396	0.0269580833096	-0.610462764272	0	0.00302608291883	-0.999187060448	-0.0402002618797	0	0.611050216955	-0.0299746555827	0.791024116183	0	-124.188578727	75.8276195596	168.045715761	1	99647640202	1
0.793353249249	0.0259472939073	-0.608208319447	0	0.00187767188275	-0.99919077089	-0.0401780750628	0	0.608758651893	-0.0307333907394	0.79275996521	0	-125.212587842	75.9021495445	167.311220248	1	99647973534	1
0.793256999826	0.0268476874165	-0.608294775506	0	0.00306678636952	-0.99919092586	-0.0401009787928	0	0.608879238477	-0.0299448720011	0.792697532223	0	-125.359071066	75.9294372419	166.730149035	1	99648306869	1
0.791771072941	0.0295170445277	-0.610104345286	0	0.00502283716642	-0.999112580176	-0.0418189339938	0	0.610797297932	-0.0300465674566	0.791216698903	0	-125.298165492	75.9139148905	165.639354967	1	99648640201	1
0.790808985446	0.0314254548295	-0.611255747888	0	0.0060113592067	-0.999031664938	-0.0435843551187	0	0.612033505699	-0.0307924217851	0.790232127076	0	-125.514600195	76.0036667006	164.870721706	1	99648973535	1
0.791200816303	0.0321908867168	-0.610708617177	0	0.00582910741303	-0.998965276574	-0.0451042980793	0	0.611528650015	-0.0321266713315	0.79056978642	0	-125.923009581	76.1108275418	164.278029543	1	99649306869	1
0.792667337086	0.0317024627144	-0.608829571042	0	0.0052646982628	-0.998965762035	-0.0451629187857	0	0.609631672135	-0.0325938665839	0.792014434333	0	-126.63781148	76.2451141365	164.018470435	1	99649640202	1
0.791567264509	0.0344424578697	-0.610110631651	0	0.00755010472302	-0.998885364378	-0.0465942566186	0	0.611035401329	-0.0322760890918	0.790944999602	0	-126.444290722	76.2460680536	163.275065371	1	99649973535	1
0.793211845876	0.0326300656868	-0.608070922158	0	0.00604490344762	-0.998936045184	-0.0457191073218	0	0.608915779647	-0.0325892074968	0.792565149909	0	-127.273939261	76.2998244478	163.257911413	1	99650306869	1
0.79340296139	0.0343298082557	-0.607727903853	0	0.00705475152689	-0.998859873372	-0.0472142335277	0	0.608655872672	-0.0331725433431	0.792740569815	0	-127.415544703	76.2617605493	162.678058854	1	99650640202	1
0.79212048583	0.0369219318856	-0.60924699989	0	0.0100465828259	-0.998822186886	-0.0474689915359	0	0.610282067656	-0.0314803101914	0.791558455181	0	-127.213011089	76.3496650183	162.291829696	1	99650973535	1
0.790773408751	0.0385832209164	-0.610891767071	0	0.0107806300515	-0.998734511701	-0.0491238552311	0	0.612014047247	-0.0322600403098	0.790188645686	0	-127.174033778	76.4858257049	161.597444428	1	99651306869	1
0.791144581145	0.0385631684453	-0.610412265411	0	0.0095815429199	-0.998669331299	-0.0506730772572	0	0.611554123328	-0.0342410391621	0.790461324467	0	-127.689880721	76.7149492003	161.036663679	1	99651640202	1
0.79200470931	0.0379457007008	-0.609334607772	0	0.00787118797152	-0.998618298045	-0.0519570900895	0	0.610464237142	-0.0363540727976	0.791209072598	0	-128.486176658	76.872212817	160.576754168	1	99651973535	1
0.791486224267	0.0388708972223	-0.609949678371	0	0.00694174376119	-0.998482887885	-0.0546235736082	0	0.61114758364	-0.0389996916566	0.790555282736	0	-128.994075821	76.8543708809	159.692035734	1	99652306869	1
0.790399062129	0.0416773549075	-0.611172905709	0	0.00791104635943	-0.998294223035	-0.0578451346295	0	0.61254121325	-0.0408857229692	0.789380529103	0	-129.068554026	76.7070886072	158.594798655	1	99652640202	1
0.793471401924	0.0407629123494	-0.607240907141	0	0.00669762837738	-0.998278925715	-0.0582608637774	0	0.608570682914	-0.0421612553272	0.792378793537	0	-130.080091101	76.641035492	158.052528168	1	99652973534	1
0.793027985492	0.0412578382578	-0.607786479785	0	0.00926443975093	-0.998405358519	-0.0556858171921	0	0.609114754692	-0.0385296102049	0.792145620927	0	-130.716849413	76.9139356508	157.34184312	1	99653640201	1
0.793448996902	0.041553782573	-0.607216577893	0	0.00912818313793	-0.998366881474	-0.0563936720656	0	0.608568291638	-0.0392027184047	0.792532511183	0	-131.211893312	76.9951077478	156.640662173	1	99653973535	1
0.794130646627	0.0433097460894	-0.606201931687	0	0.0107813765277	-0.998304547791	-0.0571995784883	0	0.607651444504	-0.0388882469744	0.793251174748	0	-131.457832409	77.0969609604	155.801567911	1	99654306869	1
0.794708283036	0.0439832743006	-0.605395917111	0	0.0127954806133	-0.998363522606	-0.0557364549114	0	0.606856672163	-0.0365478906644	0.79397054803	0	-131.705430392	77.35089139	155.574518699	1	99654640202	1
0.795531377276	0.0445067441655	-0.604275580752	0	0.0126035921235	-0.998298327414	-0.0569350414848	0	0.605781294887	-0.0376775690177	0.79473858819	0	-132.198386111	77.5110280474	154.910890163	1	99654973535	1
0.795042175057	0.0461343640257	-0.604797123288	0	0.0127527906706	-0.998154247559	-0.0593756213367	0	0.606420074051	-0.0394932720214	0.794163065909	0	-132.472051826	77.6234322693	154.191137423	1	99655306869	1
0.794385054603	0.0479834475388	-0.60551628697	0	0.0135259983373	-0.998025127275	-0.0613424216797	0	0.607263890243	-0.0405392907047	0.793465269257	0	-132.702425489	77.7893540349	153.518229921	1	99655640202	1
0.793365244508	0.0487336287124	-0.606792074964	0	0.0152789583069	-0.998070494354	-0.0601817392058	0	0.608554140763	-0.0384749494256	0.79257904087	0	-132.990749977	78.4781835828	153.085464474	1	99656306869	1
0.79231530414	0.0501388182929	-0.608048154117	0	0.0147392548114	-0.99789965991	-0.063079498399	0	0.609933777711	-0.0410166752779	0.791390181362	0	-133.207620374	78.6963360072	151.957428582	1	99656640202	1
0.791582733215	0.0509029054466	-0.608938150138	0	0.0129674312862	-0.997699244336	-0.0665436967434	0	0.610924399743	-0.0447784777269	0.790421574687	0	-133.889081847	78.8859420636	150.887797932	1	99656973535	1
0.792215455856	0.051171593586	-0.608092213001	0	0.0119791888244	-0.997590038332	-0.0683418938496	0	0.610123897694	-0.0468570531479	0.790919241157	0	-134.460767964	79.0657467481	150.27115119	1	99657306869	1
0.79260751846	0.051454115216	-0.60755723657	0	0.0112333547574	-0.99749612595	-0.0698232801792	0	0.609628684874	-0.0485175508598	0.791200931393	0	-134.95654906	79.1291044941	149.459019869	1	99657640202	1
0.791983214075	0.0511437072207	-0.608397000185	0	0.0112193042685	-0.997536166902	-0.0692511583637	0	0.610439772487	-0.0480199639182	0.790605696432	0	-135.31604121	79.1756331658	148.894580991	1	99657973534	1
0.793118459038	0.0507134805904	-0.606952430442	0	0.0107884702832	-0.99754091055	-0.0692512865437	0	0.608971853899	-0.0483763854108	0.791715230681	0	-135.807402551	79.2514899759	148.272519642	1	99658306869	1
0.79331283469	0.0509047742007	-0.606682330614	0	0.0108222024651	-0.997519949154	-0.069547329019	0	0.608718018667	-0.0486071497153	0.791896280296	0	-136.061249174	79.3527431089	147.803469987	1	99658640201	1
0.793603699326	0.0510562140089	-0.606289065897	0	0.0107381063769	-0.997493106772	-0.0699442278816	0	0.608340251411	-0.0489976015086	0.792162466644	0	-136.39450353	79.4389726509	147.311758416	1	99658973535	1
0.794274638581	0.0505606440003	-0.605451418188	0	0.00992939145561	-0.997478423563	-0.0702723395866	0	0.607477740903	-0.0498037729888	0.792773850795	0	-136.937641922	79.5027377398	146.819347933	1	99659306869	1
0.794082003749	0.0500806567917	-0.605743922081	0	0.00937983584772	-0.997490763409	-0.07017261285	0	0.607738257807	-0.0500410304653	0.792559212468	0	-137.334181316	79.5082475614	146.394053683	1	99659640202	1
0.793314652877	0.0504687872572	-0.606716377761	0	0.00942646950777	-0.997456885438	-0.0706463259194	0	0.608738862899	-0.0503255720889	0.791772905315	0	-137.591008118	79.4430922956	145.790121425	1	99659973535	1
0.792957530616	0.049595610819	-0.607254995884	0	0.00668524391152	-0.997329692594	-0.0727240798145	0	0.609240233531	-0.0536074589821	0.791171649005	0	-138.643484153	79.5951395324	144.775398178	1	99660640202	1
0.792465519789	0.0499265512275	-0.60786983757	0	0.00804835086426	-0.997413235561	-0.0714287167507	0	0.609863610977	-0.0517124454151	0.790817424565	0	-138.701047664	79.7363774395	144.208521908	1	99661306869	1
0.791624855337	0.0481168434636	-0.609109889747	0	0.00621811007123	-0.997477198499	-0.0707147338406	0	0.610975796181	-0.0521920286068	0.789926938793	0	-139.476081114	79.926543802	143.301251839	1	99661973535	1
0.791672060814	0.0469978296234	-0.60913590613	0	0.00336172767894	-0.997356792721	-0.0725818627561	0	0.610937023689	-0.0554132838299	0.789737501365	0	-140.245250446	80.0117887576	142.405182344	1	99662306869	1
0.794000810666	0.046055932481	-0.606169583322	0	0.00265007064155	-0.997378812786	-0.072308235563	0	0.607910922576	-0.0558064054383	0.792041637368	0	-140.753845938	80.1728462402	141.617918195	1	99662973534	1
0.793754751988	0.044113547386	-0.606636125394	0	0.00136193059471	-0.997492868071	-0.0707539630838	0	0.608236416898	-0.0553350981207	0.791824783696	0	-141.189873068	80.2767529458	141.377854791	1	99663306869	1
0.796647654674	0.0422931158135	-0.602962525085	0	0.000782282051403	-0.997620382619	-0.0689417160919	0	0.604443464964	-0.0544505696728	0.794785023214	0	-142.104555256	80.3590366971	140.866279077	1	99664306869	1
0.795746437073	0.0433837241248	-0.604074052055	0	-0.00014760950484	-0.997417058759	-0.0718274954941	0	0.605629908523	-0.057245640695	0.793684666933	0	-142.458863013	80.3102525749	140.328299071	1	99664640202	1
0.795138520037	0.0450021835723	-0.604755766758	0	0.000634151354315	-0.997303896322	-0.0733793992377	0	0.606427515706	-0.0579632802226	0.793023282344	0	-142.600055653	80.3009542593	139.911104008	1	99664973535	1
0.794829626035	0.0460090255956	-0.605085973346	0	0.000988076310822	-0.997218450493	-0.0745277512203	0	0.606831845969	-0.0586389935154	0.792664228509	0	-142.931300528	80.28394818	139.187481263	1	99665640202	1
0.794927296349	0.0467186363333	-0.604903267092	0	0.00155003465537	-0.997183924918	-0.0749787788482	0	0.606702720376	-0.0586650569262	0.792761136903	0	-143.216476798	80.3918943903	138.774717674	1	99665973535	1
0.794402697938	0.0460960326029	-0.60563975207	0	0.00104973377644	-0.99721876403	-0.0745227128183	0	0.607390526406	-0.0585652836165	0.792241665142	0	-143.606158671	80.4638861472	138.561032745	1	99666306869	1
0.793882997392	0.0460258593474	-0.606326155401	0	0.000438354000825	-0.997174332296	-0.0751209614979	0	0.608070385973	-0.0593714685849	0.791659923465	0	-144.114251078	80.5181350876	138.088776179	1	99666640202	1
0.793753330193	0.0466736728733	-0.60644638598	0	0.000227713050029	-0.99707420685	-0.0764393496948	0	0.6082397545	-0.0605358926218	0.791441600341	0	-144.642631515	80.5245587101	137.500450675	1	99666973535	1
0.794204343741	0.0470853600046	-0.605823760888	0	0.000296592703573	-0.99702324016	-0.0771010415866	0	0.607650699346	-0.0610542992279	0.79185415332	0	-145.051683065	80.5703282556	137.030679803	1	99667306869	1
0.794570522817	0.0471128187883	-0.605341281077	0	-0.000281878023602	-0.996956320217	-0.0779616323852	0	0.607171808316	-0.0621166474079	0.792138824513	0	-145.651283695	80.641965501	136.381862881	1	99667640202	1
0.796153298753	0.0467709848207	-0.603284675641	0	-0.000952058167556	-0.996910185038	-0.0785441057861	0	0.605094222803	-0.063107511022	0.79364880368	0	-146.396193178	80.7029164365	135.605396943	1	99667973534	1
0.796198200542	0.0469533359089	-0.60321124799	0	-0.00123900993734	-0.996855622998	-0.0792296141048	0	0.605034619099	-0.0638298609104	0.793636477581	0	-146.836175911	80.7610494575	134.95776585	1	99668306869	1
0.795634246188	0.0471010842041	-0.603943403109	0	-0.00164734681488	-0.996800726275	-0.0799099389709	0	0.605775067612	-0.0645739882975	0.793011202629	0	-147.237381406	80.9464933547	134.279607193	1	99668640201	1
0.795781795743	0.047182311466	-0.60374262981	0	-0.00243734520418	-0.996702612059	-0.081104638975	0	0.60557856048	-0.0660131244499	0.793042794865	0	-147.593803888	81.1323733053	133.658982723	1	99668973535	1
0.795528093118	0.0477532214608	-0.60403202142	0	-0.00283322064415	-0.996585470403	-0.0825189253578	0	0.605910080722	-0.0673574793288	0.792676443486	0	-147.952343028	81.311482903	132.987646571	1	99669306869	1
0.795422475621	0.0484914799029	-0.604112292255	0	-0.00359487619471	-0.996398888979	-0.0847132274556	0	0.606044686589	-0.069554513999	0.792383750111	0	-148.396952965	81.4444746782	132.199862648	1	99669640202	1
0.795526801348	0.0489081353287	-0.603941307277	0	-0.00432537645596	-0.99625324737	-0.086375680736	0	0.605902962079	-0.0713264425214	0.792334613116	0	-149.117687623	81.5672608624	130.85634521	1	99670306424	1
0.796057875399	0.048718334039	-0.603256481891	0	-0.00572075224779	-0.996104627548	-0.0879934314113	0	0.605193466595	-0.0734989449331	0.792678227962	0	-149.874809215	81.5516624666	129.814530903	1	99670639758	1
0.796382476859	0.047676740968	-0.60291117001	0	-0.00602339361221	-0.996213263297	-0.0867343804995	0	0.604763316746	-0.0727053120611	0.793079610327	0	-150.251752934	81.6520110309	129.421820174	1	99670973091	1
0.796738755854	0.0467897204107	-0.602509814845	0	-0.00706621143425	-0.996208733082	-0.0867077204573	0	0.604282569314	-0.0733408630629	0.793387480509	0	-150.856924843	81.8285824479	128.723648837	1	99671306423	1
0.795436024015	0.0471573079956	-0.604200066205	0	-0.00689673322207	-0.996199084883	-0.0868321273997	0	0.605998322416	-0.0732364088449	0.792087407834	0	-151.433442524	82.1424331181	127.746138765	1	99671973091	1
0.795438477265	0.0466154442553	-0.604238884252	0	-0.00777019566108	-0.996170939943	-0.0870808961416	0	0.605984531935	-0.0739625497825	0.792030484442	0	-152.008245872	82.3014048641	127.154271364	1	99672306424	1
0.795938954538	0.0468328542021	-0.603562643324	0	-0.00736801731769	-0.996179835877	-0.08701406158	0	0.605332051828	-0.0737049412125	0.792553271819	0	-152.278959974	82.3814181769	126.708103625	1	99672639758	1
0.796796227665	0.0470020921809	-0.602417276403	0	-0.00754767385732	-0.99611810413	-0.0877026524306	0	0.60420096342	-0.0744279917412	0.793348391217	0	-152.794864623	82.4200821689	126.010924129	1	99672973091	1
0.796693425155	0.0472176930509	-0.602536368843	0	-0.00700934843898	-0.996154642631	-0.0873315349645	0	0.604342994788	-0.0737998470712	0.793298888958	0	-152.985538242	82.4703085598	125.57308326	1	99673306424	1
0.796828270055	0.0460995326394	-0.602444637399	0	-0.00751911812483	-0.996251282382	-0.0861791460558	0	0.604159060929	-0.0731998322588	0.79349455805	0	-153.609176678	82.7553404518	124.91470215	1	99673973091	1
0.796574679122	0.0456650332452	-0.602812977067	0	-0.00843486956889	-0.996206416595	-0.0866119420773	0	0.604481292976	-0.0740775288043	0.793167628039	0	-154.034114046	82.9336848974	124.454297193	1	99674306424	1
0.796317099277	0.0462733206592	-0.603106837297	0	-0.00651934925135	-0.996355088391	-0.0850531358763	0	0.604844257214	-0.0716611305536	0.793112921899	0	-154.095813861	83.2751094478	123.942997832	1	99674973091	1
0.796631208142	0.0456978919608	-0.602735780325	0	-0.0095146035263	-0.996066669925	-0.0880946160877	0	0.604390759802	-0.0759137124257	0.793062997329	0	-155.251962008	83.4333524429	122.800509559	1	99675306424	1
0.796241346704	0.046212053745	-0.603211541573	0	-0.00947731426813	-0.996003146819	-0.0888139180614	0	0.604904867159	-0.076434139073	0.792620920788	0	-155.613539257	83.5804562242	122.182092344	1	99675639758	1
0.796878845844	0.0464607980051	-0.602349980738	0	-0.00930611017807	-0.995976193137	-0.0891337142561	0	0.604067464245	-0.0766343066287	0.79323998997	0	-155.982994639	83.6932571503	121.635028778	1	99675973091	1
0.797661655347	0.0473445152661	-0.601244027383	0	-0.00948594994132	-0.995805816356	-0.0909988618855	0	0.603030596523	-0.0782896735526	0.793867008177	0	-156.539746139	83.7593984647	120.832713068	1	99676306423	1
0.798480313979	0.0473570790209	-0.60015539259	0	-0.00893735938383	-0.995858893744	-0.0904720252821	0	0.60195457619	-0.0776039355833	0.79475047492	0	-157.056142665	84.0321859551	120.034609688	1	99676973091	1
0.798590554458	0.0466354981322	-0.600065210327	0	-0.00977755947884	-0.99585683602	-0.0904077512376	0	0.601795252276	-0.0780659494733	0.794825881481	0	-157.532766937	84.0741939833	119.473109533	1	99677306424	1
0.800044144559	0.0449917748631	-0.59825170869	0	-0.0106923874798	-0.995956315103	-0.0892002873072	0	0.599845846536	-0.0777609066329	0.796327948645	0	-158.333798324	84.0869689687	118.601804037	1	99677973091	1
0.799902564805	0.045275855136	-0.598419571672	0	-0.0101496047582	-0.995986851381	-0.0889223110295	0	0.600044058667	-0.0772029067929	0.796232904897	0	-158.785629541	84.1566740372	117.842349015	1	99678639758	1
0.79777834736	0.0449948971536	-0.601269629794	0	-0.00903541086811	-0.996207599484	-0.0865377379035	0	0.602883131157	-0.0744706516767	0.794346304961	0	-159.347287415	84.2412822382	117.551413642	1	99679306424	1
0.79674637522	0.0430462238182	-0.602778762225	0	-0.00876371343149	-0.996531879172	-0.0827490853173	0	0.604250288292	-0.071212614114	0.793605917751	0	-160.072281308	84.2404273602	117.187145818	1	99679973091	1
0.796775494931	0.0421432935238	-0.602804075541	0	-0.00941359603927	-0.996578352615	-0.0821155972321	0	0.60420211427	-0.0711022496841	0.793652490201	0	-160.503457979	84.2605858272	116.755973754	1	99680306424	1
0.795306381395	0.0423096321655	-0.604729406213	0	-0.00848661382353	-0.996686590359	-0.0808938686461	0	0.606148279795	-0.0694675148882	0.792312140054	0	-160.636967466	84.3777080085	116.47405291	1	99680639758	1
0.793870758484	0.0416339365242	-0.606659570232	0	-0.0089221240954	-0.996748471783	-0.0800804576595	0	0.608021064213	-0.0689862256311	0.790918002164	0	-160.864746849	84.4536465194	116.219025141	1	99680973091	1
0.793591856618	0.0413510212905	-0.607043703655	0	-0.00926928275615	-0.996750550265	-0.0800151294625	0	0.608379852975	-0.0691262148822	0.790629825462	0	-161.195732493	84.5215424062	115.687002617	1	99681306423	1
0.794804724685	0.0410537478755	-0.605475052668	0	-0.0088186347614	-0.996822524201	-0.0791649349508	0	0.606801187622	-0.0682601276749	0.7919172139	0	-161.508057044	84.6427386489	115.311479641	1	99681639758	1
0.795707440625	0.0392136160386	-0.604410424506	0	-0.0104098493979	-0.996869158848	-0.0783805790515	0	0.605591697408	-0.0686598314454	0.792807999188	0	-162.20421402	84.7195461763	114.88891582	1	99681973091	1
0.795983936146	0.039515760112	-0.604026554135	0	-0.0107003517906	-0.996792441196	-0.0793116110477	0	0.60522316204	-0.0695940649639	0.793007938329	0	-162.599437423	84.8065149749	114.254034907	1	99682306424	1
0.795439476169	0.0399314040551	-0.604716067856	0	-0.0106998546412	-0.996746020069	-0.0798929570533	0	0.605938571856	-0.0700203859333	0.792423871858	0	-163.186167193	84.9362183811	113.531219836	1	99682639758	1
0.794742916453	0.0394906240535	-0.605660125285	0	-0.0117825751847	-0.996689184245	-0.0804477527985	0	0.606831828162	-0.0710715176437	0.791646367837	0	-163.72182534	85.0842859788	113.048196249	1	99682973091	1
0.795649274349	0.0381512149424	-0.604554974362	0	-0.0130462838958	-0.996703993044	-0.0800683753175	0	0.605617062758	-0.0715935405459	0.792529077226	0	-164.348839713	85.2722374503	112.687273937	1	99683306424	1
0.796341960434	0.0376891635284	-0.603671275617	0	-0.0132108349633	-0.99673481366	-0.0796566700163	0	0.604702369676	-0.0714089503567	0.793243850223	0	-164.850157983	85.5244074896	112.253599513	1	99683639758	1
0.796463141629	0.0375175100841	-0.603522079516	0	-0.0161966758382	-0.996391664036	-0.0833145817392	0	0.604470124752	-0.0761320449987	0.792981576083	0	-165.890962882	85.7356212823	111.083722759	1	99683973091	1
0.797089225774	0.0365755381774	-0.602752848324	0	-0.0183161893619	-0.99624032421	-0.0846742796016	0	0.603583700378	-0.0785330912789	0.793422504226	0	-166.710368549	85.9097290047	110.385386804	1	99684306424	1
0.796898147094	0.0363864067836	-0.603016892433	0	-0.0201830407887	-0.996023645075	-0.0867729411557	0	0.603776438778	-0.0813199105611	0.792995008889	0	-167.705344486	86.0393635094	109.376789601	1	99684639758	1
0.797168877121	0.0365167074641	-0.602651069381	0	-0.0206146057708	-0.995941009393	-0.0876158880466	0	0.603404358104	-0.0822680733047	0.793180398608	0	-168.271064622	86.0731225254	108.731540794	1	99684973091	1
0.797735000004	0.0355226266409	-0.601960972792	0	-0.0206401615803	-0.996069866002	-0.0861324896465	0	0.602654837779	-0.0811354733719	0.793866601806	0	-169.049856794	86.0331216484	108.082760454	1	99685306424	1
0.79871267209	0.0347741306592	-0.600706939596	0	-0.0181569255959	-0.996481158493	-0.0818268099209	0	0.601438603263	-0.0762631012077	0.795270737484	0	-169.598511485	86.037474895	107.676244399	1	99685973091	1
0.799477370757	0.0342453615494	-0.59971925837	0	-0.0188290607211	-0.996454397014	-0.0820006167318	0	0.600401032744	-0.0768497877966	0.795997933411	0	-170.144481137	86.0437871227	107.246512266	1	99686306423	1
0.79942736205	0.034386055738	-0.599777868863	0	-0.0192797690052	-0.99637791564	-0.0828211309535	0	0.600453314849	-0.0777730570062	0.795868813493	0	-170.654500705	86.0450184982	106.744037862	1	99686639758	1
0.798216179666	0.0349509703875	-0.601356267273	0	-0.018802824657	-0.996383121606	-0.0828681408252	0	0.602077556719	-0.0774538872355	0.794671951844	0	-170.996599568	86.0930185336	106.305210869	1	99686973091	1
0.797898098507	0.034582354454	-0.601799539015	0	-0.0190117238387	-0.996412561496	-0.0824655179456	0	0.602492471949	-0.0772403266032	0.794378217974	0	-171.541702814	86.1917660167	105.87093868	1	99687306424	1
0.799125942426	0.0331486241019	-0.600249029039	0	-0.0211287824161	-0.996312993513	-0.0831504269991	0	0.600792229224	-0.0791301944688	0.795479169826	0	-173.163647304	86.29932904	104.540439664	1	99687973091	1
0.799902930801	0.0331966411957	-0.599210550899	0	-0.0208051047007	-0.996334772642	-0.0829708891296	0	0.599768662831	-0.0788352956352	0.7962804451	0	-173.553533728	86.2852111057	104.12448639	1	99688306424	1
0.799011021874	0.0333715543071	-0.600389645387	0	-0.0198628309264	-0.996449201123	-0.081819664684	0	0.600988231892	-0.0773002519048	0.795511040893	0	-173.982911066	86.285957396	103.531247433	1	99688639758	1
0.799725668948	0.0336654382706	-0.599420964508	0	-0.0185099923646	-0.996569307927	-0.0806659449825	0	0.600080190148	-0.0756059042887	0.79635890943	0	-174.378580979	86.2356849192	102.964222806	1	99688973091	1
0.799261954737	0.0338147347216	-0.600030742067	0	-0.0189383014353	-0.996502844871	-0.0813844020808	0	0.600684333447	-0.0764110193559	0.795826418054	0	-175.036815239	86.1739374406	102.247752589	1	99689306424	1
0.798837161103	0.0336128135939	-0.600607499789	0	-0.0183066535391	-0.996616775259	-0.080124089444	0	0.601268705719	-0.0750012135591	0.795519177323	0	-175.423655078	86.2249594065	101.89391919	1	99689639758	1
0.799164311692	0.0330720364089	-0.600202168711	0	-0.0190458305384	-0.996590938561	-0.0802730186083	0	0.600810834836	-0.0755826804576	0.795810027053	0	-175.957690267	86.3349581506	101.383118701	1	99689973091	1
0.799632742757	0.0333302919762	-0.599563648288	0	-0.0186947442425	-0.996592631293	-0.0803345118298	0	0.60019828661	-0.0754467950943	0.796284997888	0	-176.36424814	86.4454696448	100.718992981	1	99690306424	1
0.798669329692	0.0333658538964	-0.600844423794	0	-0.0196111327726	-0.996488182291	-0.0814045823328	0	0.601450501107	-0.0767985829763	0.795210206405	0	-177.027119143	86.4892402074	99.7823394822	1	99690639758	1
0.798081651867	0.0331844570909	-0.601634830076	0	-0.0190696703605	-0.996591092546	-0.0802654466722	0	0.602247477891	-0.0755313581549	0.794728248717	0	-177.251485622	86.5209896306	99.4596587152	1	99690973091	1
0.799664582472	0.0318693711465	-0.599600616013	0	-0.0196733575738	-0.996663700566	-0.0792112806146	0	0.600124582517	-0.07513861296	0.796369684444	0	-178.064058832	86.4619847839	98.7690025762	1	99691306423	1
0.800178384237	0.0323946224178	-0.598886585121	0	-0.0166999465429	-0.996949681783	-0.0762393846962	0	0.599529536541	-0.0710064816182	0.797196597072	0	-178.626064205	86.3705983868	97.8701316005	1	99691973091	1
0.800582201191	0.0313107183876	-0.598404359986	0	-0.0166064923961	-0.997091044743	-0.074388661116	0	0.598992790896	-0.0694916355138	0.797733382182	0	-179.082362231	86.3917597978	97.5990913438	1	99692306424	1
0.800963325	0.0312572990345	-0.597896925282	0	-0.0159797464008	-0.99716442015	-0.0735375202947	0	0.598500125071	-0.0684550980073	0.798192645824	0	-179.545073248	86.3984493403	97.2263554203	1	99692639758	1
