-0.99998426,-0.005354979,0.0016304831,0.0,-0.0043405453,0.55784804,-0.8299317,0.0,0.0035347785,-0.8299258,-0.5578625,0.0,635.5386,-69.220406,112.88094,1.0
-0.99998385,-0.0053762677,0.00181086,0.0,-0.0045021055,0.5578431,-0.8299341,0.0,0.00345185,-0.82992893,-0.55785835,0.0,635.4989,-69.207375,112.766914,1.0
-0.9999838,-0.005460776,0.0016116626,0.0,-0.00438393,0.557851,-0.8299296,0.0,0.00363297,-0.82992315,-0.5578659,0.0,635.5491,-69.14652,112.89458,1.0
-0.99998367,-0.005515149,0.0014755472,0.0,-0.004301402,0.5578671,-0.82991904,0.0,0.0037540526,-0.8299119,-0.5578818,0.0,635.5791,-69.088715,112.987915,1.0
-0.99998456,-0.005368496,0.0014479922,0.0,-0.004196704,0.55787003,-0.8299177,0.0,0.0036476243,-0.829911,-0.5578839,0.0,635.5645,-69.00116,112.97879,1.0
-0.99998456,-0.005365891,0.0014539848,0.0,-0.0042003635,0.5579012,-0.8298967,0.0,0.0036419695,-0.82989,-0.55791515,0.0,635.544,-68.81558,112.972755,1.0
-0.9999844,-0.005401447,0.0014566046,0.0,-0.004222508,0.5579366,-0.8298729,0.0,0.003669758,-0.829866,-0.55795074,0.0,635.5302,-68.70974,112.99275,1.0
-0.99998325,-0.005564801,0.0015972327,0.0,-0.0044300198,0.5578549,-0.82992667,0.0,0.0037273783,-0.8299199,-0.55787015,0.0,635.46497,-68.55513,112.99534,1.0
-0.9999844,-0.005401519,0.0014165975,0.0,-0.004186645,0.55732465,-0.8302841,0.0,0.0036952961,-0.8302771,-0.5573386,0.0,635.5248,-68.43253,112.88201,1.0
-0.99998486,-0.005326757,0.0013845841,0.0,-0.0041196337,0.5576086,-0.8300938,0.0,0.003649624,-0.83008695,-0.5576221,0.0,635.49585,-68.13564,112.9215,1.0
-0.9999848,-0.0053416523,0.0013696142,0.0,-0.0041160444,0.55772454,-0.8300159,0.0,0.0036698193,-0.8300089,-0.557738,0.0,635.48566,-67.998375,112.94808,1.0
-0.9999837,-0.005534182,0.001414149,0.0,-0.004261284,0.55792385,-0.82988125,0.0,0.0038036848,-0.82987374,-0.55793834,0.0,635.424,-67.5749,113.03105,1.0
-0.99998397,-0.005483325,0.0014121364,0.0,-0.004230611,0.5577818,-0.8299768,0.0,0.0037633798,-0.82996947,-0.55779606,0.0,635.38354,-67.12781,112.96495,1.0
-0.99998397,-0.005495065,0.0013464494,0.0,-0.004182667,0.55778515,-0.8299748,0.0,0.0038097852,-0.82996714,-0.55779916,0.0,635.3785,-66.89414,112.99402,1.0
-0.99998385,-0.0055021783,0.0014304098,0.0,-0.004256702,0.55787534,-0.8299139,0.0,0.0037683018,-0.8299065,-0.55788976,0.0,635.30444,-66.51828,113.052505,1.0
-0.9999837,-0.005506308,0.0014656122,0.0,-0.0042884434,0.5579195,-0.82988393,0.0,0.003751931,-0.8298768,-0.55793405,0.0,635.2572,-66.23893,113.120476,1.0
-0.99998426,-0.0054560425,0.001302277,0.0,-0.00412403,0.5577441,-0.8300027,0.0,0.0038021815,-0.82999504,-0.5577578,0.0,635.29517,-65.91059,113.096344,1.0
-0.9999845,-0.005398786,0.0013408557,0.0,-0.0041240025,0.5577186,-0.8300199,0.0,0.003733276,-0.83001256,-0.5577322,0.0,635.2563,-65.62897,113.05384,1.0
-0.9999838,-0.0054750727,0.0015627183,0.0,-0.004351444,0.5578827,-0.8299083,0.0,0.0036720326,-0.8299017,-0.5578975,0.0,635.1237,-65.161316,113.04942,1.0
-0.9999835,-0.0055114217,0.0015911048,0.0,-0.004395473,0.55792356,-0.82988065,0.0,0.0036861754,-0.82987404,-0.5579386,0.0,635.09064,-64.96072,113.0618,1.0
-0.99998397,-0.00549087,0.0013939607,0.0,-0.0042199097,0.55782527,-0.82994777,0.0,0.0037794902,-0.82994026,-0.5578395,0.0,635.0947,-64.37797,113.09763,1.0
-0.99998385,-0.0055313404,0.0013248314,0.0,-0.0041852035,0.5578446,-0.82993495,0.0,0.0038515513,-0.829927,-0.5578587,0.0,635.07654,-64.03964,113.15269,1.0
-0.9999838,-0.005548928,0.0012717674,0.0,-0.0041507375,0.55778897,-0.8299724,0.0,0.0038961023,-0.8299642,-0.557803,0.0,635.0299,-63.51972,113.199326,1.0
-0.9999846,-0.0053225085,0.0015283161,0.0,-0.0042373654,0.5577874,-0.829973,0.0,0.0035650986,-0.8299668,-0.5578014,0.0,634.91547,-62.99191,113.136154,1.0
-0.9999843,-0.0053395983,0.0016623865,0.0,-0.0043584346,0.55784726,-0.82993215,0.0,0.0035042039,-0.82992643,-0.5578618,0.0,634.82947,-62.57266,113.126045,1.0
-0.99998426,-0.005322454,0.0017635918,0.0,-0.0044330736,0.5579031,-0.82989424,0.0,0.0034331467,-0.829889,-0.55791795,0.0,634.74164,-61.982983,113.15268,1.0
-0.99998516,-0.0051478622,0.0017634534,0.0,-0.0043356502,0.5579218,-0.8298821,0.0,0.003288321,-0.8298775,-0.5579359,0.0,634.71967,-61.55706,113.24223,1.0
-0.99998516,-0.005150469,0.0017407945,0.0,-0.004318318,0.5579267,-0.82987887,0.0,0.0033030955,-0.82987416,-0.5579407,0.0,634.71686,-61.481663,113.26084,1.0
-0.9999848,-0.0052694236,0.0016126515,0.0,-0.0042780745,0.5578641,-0.8299212,0.0,0.003473609,-0.8299155,-0.5578782,0.0,634.67755,-60.87299,113.26125,1.0
-0.99998325,-0.005563051,0.0016012583,0.0,-0.004432499,0.5578827,-0.82990795,0.0,0.003723499,-0.82990116,-0.55789804,0.0,634.5347,-59.80239,113.23881,1.0
-0.99998313,-0.005605138,0.0015112623,0.0,-0.004381168,0.5578568,-0.82992566,0.0,0.0038087626,-0.8299183,-0.55787194,0.0,634.50586,-59.35723,113.27631,1.0
-0.9999832,-0.00561472,0.0014295,0.0,-0.004318616,0.5578456,-0.8299335,0.0,0.0038624266,-0.8299258,-0.55786043,0.0,634.4561,-58.63458,113.37209,1.0
-0.99998343,-0.0055203107,0.0016300994,0.0,-0.004432691,0.55790156,-0.8298952,0.0,0.0036718932,-0.8298887,-0.5579168,0.0,634.3155,-57.86444,113.36577,1.0
-0.99998486,-0.0052730227,0.0016053491,0.0,-0.0042735036,0.55774856,-0.829999,0.0,0.0034811585,-0.82999325,-0.5577626,0.0,634.2038,-56.646423,113.3524,1.0
-0.99998444,-0.0053385156,0.0016147873,0.0,-0.0043180785,0.5577944,-0.829968,0.0,0.003530063,-0.829962,-0.55780876,0.0,634.1432,-56.07434,113.41648,1.0
-0.99998367,-0.005443818,0.0017559447,0.0,-0.004494297,0.5578689,-0.8299169,0.0,0.0035383238,-0.82991123,-0.5578843,0.0,634.0294,-55.41243,113.407036,1.0
-0.99998367,-0.00549107,0.0015526824,0.0,-0.0043518688,0.5578433,-0.8299348,0.0,0.0036911266,-0.8299281,-0.55785817,0.0,633.9271,-53.86147,113.5587,1.0
-0.99998385,-0.005487561,0.0015061437,0.0,-0.004311049,0.55779636,-0.82996666,0.0,0.0037143352,-0.82995975,-0.55781096,0.0,633.876,-53.203964,113.56904,1.0
-0.9999845,-0.005382106,0.0014010457,0.0,-0.0041645635,0.5576942,-0.83003604,0.0,0.0036860236,-0.830029,-0.55770797,0.0,633.81647,-52.34615,113.56493,1.0
-0.99998426,-0.005398117,0.0015326599,0.0,-0.004283301,0.5578262,-0.82994676,0.0,0.0036251796,-0.8299402,-0.5578406,0.0,633.68536,-51.690792,113.60712,1.0
-0.9999837,-0.005437275,0.0017106835,0.0,-0.0044532204,0.5578968,-0.82989836,0.0,0.0035580525,-0.8298925,-0.55791193,0.0,633.52344,-50.704437,113.5724,1.0
-0.99998397,-0.0054170773,0.0016728375,0.0,-0.0044104042,0.55787426,-0.82991385,0.0,0.0035623936,-0.82990783,-0.5578892,0.0,633.4957,-50.35747,113.581,1.0
-0.99998397,-0.005448559,0.0015350484,0.0,-0.004313552,0.55785686,-0.829926,0.0,0.0036655318,-0.82991934,-0.5578714,0.0,633.39606,-49.08079,113.673454,1.0
-0.99998444,-0.0053868364,0.0014174136,0.0,-0.004180919,0.5577208,-0.83001804,0.0,0.0036807274,-0.8300111,-0.55773467,0.0,633.3423,-48.113007,113.65288,1.0
-0.9999835,-0.0055258465,0.0015504262,0.0,-0.004369638,0.55789894,-0.8298974,0.0,0.003720928,-0.8298905,-0.5579139,0.0,633.2067,-47.36472,113.739105,1.0
-0.999984,-0.0054967077,0.0013227067,0.0,-0.0041636312,0.5577359,-0.83000803,0.0,0.0038245793,-0.8300003,-0.55774987,0.0,633.18567,-46.32229,113.78648,1.0
-0.99998415,-0.0054760296,0.0013246726,0.0,-0.0041536363,0.55771464,-0.83002234,0.0,0.003806439,-0.8300147,-0.5577285,0.0,633.1783,-46.198277,113.77967,1.0
-0.99998397,-0.0054524667,0.0014967927,0.0,-0.0042837337,0.5577959,-0.829967,0.0,0.0036905042,-0.8299602,-0.55781037,0.0,632.95074,-44.455635,113.88529,1.0
-0.9999842,-0.0054113236,0.0015062896,0.0,-0.004268484,0.5577548,-0.82999474,0.0,0.00365127,-0.82998806,-0.5577691,0.0,632.8741,-43.741592,113.897865,1.0
-0.9999842,-0.005402706,0.0015525767,0.0,-0.0043022363,0.55778784,-0.8299724,0.0,0.003618117,-0.82996595,-0.55780226,0.0,632.7037,-42.553215,113.92712,1.0
-0.99998385,-0.005491284,0.0014759065,0.0,-0.0042878184,0.5577489,-0.8299987,0.0,0.003734544,-0.8299916,-0.55776346,0.0,632.637,-41.75249,113.97001,1.0
-0.99998343,-0.0054961783,0.0016896046,0.0,-0.0044682673,0.5578217,-0.8299487,0.0,0.0036191135,-0.8299426,-0.557837,0.0,632.4509,-40.54329,113.96071,1.0
-0.9999838,-0.005439536,0.0016879009,0.0,-0.0044352226,0.5578163,-0.82995254,0.0,0.003573052,-0.8299466,-0.5578314,0.0,632.37384,-39.730335,113.993286,1.0
-0.99998367,-0.0054507796,0.0017193293,0.0,-0.0044674464,0.55779177,-0.829969,0.0,0.0035648975,-0.8299631,-0.557807,0.0,632.24493,-38.504734,114.0307,1.0
-0.9999836,-0.005508013,0.0015665285,0.0,-0.004372651,0.55781054,-0.8299568,0.0,0.0036975893,-0.82995003,-0.55782545,0.0,632.1501,-37.25246,114.15774,1.0
-0.9999834,-0.005560678,0.0015564427,0.0,-0.0043939166,0.55787337,-0.8299145,0.0,0.0037465093,-0.8299075,-0.5578885,0.0,632.0383,-36.352695,114.21451,1.0
-0.99998415,-0.0054202215,0.0015190061,0.0,-0.0042840987,0.5577781,-0.829979,0.0,0.003651423,-0.8299724,-0.5577925,0.0,631.9295,-35.08272,114.19594,1.0
-0.99998397,-0.0054303478,0.0015962597,0.0,-0.0043540266,0.5578147,-0.8299541,0.0,0.0036165433,-0.82994777,-0.5578294,0.0,631.8105,-34.179615,114.2051,1.0
-0.9999835,-0.005488333,0.0016917487,0.0,-0.004465955,0.5578923,-0.82990134,0.0,0.0036109549,-0.8298952,-0.55790764,0.0,631.63293,-32.800507,114.24616,1.0
-0.9999837,-0.0054786466,0.0016084749,0.0,-0.0043913787,0.5578834,-0.82990783,0.0,0.003649353,-0.82990134,-0.55789834,0.0,631.5636,-31.88605,114.32024,1.0
-0.999985,-0.0052865953,0.0014344237,0.0,-0.0041390015,0.5576928,-0.83003706,0.0,0.0035881598,-0.83003056,-0.5577063,0.0,631.50305,-30.616,114.32295,1.0
-0.99998486,-0.0053293686,0.0013579789,0.0,-0.004099599,0.557737,-0.83000755,0.0,0.0036660787,-0.8300006,-0.5577504,0.0,631.4147,-29.652815,114.42613,1.0
-0.9999844,-0.005396919,0.0014814396,0.0,-0.004240335,0.55787677,-0.829913,0.0,0.003652472,-0.8299063,-0.5578909,0.0,631.21515,-28.153782,114.53043,1.0
-0.9999838,-0.0054872534,0.0015318948,0.0,-0.0043325704,0.55786973,-0.8299173,0.0,0.0036993106,-0.82991046,-0.55788445,0.0,631.08966,-27.157347,114.50639,1.0
-0.99998313,-0.005585432,0.001609352,0.0,-0.0044518,0.55790824,-0.8298908,0.0,0.003737365,-0.8298839,-0.5579237,0.0,630.89526,-25.655962,114.50604,1.0
-0.99998325,-0.0055811903,0.0015259208,0.0,-0.004380314,0.5579325,-0.8298748,0.0,0.0037802975,-0.8298676,-0.55794764,0.0,630.7464,-24.129599,114.61015,1.0
-0.9999836,-0.0055252207,0.0014785997,0.0,-0.0043098168,0.55792665,-0.829879,0.0,0.003760375,-0.82987183,-0.5579414,0.0,630.6549,-23.14688,114.667,1.0
-0.9999848,-0.005366009,0.0012610146,0.0,-0.00403975,0.55777997,-0.82997894,0.0,0.0037503701,-0.82997143,-0.5577932,0.0,630.5763,-21.682735,114.736984,1.0
-0.99998486,-0.0053624674,0.0012766167,0.0,-0.0040508416,0.557814,-0.8299562,0.0,0.0037384494,-0.8299487,-0.55782723,0.0,630.5151,-21.182201,114.778694,1.0
-0.9999836,-0.0055157123,0.0015512466,0.0,-0.004364677,0.557903,-0.82989466,0.0,0.0037120203,-0.82988787,-0.5579179,0.0,630.2065,-19.031805,114.7868,1.0
-0.9999836,-0.0055091567,0.0015761697,0.0,-0.0043815463,0.5578703,-0.8299166,0.0,0.0036928102,-0.82990986,-0.5578853,0.0,630.10266,-17.963604,114.79876,1.0
-0.9999833,-0.0055472124,0.0015689624,0.0,-0.0043970575,0.5579207,-0.8298825,0.0,0.0037282575,-0.8298757,-0.55793583,0.0,629.9182,-16.31872,114.906136,1.0
-0.999984,-0.005441243,0.001544098,0.0,-0.0043172184,0.5579136,-0.82988787,0.0,0.0036540779,-0.82988125,-0.55792814,0.0,629.8041,-15.31076,114.95343,1.0
-0.9999849,-0.0053014355,0.0014285372,0.0,-0.00414291,0.557812,-0.82995695,0.0,0.0036031678,-0.8299504,-0.55782557,0.0,629.6745,-13.821654,114.998,1.0
-0.99998516,-0.005251059,0.0014686194,0.0,-0.004148055,0.5578136,-0.82995594,0.0,0.0035389059,-0.8299497,-0.55782706,0.0,629.5394,-12.720697,115.02118,1.0
-0.9999842,-0.0053767627,0.0016249971,0.0,-0.004348228,0.5578736,-0.8299145,0.0,0.003555701,-0.8299085,-0.5578882,0.0,629.327,-11.308634,115.022606,1.0
-0.99998474,-0.0052528623,0.0017146777,0.0,-0.0043534786,0.55785763,-0.8299252,0.0,0.003402964,-0.82992,-0.557872,0.0,629.2007,-9.991234,115.079384,1.0
-0.99998426,-0.005363143,0.0016175037,0.0,-0.004334233,0.55782604,-0.82994646,0.0,0.0035489064,-0.8299405,-0.5578405,0.0,629.1311,-9.073783,115.13812,1.0
-0.99998397,-0.0054405155,0.0015727037,0.0,-0.004340284,0.55784845,-0.8299315,0.0,0.0036379085,-0.829925,-0.5578631,0.0,628.8762,-6.681452,115.25778,1.0
-0.999984,-0.005453288,0.0015098399,0.0,-0.004295128,0.55782706,-0.82994616,0.0,0.0036836485,-0.8299393,-0.55784154,0.0,628.79297,-5.8161535,115.29344,1.0
-0.9999845,-0.0053728754,0.001451439,0.0,-0.004201737,0.55780464,-0.82996154,0.0,0.00364972,-0.82995486,-0.5578186,0.0,628.6173,-4.138843,115.35733,1.0
-0.9999848,-0.0053267917,0.0014383317,0.0,-0.00416519,0.5578227,-0.82994974,0.0,0.0036185647,-0.82994306,-0.5578364,0.0,628.504,-3.082796,115.43014,1.0
-0.9999845,-0.005351231,0.0015505608,0.0,-0.004272002,0.557828,-0.8299456,0.0,0.0035762454,-0.82993937,-0.5578422,0.0,628.29834,-1.4963448,115.430695,1.0
-0.9999843,-0.0053547565,0.0016082264,0.0,-0.004321666,0.55778307,-0.8299755,0.0,0.0035473295,-0.82996947,-0.5577975,0.0,628.2199,-0.7505503,115.409744,1.0
-0.99998426,-0.005352154,0.0016822502,0.0,-0.004381717,0.557802,-0.8299625,0.0,0.003503729,-0.82995677,-0.5578167,0.0,628.01746,1.1274753,115.487045,1.0
-0.99998367,-0.0054706954,0.0016489418,0.0,-0.004420305,0.5578252,-0.82994664,0.0,0.0036205875,-0.8299404,-0.5578403,0.0,627.8975,2.1487825,115.538,1.0
-0.9999842,-0.0053742942,0.0016622845,0.0,-0.004377433,0.55779207,-0.8299693,0.0,0.0035332276,-0.8299634,-0.5578068,0.0,627.73627,3.5724916,115.561516,1.0
-0.9999845,-0.005295365,0.0017292992,0.0,-0.0043890695,0.5578025,-0.8299622,0.0,0.0034302832,-0.8299568,-0.5578171,0.0,627.61676,4.5474563,115.59396,1.0
-0.9999841,-0.005349685,0.0017855833,0.0,-0.0044664377,0.5578792,-0.8299101,0.0,0.003443665,-0.8299049,-0.55789423,0.0,627.4207,6.0394087,115.670975,1.0
-0.9999838,-0.0054511214,0.0016404731,0.0,-0.0044021904,0.5577843,-0.8299742,0.0,0.003609319,-0.829968,-0.5577993,0.0,627.32935,7.42516,115.72486,1.0
-0.999984,-0.005401982,0.0016695469,0.0,-0.0043987706,0.55775493,-0.829994,0.0,0.0035524282,-0.82998806,-0.5577698,0.0,627.2428,8.400605,115.75335,1.0
-0.9999841,-0.005400082,0.0016477135,0.0,-0.004379644,0.55777043,-0.8299838,0.0,0.0035629119,-0.82997775,-0.55778515,0.0,627.0975,9.905323,115.86478,1.0
-0.9999839,-0.005418617,0.0016984154,0.0,-0.0044320505,0.55776787,-0.8299852,0.0,0.0035500156,-0.82997936,-0.5577829,0.0,626.98505,10.798682,115.86705,1.0
-0.9999844,-0.0053431382,0.0016043042,0.0,-0.00431169,0.55772567,-0.83001405,0.0,0.00354019,-0.8300081,-0.55774003,0.0,626.86536,12.108804,115.924644,1.0
-0.9999846,-0.005301922,0.001614537,0.0,-0.00429714,0.5577128,-0.8300228,0.0,0.0035003372,-0.83001703,-0.55772704,0.0,626.7893,12.851333,115.94503,1.0
-0.999984,-0.0053566564,0.0018170138,0.0,-0.0044964044,0.5578826,-0.8299077,0.0,0.003431829,-0.8299026,-0.55789775,0.0,626.54297,14.352432,116.01412,1.0
-0.99998415,-0.005353501,0.0017502815,0.0,-0.004439408,0.55791515,-0.82988614,0.0,0.0034663004,-0.8298807,-0.55793005,0.0,626.4628,15.212141,116.11093,1.0
-0.99998415,-0.0053683827,0.001710408,0.0,-0.004414527,0.55789816,-0.82989776,0.0,0.0035009205,-0.8298921,-0.557913,0.0,626.3267,16.547554,116.151474,1.0
-0.9999837,-0.0054761367,0.0015995017,0.0,-0.0043824804,0.55787015,-0.8299167,0.0,0.0036523684,-0.8299102,-0.55788505,0.0,626.26965,17.363472,116.19123,1.0
-0.99998325,-0.0055282814,0.0017101138,0.0,-0.0045034713,0.5578909,-0.8299021,0.0,0.003633848,-0.8298959,-0.55790645,0.0,626.1192,18.622593,116.20932,1.0
-0.99998313,-0.005529798,0.0017751748,0.0,-0.004558419,0.5579104,-0.82988864,0.0,0.0035987687,-0.82988274,-0.5579262,0.0,626.0744,18.852655,116.20283,1.0
-0.99998385,-0.005448095,0.0016375667,0.0,-0.004398248,0.5578276,-0.82994527,0.0,0.0036081052,-0.829939,-0.5578425,0.0,625.9917,20.038885,116.25656,1.0
-0.9999838,-0.0054395986,0.0016960931,0.0,-0.004442425,0.5579078,-0.8298911,0.0,0.0035679662,-0.8298851,-0.5579229,0.0,625.7837,21.74677,116.33205,1.0
-0.99998397,-0.005376911,0.0017724163,0.0,-0.004471055,0.55796397,-0.82985306,0.0,0.0034731522,-0.8298477,-0.55797905,0.0,625.6778,22.535526,116.376724,1.0
-0.9999847,-0.005286114,0.0016625636,0.0,-0.0043287035,0.5578463,-0.82993305,0.0,0.0034596077,-0.8299275,-0.5578606,0.0,625.6067,23.591534,116.38272,1.0
-0.9999848,-0.0052547045,0.0016865054,0.0,-0.00433091,0.55781186,-0.82995623,0.0,0.003420364,-0.82995087,-0.5578261,0.0,625.56067,23.983353,116.35972,1.0
-0.999985,-0.005208416,0.0017217855,0.0,-0.004334164,0.5577611,-0.8299903,0.0,0.0033625318,-0.82998526,-0.55777526,0.0,625.4928,24.560766,116.32582,1.0
-0.999985,-0.0052670985,0.0014974247,0.0,-0.004180596,0.55773777,-0.83000666,0.0,0.0035365599,-0.8300005,-0.5577514,0.0,625.4026,26.085659,116.48428,1.0
-0.99998385,-0.005467039,0.001552325,0.0,-0.0043379907,0.5578047,-0.8299608,0.0,0.0036715704,-0.8299542,-0.5578194,0.0,625.2642,26.984333,116.5079,1.0
-0.9999845,-0.005298944,0.0016844742,0.0,-0.0043535465,0.55771875,-0.8300185,0.0,0.003458803,-0.83001304,-0.55773324,0.0,625.1674,27.805273,116.445694,1.0
-0.9999845,-0.0052775065,0.0017454348,0.0,-0.0043925024,0.557794,-0.82996774,0.0,0.0034066257,-0.8299626,-0.5578085,0.0,625.0343,28.815203,116.52383,1.0
-0.999984,-0.0053537004,0.0017939619,0.0,-0.0044756625,0.5578875,-0.82990444,0.0,0.0034422681,-0.82989925,-0.5579026,0.0,624.9478,29.36274,116.59115,1.0
-0.99998367,-0.0054340656,0.0017764458,0.0,-0.0045059286,0.55788577,-0.82990557,0.0,0.0035186608,-0.8299,-0.5579011,0.0,624.8259,30.401428,116.59942,1.0
-0.9999835,-0.005460367,0.0017521717,0.0,-0.0045006443,0.55792,-0.82988244,0.0,0.0035539726,-0.8298767,-0.5579354,0.0,624.7364,31.394854,116.6355,1.0
-0.99998385,-0.0054626726,0.0015850994,0.0,-0.0043631103,0.55789375,-0.829901,0.0,0.0036490762,-0.8298944,-0.5579086,0.0,624.72205,32.00183,116.700356,1.0
-0.9999849,-0.0052892,0.0014995578,0.0,-0.00419489,0.5577899,-0.8299717,0.0,0.0035533658,-0.82996535,-0.5578037,0.0,624.68665,32.76244,116.69668,1.0
-0.99998474,-0.0053102598,0.0014966596,0.0,-0.004204533,0.5578477,-0.82993263,0.0,0.0035723327,-0.8299263,-0.5578615,0.0,624.50653,34.300716,116.775116,1.0
-0.99998444,-0.0053553553,0.0015529458,0.0,-0.0042768354,0.5579504,-0.82986325,0.0,0.0035777898,-0.829857,-0.55796456,0.0,624.4211,34.901657,116.85821,1.0
-0.9999843,-0.005338146,0.001674251,0.0,-0.004367871,0.5579431,-0.82986766,0.0,0.0034958627,-0.829862,-0.5579577,0.0,624.329,35.691067,116.85428,1.0
-0.99998474,-0.0052804556,0.0016247923,0.0,-0.004294164,0.5578344,-0.82994115,0.0,0.0034760912,-0.8299355,-0.5578486,0.0,624.3346,35.90735,116.8067,1.0
-0.9999843,-0.0053622657,0.0016399993,0.0,-0.0043524965,0.5578546,-0.8299273,0.0,0.003535356,-0.8299214,-0.5578692,0.0,624.2108,36.92887,116.83893,1.0
-0.99998397,-0.0054378593,0.0015791287,0.0,-0.004344536,0.55793893,-0.82987064,0.0,0.0036316647,-0.8298642,-0.5579536,0.0,624.15594,37.394043,116.93223,1.0
-0.99998474,-0.0053042737,0.001529028,0.0,-0.004228118,0.5578624,-0.82992256,0.0,0.0035492233,-0.8299164,-0.55787635,0.0,624.1084,38.132595,116.94229,1.0
-0.999985,-0.005229307,0.0016567801,0.0,-0.0042920616,0.5578105,-0.8299573,0.0,0.0034158623,-0.8299519,-0.55782455,0.0,624.0093,38.798405,116.87351,1.0
-0.99998456,-0.005286352,0.0017217533,0.0,-0.004378047,0.5578689,-0.82991767,0.0,0.0034266443,-0.8299123,-0.5578834,0.0,623.93,39.252224,116.89299,1.0
-0.9999842,-0.0053418223,0.0017486857,0.0,-0.0044320426,0.5580262,-0.82981145,0.0,0.0034569444,-0.8298061,-0.55804104,0.0,623.8168,39.961197,117.02005,1.0
-0.99998456,-0.0053425543,0.0015209275,0.0,-0.0042428225,0.5578852,-0.82990724,0.0,0.003585309,-0.8299009,-0.5578993,0.0,623.86206,40.315613,117.03829,1.0
-0.9999846,-0.0053192237,0.0015473268,0.0,-0.004251562,0.5578464,-0.8299333,0.0,0.0035514582,-0.82992715,-0.5578605,0.0,623.8086,40.939556,117.043655,1.0
-0.99998415,-0.005363892,0.0017228824,0.0,-0.004422413,0.55790615,-0.82989234,0.0,0.0034902077,-0.82988673,-0.557921,0.0,623.7088,41.36949,117.025696,1.0
-0.9999834,-0.005500577,0.0017275654,0.0,-0.004502744,0.5579437,-0.8298666,0.0,0.0036008859,-0.82986057,-0.5579592,0.0,623.6154,41.93204,117.02957,1.0
-0.99998385,-0.0054278984,0.0017005993,0.0,-0.0044397735,0.5579362,-0.829872,0.0,0.003555638,-0.8298661,-0.5579512,0.0,623.5969,42.299675,117.07025,1.0
-0.9999842,-0.00536588,0.0016706523,0.0,-0.0043801498,0.5578953,-0.8298997,0.0,0.003521116,-0.82989395,-0.55791,0.0,623.60004,42.44968,117.067764,1.0
-0.9999853,-0.005211677,0.0015125572,0.0,-0.0041625192,0.5578053,-0.8299614,0.0,0.0034817557,-0.82995546,-0.55781883,0.0,623.5907,43.08846,117.11135,1.0
-0.99998534,-0.005192465,0.0015627362,0.0,-0.0041936515,0.5578542,-0.82992846,0.0,0.003437572,-0.8299228,-0.5578677,0.0,623.5094,43.55071,117.12747,1.0
-0.999985,-0.00523949,0.0015897022,0.0,-0.0042422456,0.5578457,-0.8299338,0.0,0.003461645,-0.8299281,-0.5578596,0.0,623.47546,43.786747,117.108925,1.0
-0.9999848,-0.005257469,0.0016561862,0.0,-0.0043072393,0.55779797,-0.8299656,0.0,0.0034396716,-0.8299601,-0.55781215,0.0,623.43774,44.308044,117.09439,1.0
-0.9999842,-0.005402653,0.0015283785,0.0,-0.0042820396,0.5577669,-0.8299865,0.0,0.003631705,-0.82998,-0.5577813,0.0,623.42584,44.67505,117.120804,1.0
-0.999984,-0.0054525877,0.0014749058,0.0,-0.004265627,0.5577974,-0.8299662,0.0,0.0037027576,-0.8299593,-0.55781174,0.0,623.3846,44.982296,117.15934,1.0
-0.99998444,-0.0052901497,0.0017818828,0.0,-0.00443021,0.55790156,-0.8298954,0.0,0.003396099,-0.8298903,-0.5579163,0.0,623.25836,45.375477,117.14708,1.0
-0.9999843,-0.0052899327,0.0018212777,0.0,-0.004463013,0.5579504,-0.82986224,0.0,0.0033737752,-0.8298574,-0.5579653,0.0,623.21655,45.61536,117.1788,1.0
-0.9999843,-0.0053279265,0.0017068087,0.0,-0.00438935,0.5579817,-0.82984155,0.0,0.0034690134,-0.8298361,-0.5579964,0.0,623.2044,45.967384,117.26356,1.0
-0.9999843,-0.005321431,0.0017259006,0.0,-0.0044016084,0.5579942,-0.82983315,0.0,0.0034528656,-0.8298278,-0.55800885,0.0,623.1736,46.176228,117.2692,1.0
-0.99998426,-0.0053464035,0.0017087893,0.0,-0.0044011953,0.5579592,-0.8298567,0.0,0.003483317,-0.82985115,-0.5579739,0.0,623.15515,46.356667,117.241585,1.0
-0.99998426,-0.0053721876,0.0016297604,0.0,-0.0043497686,0.55790776,-0.82989156,0.0,0.0035490468,-0.8298856,-0.55792236,0.0,623.15784,46.549828,117.23369,1.0
-0.99998415,-0.005390405,0.0015910806,0.0,-0.004327856,0.5579062,-0.82989264,0.0,0.00358585,-0.82988644,-0.55792075,0.0,623.1412,46.82571,117.26396,1.0
-0.99998444,-0.0053225383,0.0016574529,0.0,-0.0043450682,0.557905,-0.82989335,0.0,0.0034925041,-0.8298877,-0.55791944,0.0,623.1242,46.98173,117.26673,1.0
-0.9999842,-0.005362145,0.0016618461,0.0,-0.004370671,0.55787474,-0.8299136,0.0,0.0035230406,-0.82990783,-0.5578894,0.0,623.1072,47.16962,117.24943,1.0
-0.99998397,-0.0054250243,0.0016370275,0.0,-0.004384994,0.5578434,-0.8299347,0.0,0.0035891605,-0.8299286,-0.55785817,0.0,623.08734,47.337685,117.2275,1.0
-0.999984,-0.005427016,0.0016113225,0.0,-0.0043647205,0.557834,-0.82994115,0.0,0.0036051709,-0.82993484,-0.55784875,0.0,623.0781,47.44254,117.23161,1.0
-0.9999839,-0.0054239416,0.0016218601,0.0,-0.004371895,0.5578554,-0.82992655,0.0,0.0035967892,-0.82992035,-0.5578702,0.0,623.053,47.565228,117.2439,1.0
-0.99998415,-0.005382728,0.0016745778,0.0,-0.0043927436,0.5578843,-0.8299072,0.0,0.0035329144,-0.82990134,-0.55789906,0.0,623.0072,47.719105,117.24236,1.0
-0.9999841,-0.0053807665,0.0017029392,0.0,-0.004415178,0.5578802,-0.82990974,0.0,0.0035155104,-0.829904,-0.5578951,0.0,623.00555,47.83368,117.2531,1.0
-0.99998385,-0.0054108207,0.0017408824,0.0,-0.004463507,0.55790037,-0.82989603,0.0,0.0035191306,-0.8298904,-0.5579155,0.0,622.9812,47.91445,117.24918,1.0
