0.9996328,-0.02567964,0.008648733,0.0,0.026242511,0.9969946,-0.07289051,0.0,-0.006750927,0.07309071,0.9973024,0.0,-133.46031,-149.83345,115.308395,1.0
0.999588,-0.026554927,0.0108901,0.0,0.027295902,0.99682945,-0.07473976,0.0,-0.008870861,0.075006224,0.9971436,0.0,-133.72826,-149.47719,115.00674,1.0
0.9995044,-0.029223755,0.011701815,0.0,0.029995073,0.99693125,-0.072307505,0.0,-0.009552875,0.072622664,0.99731374,0.0,-133.33348,-148.92767,114.94467,1.0
0.9994918,-0.030213574,0.010161852,0.0,0.030880552,0.9968118,-0.07357019,0.0,-0.007906635,0.07384661,0.9972383,0.0,-133.15755,-148.5182,114.544556,1.0
0.99952203,-0.029185722,0.010192207,0.0,0.029873526,0.99669456,-0.07554786,0.0,-0.007953532,0.07581622,0.9970901,0.0,-133.29128,-148.36514,114.03803,1.0
0.999558,-0.02773761,0.010701496,0.0,0.028500093,0.99644417,-0.07928949,0.0,-0.008464184,0.07955944,0.99679416,0.0,-133.4952,-148.18861,113.159775,1.0
0.9995825,-0.027263947,0.009561222,0.0,0.027958205,0.99622804,-0.08214669,0.0,-0.0072855097,0.082379706,0.9965744,0.0,-133.57935,-147.91147,112.35344,1.0
0.9996121,-0.027337467,0.0053284047,0.0,0.027678356,0.9963587,-0.08064264,0.0,-0.0031044616,0.08075884,0.99672884,0.0,-133.62967,-147.69946,112.074196,1.0
0.99965674,-0.026082814,0.0024578858,0.0,0.026194913,0.9966391,-0.077617235,0.0,-0.00042511435,0.07765497,0.9969802,0.0,-133.90166,-147.15625,111.216835,1.0
0.999655,-0.026112651,0.0028325475,0.0,0.026252981,0.9967116,-0.07666027,0.0,-0.00082141353,0.07670818,0.9970532,0.0,-133.95491,-146.79758,110.65165,1.0
0.99964064,-0.026804434,0.00032122474,0.0,0.026754709,0.99689925,-0.07400027,0.0,0.0016632784,0.07398227,0.9972582,0.0,-133.87296,-146.45796,110.5335,1.0
0.99962544,-0.027358027,-0.0006388486,0.0,0.027239842,0.99699914,-0.07246134,0.0,0.0026193229,0.0724168,0.997371,0.0,-133.87712,-145.97986,110.08145,1.0
0.99961656,-0.027688405,0.00025750272,0.0,0.027634162,0.9969838,-0.072523154,0.0,0.0017512923,0.072502464,0.99736667,0.0,-133.84763,-145.66127,109.50568,1.0
0.9996141,-0.027776366,0.00027142224,0.0,0.027722146,0.9969501,-0.072952226,0.0,0.0017557484,0.0729316,0.9973354,0.0,-133.79427,-145.36572,108.89012,1.0
0.99962103,-0.027510708,-0.000937665,0.0,0.027366461,0.9968959,-0.07382145,0.0,0.0029656652,0.07376781,0.99727106,0.0,-133.75453,-145.04305,108.178795,1.0
0.999621,-0.027377881,-0.0028887694,0.0,0.027090037,0.9969022,-0.07383795,0.0,0.0049013626,0.07373171,0.99726605,0.0,-133.70952,-144.62221,107.537926,1.0
0.9996062,-0.027722076,-0.0043589403,0.0,0.027329076,0.99694353,-0.07318943,0.0,0.0063745975,0.073041484,0.9973085,0.0,-133.6233,-144.19348,106.93015,1.0
0.999608,-0.02779253,-0.0033927,0.0,0.0274635,0.99685246,-0.07437057,0.0,0.00544895,0.07424824,0.9972249,0.0,-133.63002,-143.72798,105.86318,1.0
0.99958175,-0.028814064,-0.0024515563,0.0,0.028543537,0.99668217,-0.07622266,0.0,0.0046397066,0.0761208,0.99708784,0.0,-133.4817,-143.1789,104.52109,1.0
0.9995341,-0.03043668,-0.0022740918,0.0,0.030174153,0.9966208,-0.07639715,0.0,0.004591656,0.07629295,0.9970749,0.0,-133.21835,-142.6296,103.33758,1.0
0.99947405,-0.03234348,-0.0023464297,0.0,0.032071296,0.9965841,-0.076102264,0.0,0.0047998624,0.07598699,0.99709725,0.0,-132.88658,-142.0165,102.00304,1.0
0.9994171,-0.034077495,-0.00204077,0.0,0.03382603,0.9965673,-0.07556092,0.0,0.004608655,0.07544785,0.9971391,0.0,-132.59377,-141.40137,100.77288,1.0
0.9993808,-0.035127882,-0.0020084432,0.0,0.03487976,0.9965941,-0.07472379,0.0,0.0046264892,0.07460746,0.9972022,0.0,-132.39589,-140.81464,99.57961,1.0
0.999342,-0.036231488,-0.0016968761,0.0,0.036000676,0.9965056,-0.07536945,0.0,0.0044216667,0.07525876,0.99715424,0.0,-132.17459,-140.30641,98.26057,1.0
0.9992675,-0.03820614,-0.00218202,0.0,0.037921436,0.99625725,-0.07767524,0.0,0.0051415367,0.0775356,0.9969763,0.0,-131.82745,-139.80328,96.78512,1.0
0.99919283,-0.04017098,-0.00022458336,0.0,0.040028207,0.9960823,-0.07885256,0.0,0.0033912975,0.07877991,0.9968863,0.0,-131.59013,-139.23541,95.42607,1.0
0.9991577,-0.041033577,0.0003690618,0.0,0.040931832,0.9959617,-0.07990543,0.0,0.002911209,0.07985323,0.9968024,0.0,-131.42084,-138.58228,93.99682,1.0
0.9990729,-0.043050688,0.00020170977,0.0,0.042921375,0.9956866,-0.0822556,0.0,0.0033403279,0.082187995,0.99661124,0.0,-131.02777,-137.85748,92.288376,1.0
0.9990187,-0.04426501,0.0014646383,0.0,0.044228636,0.9953767,-0.08525857,0.0,0.0023160914,0.08523969,0.9963578,0.0,-130.82706,-137.3098,90.77438,1.0
0.99896574,-0.045456026,0.0010896915,0.0,0.04537914,0.99519664,-0.08674299,0.0,0.0028585617,0.08670273,0.9962301,0.0,-130.62373,-136.85246,89.60547,1.0
0.99893486,-0.046143446,0.00013505213,0.0,0.045972094,0.9949646,-0.08906174,0.0,0.0039752815,0.08897308,0.9960261,0.0,-130.52231,-136.42287,88.01393,1.0
0.9989394,-0.04603761,0.00081572565,0.0,0.045923468,0.9948646,-0.09019718,0.0,0.0033409598,0.09013899,0.9959236,0.0,-130.59547,-136.03761,86.70239,1.0
0.9989576,-0.045629956,0.0012958096,0.0,0.04556022,0.994864,-0.09038726,0.0,0.0028352255,0.09035207,0.9959058,0.0,-130.71204,-135.6335,85.49597,1.0
0.9989664,-0.04545227,0.0004759576,0.0,0.045310203,0.9949002,-0.090113744,0.0,0.0036223116,0.09004217,0.9959314,0.0,-130.73077,-135.21944,84.2545,1.0
0.9989633,-0.045515187,-0.00083717523,0.0,0.04525965,0.9949936,-0.08910226,0.0,0.004888489,0.088972,0.99602216,0.0,-130.64188,-134.91016,83.189545,1.0
0.9990022,-0.04465721,-0.0006065754,0.0,0.044423956,0.9949993,-0.08945939,0.0,0.004598557,0.08934318,0.9959903,0.0,-130.81407,-134.64793,81.86628,1.0
0.9990301,-0.044027388,0.000601493,0.0,0.04390517,0.99503696,-0.089295775,0.0,0.0033329756,0.08923558,0.99600494,0.0,-130.93068,-134.40047,80.751755,1.0
0.9990516,-0.043522906,-0.001343792,0.0,0.0432292,0.99506664,-0.08929513,0.0,0.005223571,0.089152336,0.9960043,0.0,-130.97188,-134.10503,79.509834,1.0
0.9990789,-0.042878214,-0.001646362,0.0,0.042554878,0.99501014,-0.09024364,0.0,0.0055076373,0.09009045,0.99591833,0.0,-131.10352,-133.92577,78.29214,1.0
0.99905056,-0.04345847,-0.003045116,0.0,0.043001592,0.9949231,-0.09098851,0.0,0.0069838446,0.09077118,0.9958473,0.0,-130.9813,-133.83934,77.185104,1.0
0.99904406,-0.043579057,-0.0034393198,0.0,0.043074716,0.99478143,-0.0924901,0.0,0.0074519925,0.092253536,0.9957077,0.0,-130.92491,-133.76837,75.87482,1.0
0.9990678,-0.043040734,-0.0033213687,0.0,0.04253111,0.9945688,-0.094994515,0.0,0.0073919673,0.094764695,0.99547225,0.0,-130.9375,-133.70486,74.37394,1.0
0.9990522,-0.043300368,-0.0044283904,0.0,0.04266621,0.9943555,-0.09714263,0.0,0.008609687,0.09686162,0.99526066,0.0,-130.77367,-133.70432,73.17634,1.0
0.99903053,-0.043850277,-0.003896539,0.0,0.04324501,0.99408954,-0.09957861,0.0,0.008240072,0.09931357,0.99502206,0.0,-130.64485,-133.7083,71.94172,1.0
0.9989963,-0.044673674,-0.0032651906,0.0,0.044088554,0.9935486,-0.10448668,0.0,0.007911919,0.104237854,0.99452096,0.0,-130.47371,-133.64336,70.05668,1.0
0.9989657,-0.04534795,-0.0033384971,0.0,0.04471704,0.9930692,-0.10869215,0.0,0.008244296,0.10843044,0.9940698,0.0,-130.28624,-133.5512,68.47178,1.0
0.9989132,-0.046512663,-0.0029973045,0.0,0.045888342,0.99269545,-0.11157977,0.0,0.0081652915,0.111320965,0.993751,0.0,-130.02858,-133.4302,66.69272,1.0
0.99891144,-0.046620023,-0.0015730257,0.0,0.04615768,0.99274975,-0.11098386,0.0,0.0067356564,0.110790454,0.99382097,0.0,-129.94244,-133.29515,65.32637,1.0
0.99887073,-0.047494892,-0.0011850569,0.0,0.04708198,0.99291015,-0.10914569,0.0,0.0063605555,0.108966656,0.99402505,0.0,-129.73578,-133.1972,64.168724,1.0
0.9988355,-0.04824257,-0.00055729883,0.0,0.0478917,0.9928355,-0.10947129,0.0,0.0058345045,0.10931712,0.9939898,0.0,-129.57831,-133.06335,62.421093,1.0
0.9987953,-0.04907152,-0.00021294343,0.0,0.04875839,0.9928929,-0.108564496,0.0,0.005538853,0.10842332,0.99408937,0.0,-129.34892,-132.97751,61.227207,1.0
0.9987433,-0.050117645,0.00010747015,0.0,0.04983838,0.9929476,-0.107569784,0.0,0.0052844435,0.10743996,0.99419755,0.0,-129.05446,-132.95561,60.08756,1.0
0.99870086,-0.050954092,0.00045717566,0.0,0.050707486,0.9929022,-0.107582286,0.0,0.0050278427,0.10746571,0.99419606,0.0,-128.77327,-132.95743,58.592422,1.0
0.9987153,-0.050673787,-6.133764e-05,0.0,0.050371002,0.99287844,-0.10795926,0.0,0.0055315923,0.10781747,0.99415535,0.0,-128.60748,-132.90039,57.091557,1.0
0.9986806,-0.05134435,-0.0009009506,0.0,0.05094043,0.9927366,-0.10899138,0.0,0.0064904713,0.10880168,0.99404234,0.0,-128.38562,-132.87526,55.66629,1.0
0.9986527,-0.05188932,0.00054985855,0.0,0.05164367,0.99277735,-0.108286895,0.0,0.0050730146,0.1081694,0.9941195,0.0,-128.25113,-132.76282,54.263603,1.0
0.99859124,-0.053013995,0.0022382794,0.0,0.05295254,0.9929604,-0.105951086,0.0,0.0033943914,0.10592035,0.99436885,0.0,-128.09517,-132.72559,53.000916,1.0
0.99851584,-0.054457776,-0.0006690729,0.0,0.054089718,0.99305135,-0.10451485,0.0,0.0063560647,0.10432354,0.99452305,0.0,-127.83818,-132.63593,51.750767,1.0
0.9984676,-0.055328425,-0.0010614492,0.0,0.05491858,0.9930656,-0.10394545,0.0,0.006805237,0.10372787,0.9945824,0.0,-127.724976,-132.69264,50.32196,1.0
0.9984205,-0.056155447,-0.0017844245,0.0,0.0556722,0.99310637,-0.10315201,0.0,0.0075646895,0.10288973,0.99466395,0.0,-127.626915,-132.85805,49.005272,1.0
0.9983837,-0.056760382,-0.00287292,0.0,0.056172103,0.99319834,-0.101989016,0.0,0.008642344,0.10166279,0.9947814,0.0,-127.55995,-133.04482,47.83833,1.0
0.9983815,-0.056830943,-0.0021598807,0.0,0.056314796,0.99319017,-0.10198963,0.0,0.007941372,0.10170292,0.9947831,0.0,-127.57125,-133.13101,46.42811,1.0
0.99829626,-0.05820388,-0.0041177077,0.0,0.05747959,0.9931029,-0.102189645,0.0,0.010037125,0.10177886,0.9947564,0.0,-127.28122,-133.28368,45.098698,1.0
0.99815404,-0.06073027,-0.00060230284,0.0,0.06034681,0.99287087,-0.10278942,0.0,0.006840445,0.10256332,0.99470294,0.0,-126.313965,-133.7128,42.441486,1.0
0.99810964,-0.06135643,-0.003542114,0.0,0.060644947,0.99260587,-0.105146505,0.0,0.009967373,0.10473293,0.99445045,0.0,-125.89581,-133.9433,40.552166,1.0
0.9980868,-0.061629955,-0.0049424977,0.0,0.060761534,0.992517,-0.105915435,0.0,0.01143312,0.10541249,0.99436283,0.0,-125.55097,-134.21817,38.926228,1.0
0.9980784,-0.061789095,-0.0046489905,0.0,0.060950782,0.9925058,-0.10591132,0.0,0.011158283,0.10542444,0.99436474,0.0,-125.202446,-134.45354,37.318466,1.0
0.9980867,-0.06169806,-0.004025931,0.0,0.060927104,0.99251884,-0.10580274,0.0,0.0105236415,0.10535502,0.994379,0.0,-124.93679,-134.64949,35.59312,1.0
0.998118,-0.061110154,-0.0050974055,0.0,0.060232747,0.99259,-0.10553226,0.0,0.011508751,0.10502662,0.9944028,0.0,-124.928345,-134.91151,33.912987,1.0
0.99805313,-0.06213793,-0.0053657177,0.0,0.061234638,0.99259967,-0.104862966,0.0,0.011841987,0.10433025,0.9944722,0.0,-124.26383,-135.25941,30.586557,1.0
0.9980439,-0.062115185,-0.007077189,0.0,0.061082102,0.99298257,-0.10126525,0.0,0.013317633,0.10063488,0.9948343,0.0,-124.1346,-135.40007,29.746244,1.0
0.997998,-0.06260432,-0.008983713,0.0,0.061378982,0.9929774,-0.10113632,0.0,0.015252169,0.10038243,0.994832,0.0,-123.909065,-135.59761,28.409437,1.0
0.99791896,-0.06362136,-0.010495564,0.0,0.06221211,0.99276185,-0.10273045,0.0,0.016955469,0.10186372,0.9946539,0.0,-123.57868,-135.90872,26.707336,1.0
0.9978207,-0.06494165,-0.011678992,0.0,0.06337871,0.9925388,-0.104162835,0.0,0.018356394,0.10319564,0.9944917,0.0,-123.18434,-136.3007,25.023607,1.0
0.99774015,-0.06575737,-0.0138049815,0.0,0.0639757,0.9925251,-0.10392791,0.0,0.020535816,0.10280986,0.994489,0.0,-122.879684,-136.54372,24.021475,1.0
0.9977416,-0.06579265,-0.013528031,0.0,0.06400751,0.99235904,-0.10548279,0.0,0.020364653,0.10437867,0.9943291,0.0,-122.816956,-136.71019,22.512146,1.0
0.9976311,-0.06697591,-0.015698783,0.0,0.06491304,0.9920893,-0.10744847,0.0,0.022771029,0.10617488,0.99408674,0.0,-122.45362,-136.89565,20.65665,1.0
0.99757075,-0.067950055,-0.015340744,0.0,0.065905094,0.9919534,-0.10809704,0.0,0.0225625,0.106823415,0.994022,0.0,-122.19752,-137.02599,19.174826,1.0
0.9975725,-0.06813725,-0.014369841,0.0,0.06616053,0.99176276,-0.10967861,0.0,0.021724666,0.10846165,0.9938632,0.0,-121.810074,-137.29887,15.995083,1.0
0.9975416,-0.06868087,-0.013916649,0.0,0.06671814,0.9915598,-0.11116607,0.0,0.021434203,0.10996429,0.9937044,0.0,-121.61348,-137.49297,14.270374,1.0
0.9975095,-0.06938078,-0.012692919,0.0,0.06749428,0.9912074,-0.113808475,0.0,0.020477422,0.11266833,0.9934216,0.0,-121.44421,-137.63707,12.203159,1.0
0.9974067,-0.070493005,-0.014510612,0.0,0.06835709,0.99095553,-0.11547506,0.0,0.022519568,0.114183694,0.9932044,0.0,-121.08019,-137.67992,10.676022,1.0
0.99746275,-0.07037349,-0.010750879,0.0,0.068638414,0.99075145,-0.11704843,0.0,0.018888585,0.11601352,0.99306804,0.0,-121.20271,-137.88995,8.622476,1.0
0.9975063,-0.06988557,-0.009853914,0.0,0.06823737,0.99064463,-0.11818168,0.0,0.018020919,0.117214575,0.9929431,0.0,-121.27044,-138.04376,6.9877605,1.0
0.9975204,-0.06932247,-0.012146747,0.0,0.06741412,0.99072814,-0.117953904,0.0,0.020210965,0.11684256,0.9929448,0.0,-121.24549,-138.32915,4.0655327,1.0
0.997493,-0.06922245,-0.01469505,0.0,0.06708525,0.99110174,-0.11496506,0.0,0.022522476,0.113691024,0.9932608,0.0,-121.126114,-138.5756,3.2437527,1.0
0.99758613,-0.06803836,-0.013880309,0.0,0.0660365,0.9913584,-0.11334769,0.0,0.021472333,0.11215747,0.9934584,0.0,-121.12052,-138.71188,2.1024656,1.0
0.99767375,-0.067134015,-0.011834901,0.0,0.06523194,0.99060124,-0.120224625,0.0,0.019794844,0.119172946,0.99267614,0.0,-120.81651,-138.7151,-1.9203206,1.0
0.9975448,-0.06887776,-0.012657892,0.0,0.0668658,0.9904954,-0.120199054,0.0,0.0208166,0.11905756,0.9926691,0.0,-120.09352,-138.7274,-3.5234826,1.0
0.99750817,-0.06955762,-0.011801502,0.0,0.06762545,0.990339,-0.121060014,0.0,0.02010813,0.11996027,0.99257505,0.0,-119.78789,-138.89044,-5.0084114,1.0
0.99758226,-0.0686289,-0.010946004,0.0,0.06679175,0.9903045,-0.121802464,0.0,0.019199034,0.12077686,0.992494,0.0,-119.687645,-139.15015,-6.508746,1.0
0.9975975,-0.069017865,-0.005982175,0.0,0.06779181,0.9903517,-0.120862626,0.0,0.014266159,0.120166704,0.9926512,0.0,-118.982346,-139.52893,-8.9191885,1.0
0.9975453,-0.069153436,-0.011009533,0.0,0.0673362,0.99046534,-0.12018412,0.0,0.01921573,0.11914777,0.9926906,0.0,-118.73631,-139.60931,-9.660004,1.0
0.9975801,-0.06832793,-0.012853859,0.0,0.066316694,0.99064803,-0.119241714,0.0,0.020881223,0.11810074,0.992782,0.0,-118.806984,-139.76189,-10.298064,1.0
0.99766266,-0.06741354,-0.011159928,0.0,0.06557033,0.9904553,-0.121238716,0.0,0.019226573,0.12022358,0.9925607,0.0,-118.82678,-140.06606,-12.143174,1.0
0.9977834,-0.06570232,-0.010556268,0.0,0.06391084,0.9903435,-0.1230249,0.0,0.018537382,0.122077554,0.9923474,0.0,-119.13888,-140.23363,-13.020053,1.0
0.9977821,-0.06578203,-0.010174873,0.0,0.06404017,0.9903598,-0.12282667,0.0,0.018156527,0.12190267,0.99237597,0.0,-118.98683,-140.3206,-13.715853,1.0
0.99777263,-0.06593725,-0.010101146,0.0,0.06420956,0.9903919,-0.122478716,0.0,0.018080017,0.121557325,0.9924198,0.0,-118.75027,-140.38147,-14.4014635,1.0
0.9979357,-0.06339686,-0.010250547,0.0,0.061661333,0.9904958,-0.1229468,0.0,0.017947596,0.12206095,0.9923603,0.0,-119.18767,-140.65706,-15.508787,1.0
0.9978697,-0.06441353,-0.010342839,0.0,0.06263757,0.99028766,-0.12412433,0.0,0.018237693,0.12321206,0.9922128,0.0,-118.94866,-140.76225,-16.342241,1.0
0.99788344,-0.06437841,-0.0091689015,0.0,0.06273085,0.99016076,-0.1250861,0.0,0.017131515,0.12424617,0.9921035,0.0,-118.93244,-140.8811,-17.218851,1.0
0.997992,-0.06297755,-0.0067690928,0.0,0.061633643,0.9901812,-0.12546888,0.0,0.014604382,0.124799736,0.9920745,0.0,-119.22889,-141.02599,-18.072031,1.0
0.99794,-0.06373783,-0.007293815,0.0,0.062327344,0.99017787,-0.12515216,0.0,0.015199106,0.12443974,0.9921108,0.0,-119.121376,-141.15819,-18.75223,1.0
0.99787486,-0.06458275,-0.008651314,0.0,0.06299171,0.99009734,-0.12545644,0.0,0.016667945,0.12464487,0.9920614,0.0,-118.70071,-141.42525,-20.07014,1.0
0.99784213,-0.065329745,-0.006571263,0.0,0.06397219,0.9898621,-0.12680914,0.0,0.014789069,0.12611511,0.9919054,0.0,-118.43902,-141.55556,-20.860592,1.0
0.9978132,-0.06608014,-0.0015136236,0.0,0.06533505,0.9895131,-0.12882239,0.0,0.010010361,0.12844178,0.99166656,0.0,-118.27217,-141.64348,-21.827286,1.0
0.99775904,-0.06681211,-0.0036036319,0.0,0.06579436,0.989501,-0.12868136,0.0,0.012163308,0.1281559,0.99167943,0.0,-118.44147,-141.79858,-22.423855,1.0
0.997758,-0.066766486,-0.004606532,0.0,0.06564243,0.9897245,-0.12702931,0.0,0.013040513,0.12644212,0.9918883,0.0,-118.61152,-141.97064,-22.882853,1.0
0.9977599,-0.06665825,-0.005651403,0.0,0.06544827,0.9901453,-0.12380959,0.0,0.013848615,0.12316237,0.9922899,0.0,-118.75681,-142.17995,-23.132408,1.0
0.9977108,-0.06715543,-0.007946334,0.0,0.06572185,0.9906041,-0.11993415,0.0,0.01592591,0.11913737,0.99275005,0.0,-118.877754,-142.40518,-23.26257,1.0
0.9976998,-0.06737745,-0.0074407603,0.0,0.066002466,0.9905849,-0.11993851,0.0,0.015451853,0.11917152,0.99275345,0.0,-118.85108,-142.47946,-25.019281,1.0
0.9977268,-0.06701982,-0.0070408625,0.0,0.06567695,0.9904612,-0.12113305,0.0,0.0150919845,0.120395266,0.9926113,0.0,-118.67096,-142.60834,-25.950796,1.0
0.9977661,-0.066504225,-0.006334032,0.0,0.06521993,0.99023366,-0.12322212,0.0,0.014466932,0.12253374,0.9923589,0.0,-118.49545,-142.79312,-26.876732,1.0
0.99779844,-0.06605199,-0.0059570647,0.0,0.06476797,0.98982674,-0.12668127,0.0,0.01426402,0.12601654,0.9919256,0.0,-118.40724,-143.01326,-27.896082,1.0
0.9977364,-0.0669442,-0.0063658347,0.0,0.06556111,0.98942554,-0.12937853,0.0,0.014959674,0.12866831,0.9915748,0.0,-118.20213,-143.25636,-28.834814,1.0
0.99773175,-0.0671088,-0.005273206,0.0,0.06586088,0.9893675,-0.12966986,0.0,0.013919139,0.12902844,0.99154323,0.0,-118.31021,-143.5396,-30.386923,1.0
0.99775654,-0.06676059,-0.004990179,0.0,0.06557312,0.98958707,-0.1281314,0.0,0.013492358,0.12751673,0.99174464,0.0,-118.50156,-143.6981,-31.006676,1.0
0.99773264,-0.067131355,-0.004786534,0.0,0.065983705,0.98972195,-0.12687261,0.0,0.013254493,0.12626912,0.9919075,0.0,-118.52417,-143.85521,-31.642202,1.0
0.9976625,-0.06818169,-0.0045563346,0.0,0.06706539,0.98975253,-0.12606403,0.0,0.01310491,0.12546377,0.9920116,0.0,-118.344864,-143.97931,-32.29421,1.0
0.99773544,-0.06716974,-0.003500914,0.0,0.066205785,0.9899359,-0.12507491,0.0,0.011866932,0.12455989,0.9921411,0.0,-118.49692,-143.95595,-32.90325,1.0
0.9976889,-0.0678668,-0.0033165694,0.0,0.066938885,0.9900835,-0.12350627,0.0,0.011665657,0.122998826,0.99233824,0.0,-118.374016,-143.95619,-33.965797,1.0
0.9977189,-0.06745693,-0.002578,0.0,0.06661328,0.98999476,-0.1243908,0.0,0.010943255,0.12393532,0.99223,0.0,-118.303795,-143.953,-34.50358,1.0
0.99765044,-0.06843332,-0.003234385,0.0,0.06748424,0.9897594,-0.12578627,0.0,0.011809218,0.12527247,0.9920521,0.0,-118.11302,-144.04338,-35.118484,1.0
0.99762666,-0.068783835,-0.003130935,0.0,0.067832105,0.9895977,-0.12686688,0.0,0.0118247485,0.1263534,0.9919148,0.0,-118.129295,-144.213,-35.870834,1.0
0.9976897,-0.06788768,-0.002545794,0.0,0.067012906,0.98960537,-0.12724167,0.0,0.011157435,0.12677711,0.9918685,0.0,-118.368164,-144.38885,-36.676643,1.0
0.99779385,-0.066345215,-0.0023791168,0.0,0.06550984,0.98977417,-0.1267105,0.0,0.010761412,0.1262751,0.99193686,0.0,-118.68394,-144.51857,-37.43761,1.0
0.9977007,-0.067688026,-0.003414909,0.0,0.06673743,0.989971,-0.12451329,0.0,0.0118087055,0.1239991,0.9922121,0.0,-118.61671,-144.59647,-38.045162,1.0
0.9977743,-0.066643834,-0.0022563597,0.0,0.06585934,0.99019897,-0.12316079,0.0,0.010442196,0.12273806,0.99238414,0.0,-118.849106,-144.595,-38.66467,1.0
0.99781,-0.0661255,-0.0016251632,0.0,0.06542472,0.9902568,-0.12292742,0.0,0.009737999,0.12255187,0.99241436,0.0,-118.8645,-144.74243,-40.188072,1.0
0.9977979,-0.066297226,-0.0020136316,0.0,0.06554824,0.99025697,-0.122860014,0.0,0.010139237,0.122457474,0.992422,0.0,-118.79707,-144.86252,-40.90708,1.0
0.9978148,-0.06599792,-0.0031496808,0.0,0.06510727,0.99023294,-0.123287275,0.0,0.01125563,0.1228128,0.9923661,0.0,-118.76536,-144.96826,-41.651108,1.0
0.9978848,-0.0649997,-0.0009695045,0.0,0.06436986,0.9900785,-0.12490432,0.0,0.009078644,0.12457772,0.9921683,0.0,-118.92559,-145.10103,-42.88277,1.0
0.9978988,-0.06477499,0.0014802068,0.0,0.064447224,0.989978,-0.12565847,0.0,0.006674149,0.12548983,0.99207246,0.0,-119.05027,-145.2321,-44.853504,1.0
0.99787515,-0.06512976,0.0018034333,0.0,0.06483956,0.98994875,-0.12568718,0.0,0.006400691,0.12553705,0.9920683,0.0,-118.902115,-145.28908,-45.85569,1.0
0.99786663,-0.065238334,0.002469257,0.0,0.06503304,0.9899835,-0.12531321,0.0,0.005730737,0.12520646,0.9921141,0.0,-118.756325,-145.33026,-46.825558,1.0
0.99789006,-0.06481972,0.003723077,0.0,0.06478155,0.99019253,-0.123782635,0.0,0.0043370426,0.123762645,0.99230236,0.0,-118.75535,-145.3488,-47.525364,1.0
0.9978468,-0.06552996,0.0027603824,0.0,0.06536627,0.99013275,-0.12395305,0.0,0.0053895144,0.12386659,0.99228424,0.0,-118.58004,-145.54657,-49.10412,1.0
0.99783176,-0.065758124,0.0027666886,0.0,0.06558435,0.98991024,-0.12560438,0.0,0.0055207736,0.12551348,0.9920765,0.0,-118.423996,-145.70882,-50.250755,1.0
0.99789286,-0.06473599,0.0043662884,0.0,0.06476897,0.98989075,-0.12617977,0.0,0.003846278,0.12619668,0.9919978,0.0,-118.52822,-145.71342,-51.541836,1.0
0.99792176,-0.06433173,0.003684126,0.0,0.06428718,0.9900725,-0.12499435,0.0,0.0043935734,0.124971434,0.9921506,0.0,-118.61318,-145.60168,-52.568928,1.0
0.9979391,-0.06398438,0.0048440867,0.0,0.064097784,0.990493,-0.12171743,0.0,0.002989971,0.12177709,0.992553,0.0,-118.78351,-145.59254,-54.84181,1.0
0.99798685,-0.06317223,0.0056050466,0.0,0.063392505,0.99102384,-0.11769957,0.0,0.0018805936,0.11781795,0.9930334,0.0,-118.862854,-145.68025,-55.364834,1.0
0.9980258,-0.062516235,0.0060195997,0.0,0.06279136,0.99118555,-0.11665537,0.0,0.00132631,0.11680305,0.99315417,0.0,-118.95623,-145.8027,-56.403965,1.0
0.99805975,-0.06198385,0.005895586,0.0,0.06224428,0.99090886,-0.119269565,0.0,0.0015507698,0.11940513,0.9928444,0.0,-119.05414,-145.99512,-59.461594,1.0
0.99809855,-0.061201267,0.0073282067,0.0,0.061638378,0.9908497,-0.12007351,0.0,8.750522e-05,0.1202969,0.99273795,0.0,-119.12591,-146.0399,-60.885113,1.0
0.99813664,-0.060467433,0.008184147,0.0,0.061012853,0.99088955,-0.12006404,0.0,-0.0008496333,0.12033966,0.9927324,0.0,-119.15702,-146.0175,-62.199734,1.0
0.9981509,-0.06007575,0.009257517,0.0,0.060749445,0.99112946,-0.11820276,0.0,-0.0020743057,0.11854658,0.9929463,0.0,-119.00857,-145.93024,-64.24664,1.0
0.9981635,-0.059773065,0.00983819,0.0,0.060518976,0.99108833,-0.11866496,0.0,-0.0026575841,0.11904243,0.9928856,0.0,-118.974815,-145.99252,-65.48234,1.0
0.9981886,-0.05905751,0.011476184,0.0,0.06000675,0.99103224,-0.11939123,0.0,-0.00432233,0.11986362,0.9927809,0.0,-119.00145,-146.03882,-66.67541,1.0
0.99819666,-0.05868302,0.012636953,0.0,0.059776284,0.990999,-0.119782194,0.0,-0.005493983,0.12032158,0.99271977,0.0,-118.984146,-146.05978,-67.724335,1.0
0.9981761,-0.059137598,0.012132753,0.0,0.060165994,0.99099797,-0.11959551,0.0,-0.0049509373,0.12010737,0.99274856,0.0,-118.86432,-146.04736,-68.63479,1.0
0.9981813,-0.0587499,0.013510647,0.0,0.05993734,0.991185,-0.11815172,0.0,-0.006450172,0.118746616,0.99290365,0.0,-118.84449,-145.83081,-70.233635,1.0
0.99819696,-0.058428302,0.01374764,0.0,0.059631906,0.9914494,-0.11606949,0.0,-0.0068483735,0.11668001,0.99314594,0.0,-118.90191,-145.81253,-70.78015,1.0
0.99820703,-0.058217857,0.013904817,0.0,0.059433248,0.99159205,-0.11494748,0.0,-0.0070958985,0.115567796,0.9932743,0.0,-118.93774,-145.76744,-71.48457,1.0
0.9981795,-0.058740765,0.013680667,0.0,0.059935376,0.99141484,-0.11620832,0.0,-0.0067370445,0.11681673,0.9931306,0.0,-118.806915,-145.66171,-72.52343,1.0
0.99819833,-0.05845611,0.013527815,0.0,0.059624963,0.99160445,-0.1147411,0.0,-0.006706959,0.11534097,0.99330336,0.0,-118.87177,-145.55455,-73.17306,1.0
0.99826884,-0.056755476,0.015434383,0.0,0.05812554,0.99207586,-0.1113862,0.0,-0.008990272,0.1120905,0.9936573,0.0,-118.92165,-145.33421,-74.771194,1.0
0.9983277,-0.055564564,0.015954023,0.0,0.05697666,0.9924109,-0.10896913,0.0,-0.00977812,0.109695904,0.9939171,0.0,-118.93083,-145.30283,-75.65605,1.0
0.9984132,-0.053756732,0.016770693,0.0,0.055224594,0.99294764,-0.10490593,0.0,-0.0110129975,0.105665624,0.9943407,0.0,-118.91615,-145.1852,-76.52091,1.0
0.998443,-0.052957978,0.017522098,0.0,0.054465868,0.99336773,-0.1012619,0.0,-0.012043225,0.10205859,0.9947055,0.0,-118.753944,-144.98073,-77.38263,1.0
0.99849486,-0.05119437,0.019673778,0.0,0.052846912,0.9940256,-0.09550052,0.0,-0.0146672055,0.09639648,0.99523497,0.0,-118.62358,-144.59875,-79.63301,1.0
0.99846697,-0.051464017,0.020375442,0.0,0.053158466,0.99416035,-0.09391122,0.0,-0.015423394,0.09485038,0.99537206,0.0,-118.403076,-144.47069,-80.73435,1.0
0.99841994,-0.050925802,0.023754159,0.0,0.052946687,0.99415547,-0.09408292,0.0,-0.01882407,0.09519196,0.995281,0.0,-118.37869,-144.35631,-82.229095,1.0
0.99846494,-0.048845645,0.026112517,0.0,0.051006753,0.9946566,-0.08975807,0.0,-0.021588694,0.0909522,0.9956212,0.0,-118.339096,-144.09883,-84.29341,1.0
0.99849534,-0.047534265,0.027339537,0.0,0.049764235,0.9949043,-0.08768683,0.0,-0.023032084,0.08891543,0.9957729,0.0,-118.33019,-143.90695,-85.30147,1.0
0.99843735,-0.048076414,0.028485779,0.0,0.05034541,0.9950934,-0.085172854,0.0,-0.024251198,0.08647389,0.9959589,0.0,-118.002754,-143.72633,-86.152504,1.0
0.9983564,-0.050809473,0.02651201,0.0,0.052780207,0.9954076,-0.07986271,0.0,-0.022332527,0.08113075,0.9964532,0.0,-117.00195,-143.30707,-87.62361,1.0
0.9983548,-0.050392024,0.02735636,0.0,0.052381344,0.99560213,-0.07766964,0.0,-0.023322098,0.07897482,0.9966037,0.0,-116.90596,-143.09319,-88.18931,1.0
0.99835515,-0.049488183,0.028947527,0.0,0.051586263,0.995704,-0.076891854,0.0,-0.02501793,0.07825866,0.99661916,0.0,-116.868805,-142.78847,-89.26996,1.0
0.9983945,-0.047105502,0.031456325,0.0,0.04943587,0.9957306,-0.077952944,0.0,-0.02764997,0.07938286,0.9964607,0.0,-116.924355,-142.10461,-91.87313,1.0
0.9983679,-0.046556972,0.033076208,0.0,0.048969757,0.99587935,-0.07632974,0.0,-0.02938627,0.07782489,0.9965339,0.0,-116.93217,-141.89493,-92.60033,1.0
0.99835056,-0.04575177,0.034684196,0.0,0.048239063,0.99604326,-0.07463775,0.0,-0.03113219,0.07618777,0.99660736,0.0,-116.95488,-141.65599,-93.48477,1.0
0.9982778,-0.04474919,0.03793312,0.0,0.047450423,0.9961593,-0.07358691,0.0,-0.034494445,0.07526012,0.99656713,0.0,-116.8429,-141.15596,-95.55953,1.0
0.9982413,-0.04451826,0.03914581,0.0,0.047313984,0.9961605,-0.073659025,0.0,-0.035716336,0.07538162,0.9965149,0.0,-116.66618,-140.983,-96.68637,1.0
0.99821734,-0.044034883,0.04028798,0.0,0.04690166,0.99621224,-0.07322177,0.0,-0.036911048,0.07498081,0.9965016,0.0,-116.46629,-140.76784,-97.84201,1.0
0.9981564,-0.036820546,0.04824836,0.0,0.040337883,0.99643624,-0.07407911,0.0,-0.04534877,0.07588878,0.9960846,0.0,-117.274124,-140.1875,-100.85328,1.0
0.99809146,-0.03617196,0.05004972,0.0,0.03976044,0.9965635,-0.07266581,0.0,-0.047249224,0.07451712,0.9960997,0.0,-117.191734,-139.91765,-102.051956,1.0
0.9979576,-0.036140047,0.05267322,0.0,0.039877083,0.9966277,-0.07171503,0.0,-0.04990384,0.07366902,0.9960334,0.0,-117.043755,-139.59073,-104.418686,1.0
0.9978465,-0.036721498,0.054350633,0.0,0.04061036,0.9965582,-0.0722677,0.0,-0.051509805,0.07431927,0.99590325,0.0,-116.90975,-139.42758,-105.65979,1.0
0.9976885,-0.037657697,0.05656476,0.0,0.041693017,0.9965371,-0.07194147,0.0,-0.053659763,0.07413354,0.99580365,0.0,-116.69326,-139.24873,-106.7823,1.0
0.9976978,-0.037813246,0.056296434,0.0,0.04180266,0.9965671,-0.0714608,0.0,-0.053400967,0.07364962,0.9958534,0.0,-116.55283,-139.02132,-107.807236,1.0
0.9975006,-0.038028903,0.059551504,0.0,0.04251509,0.99620306,-0.07597317,0.0,-0.05643624,0.07831512,0.9953299,0.0,-116.29709,-138.51776,-110.65889,1.0
0.9974298,-0.037747957,0.060901057,0.0,0.042331316,0.99622303,-0.075813614,0.0,-0.0578092,0.07819678,0.9952604,0.0,-116.27458,-138.25868,-111.568855,1.0
0.9973199,-0.03926758,0.06173428,0.0,0.04396185,0.9960909,-0.076617785,0.0,-0.05848437,0.07912639,0.9951475,0.0,-116.04336,-137.95262,-112.58095,1.0
0.99695194,-0.037715238,0.068296686,0.0,0.0430462,0.9959965,-0.078345574,0.0,-0.06506849,0.081046686,0.9945841,0.0,-115.99196,-137.32748,-114.8466,1.0
0.99680537,-0.037676334,0.070423715,0.0,0.04323228,0.99592793,-0.079110496,0.0,-0.067156345,0.08190235,0.99437517,0.0,-115.84975,-137.01332,-115.98255,1.0
0.9967037,-0.036649566,0.07237827,0.0,0.04212447,0.9962461,-0.07562526,0.0,-0.06933496,0.07842487,0.994506,0.0,-115.939995,-136.66382,-116.28917,1.0
0.99654824,-0.031928085,0.07663069,0.0,0.03775216,0.9964083,-0.075797796,0.0,-0.07393539,0.078429125,0.99417424,0.0,-116.544785,-136.19185,-118.62705,1.0
0.9966974,-0.03240663,0.07445884,0.0,0.0379846,0.9964777,-0.074761584,0.0,-0.07177383,0.077342965,0.99441767,0.0,-116.299706,-135.89548,-119.50424,1.0
0.99658763,-0.031143146,0.07644045,0.0,0.036837917,0.9965585,-0.0742571,0.0,-0.073864795,0.07681961,0.99430513,0.0,-116.37635,-135.64998,-120.63941,1.0
0.9963421,-0.031793013,0.0793197,0.0,0.03779887,0.99643654,-0.075402215,0.0,-0.07663979,0.0781246,0.99399346,0.0,-115.99118,-135.1997,-123.46078,1.0
0.9960744,-0.030631838,0.08305145,0.0,0.03705527,0.996347,-0.07693862,0.0,-0.080391265,0.07971408,0.9935708,0.0,-116.05885,-134.93474,-125.19816,1.0
0.99597585,-0.030184316,0.08438642,0.0,0.03695365,0.99612224,-0.07984309,0.0,-0.08164919,0.08264017,0.9932291,0.0,-115.84847,-134.47603,-127.29082,1.0
0.9957847,-0.028474998,0.08718907,0.0,0.03573457,0.9959197,-0.082867384,0.0,-0.08447367,0.08563374,0.99273914,0.0,-115.77178,-133.65872,-130.9319,1.0
0.9958219,-0.026031835,0.08752792,0.0,0.03337578,0.99594736,-0.083516136,0.0,-0.08499913,0.0860885,0.992655,0.0,-116.02981,-133.31845,-132.67122,1.0
0.9956733,-0.02462211,0.08960165,0.0,0.03223427,0.99589974,-0.08452579,0.0,-0.08715305,0.08704831,0.99238443,0.0,-116.09051,-132.93762,-134.50804,1.0
0.9955805,-0.022708917,0.09112515,0.0,0.030439844,0.9959697,-0.08436665,0.0,-0.08884197,0.08676763,0.99225926,0.0,-116.154106,-132.386,-137.43068,1.0
0.99552447,-0.021482939,0.09202943,0.0,0.029271215,0.99602455,-0.08413261,0.0,-0.08985615,0.086449884,0.9921957,0.0,-116.2595,-132.03758,-138.83751,1.0
0.9954577,-0.020327473,0.09300903,0.0,0.028004058,0.9962396,-0.08199011,0.0,-0.09099262,0.08422232,0.9922837,0.0,-116.38562,-131.28441,-141.09026,1.0
0.9954615,-0.019288221,0.093189776,0.0,0.027021406,0.996229,-0.082447685,0.0,-0.091248095,0.08459162,0.99222887,0.0,-116.521484,-130.9819,-142.37943,1.0
0.99558073,-0.01823431,0.09212207,0.0,0.02610627,0.99604034,-0.08498276,0.0,-0.090207756,0.087012164,0.99211466,0.0,-116.60296,-130.62704,-143.98618,1.0
0.9954005,-0.016663928,0.09434047,0.0,0.02486733,0.995945,-0.08645915,0.0,-0.09251717,0.08840748,0.99177855,0.0,-116.946205,-129.96469,-146.66449,1.0
0.99521255,-0.016555376,0.09632242,0.0,0.024903206,0.9959735,-0.08611979,0.0,-0.09450885,0.08810623,0.99161756,0.0,-117.11676,-129.69687,-147.97318,1.0
0.99486953,-0.015229534,0.10001349,0.0,0.023922883,0.9959814,-0.08630649,0.0,-0.09829715,0.08825631,0.99123585,0.0,-117.74474,-129.32468,-150.62059,1.0
0.99485594,-0.015160882,0.10015878,0.0,0.023857052,0.9959917,-0.08620527,0.0,-0.098450355,0.08815131,0.99123,0.0,-117.92555,-129.12094,-151.71678,1.0
0.9948109,-0.015270864,0.10058868,0.0,0.023945298,0.9960416,-0.085602365,0.0,-0.098883286,0.08756679,0.9912387,0.0,-118.08687,-128.90845,-152.75316,1.0
0.99466497,-0.014976791,0.102065295,0.0,0.023731522,0.996089,-0.08510922,0.0,-0.10039145,0.08707732,0.99113023,0.0,-118.33135,-128.47694,-155.04408,1.0
0.9947581,-0.013406281,0.10137294,0.0,0.022133622,0.9960954,-0.085463285,0.0,-0.09983138,0.087259054,0.9911708,0.0,-118.55856,-128.21063,-156.22359,1.0
0.9948013,-0.011268802,0.10120971,0.0,0.02006247,0.99606776,-0.08629292,0.0,-0.099839345,0.08787483,0.99111557,0.0,-118.83809,-127.94586,-157.53938,1.0
0.99459547,-0.006782862,0.10360423,0.0,0.015926624,0.9960208,-0.08768632,0.0,-0.10259721,0.088862486,0.99074584,0.0,-119.33813,-127.49609,-160.39854,1.0
0.99449295,-0.005592018,0.10465427,0.0,0.014746685,0.9961073,-0.086907305,0.0,-0.1037609,0.087972,0.99070406,0.0,-119.458534,-127.35118,-161.52646,1.0
0.9943752,-0.004842167,0.1058043,0.0,0.014084604,0.9961277,-0.08678251,0.0,-0.10497437,0.08778458,0.9905929,0.0,-119.52746,-127.31708,-162.66336,1.0
0.9942452,-0.0058436915,0.10696967,0.0,0.015187334,0.9961149,-0.08674367,0.0,-0.1060472,0.08786905,0.9904711,0.0,-119.40229,-127.00737,-164.77461,1.0
0.99415475,-0.005764182,0.10781003,0.0,0.015192768,0.9961064,-0.086840026,0.0,-0.10688972,0.08797036,0.9903715,0.0,-119.42145,-126.78786,-165.83482,1.0
0.99403495,-0.005450956,0.10892576,0.0,0.015210271,0.9959184,-0.088967316,0.0,-0.107996196,0.09009341,0.99006057,0.0,-119.40316,-126.53122,-167.17586,1.0
0.99398166,-0.0064858207,0.10935452,0.0,0.016157795,0.9960076,-0.087793544,0.0,-0.10834853,0.0890321,0.9901181,0.0,-119.34414,-126.08028,-168.9634,1.0
0.9939093,-0.006923352,0.10998328,0.0,0.016770886,0.9959024,-0.08886585,0.0,-0.108917356,0.09016911,0.9899528,0.0,-119.258865,-125.92204,-170.00815,1.0
0.9936223,-0.0058884127,0.112606175,0.0,0.016283752,0.99566084,-0.09162052,0.0,-0.11157808,0.09286984,0.98940665,0.0,-119.43142,-125.9124,-171.354,1.0
0.9935577,-0.0058145705,0.113178626,0.0,0.016171569,0.995737,-0.09080869,0.0,-0.11216811,0.09205395,0.9894162,0.0,-119.53877,-125.74057,-172.78638,1.0
0.9935605,-0.0061922716,0.11313383,0.0,0.016667847,0.99563015,-0.09188501,0.0,-0.11207046,0.09317901,0.9893219,0.0,-119.49126,-125.61061,-173.8642,1.0
0.99341303,-0.0061019748,0.1144262,0.0,0.016787179,0.99555707,-0.09265133,0.0,-0.11335244,0.09396193,0.98910177,0.0,-119.520836,-125.53876,-174.85439,1.0
0.9933702,-0.0055293986,0.11482659,0.0,0.01655714,0.9953101,-0.09530809,0.0,-0.11376109,0.09657741,0.9888029,0.0,-119.5303,-125.39574,-177.08083,1.0
0.99328357,-0.004739336,0.11560857,0.0,0.0160257,0.99516577,-0.09689285,0.0,-0.11459045,0.098094776,0.98855776,0.0,-119.58341,-125.30887,-178.32156,1.0
0.9931502,-0.0036262472,0.11678844,0.0,0.015126029,0.9950978,-0.09773182,0.0,-0.11586149,0.09882892,0.98833644,0.0,-119.682274,-125.20903,-179.5287,1.0
0.9929968,-0.0035183236,0.118088394,0.0,0.01522642,0.99503124,-0.098391935,0.0,-0.11715548,0.09950095,0.98811644,0.0,-119.43298,-125.01668,-182.00095,1.0
0.9927075,-0.0029255399,0.12051235,0.0,0.014668467,0.9952084,-0.09667038,0.0,-0.11965209,0.09773315,0.9879937,0.0,-119.42088,-124.94614,-182.99539,1.0
0.9924454,-0.0019657884,0.122671194,0.0,0.013878795,0.99525225,-0.0963347,0.0,-0.12189938,0.09730947,0.98776084,0.0,-119.46729,-124.84157,-184.18526,1.0
0.9922929,-0.0013001508,0.12390809,0.0,0.013427985,0.9951847,-0.09709298,0.0,-0.1231852,0.0980085,0.98753214,0.0,-119.4912,-124.71411,-185.48277,1.0
0.9919397,-0.0012692766,0.12670413,0.0,0.014127238,0.9948233,-0.100633346,0.0,-0.12592049,0.101612195,0.98682266,0.0,-119.47612,-124.42317,-188.05495,1.0
0.9919846,-0.0017714608,0.12634656,0.0,0.014645078,0.99477506,-0.10103547,0.0,-0.12550744,0.10207598,0.98682743,0.0,-119.394424,-124.2249,-188.98283,1.0
0.99187815,-0.000690405,0.12719001,0.0,0.013732691,0.994721,-0.10169349,0.0,-0.12644841,0.10261421,0.9866515,0.0,-119.54247,-124.10013,-190.13895,1.0
0.9919677,0.0013269859,0.12648495,0.0,0.011776917,0.9946327,-0.102796294,0.0,-0.12594248,0.1034602,0.9866278,0.0,-119.90469,-124.001526,-192.27098,1.0
0.9919733,0.0022033025,0.12642865,0.0,0.011345186,0.9942648,-0.106342874,0.0,-0.12593785,0.10692364,0.9862591,0.0,-120.03488,-123.921524,-194.03781,1.0
0.99197,0.0029431824,0.12643914,0.0,0.010669118,0.99421823,-0.10684674,0.0,-0.12602258,0.10733775,0.98620325,0.0,-120.10134,-123.830826,-195.22163,1.0
0.992073,0.0045229266,0.12558122,0.0,0.009087769,0.994153,-0.10759738,0.0,-0.12533359,0.10788571,0.98623127,0.0,-120.17556,-123.580826,-197.32144,1.0
0.9921344,0.005081033,0.12507391,0.0,0.008575167,0.9940699,-0.108404845,0.0,-0.124882996,0.108624704,0.9862073,0.0,-120.17711,-123.44354,-198.259,1.0
0.9919845,0.0046924646,0.12627235,0.0,0.009582007,0.9936394,-0.11220048,0.0,-0.12599565,0.11251109,0.9856299,0.0,-119.99478,-123.33313,-199.75922,1.0
0.99191266,0.003861754,0.12686363,0.0,0.010773251,0.9933681,-0.11447147,0.0,-0.12646434,0.114912435,0.9852928,0.0,-119.90323,-122.95891,-201.9122,1.0
0.9918452,0.0041761715,0.12737998,0.0,0.010777629,0.99313456,-0.11648016,0.0,-0.12699191,0.11690313,0.9849907,0.0,-119.94356,-122.7321,-203.18098,1.0
0.99185467,0.0051866374,0.1272689,0.0,0.00986003,0.99304605,-0.11731294,0.0,-0.12699236,0.117612265,0.98490626,0.0,-120.20079,-122.54248,-205.19702,1.0
0.99175006,0.006035771,0.1280445,0.0,0.009147451,0.99301195,-0.11765892,0.0,-0.12785989,0.11785953,0.9847644,0.0,-120.38566,-122.48692,-206.10483,1.0
0.9916344,0.0061796666,0.12893026,0.0,0.009197114,0.9929319,-0.11832882,0.0,-0.12875018,0.118524715,0.9845686,0.0,-120.40713,-122.3893,-207.09088,1.0
0.99151254,0.005718442,0.12988554,0.0,0.009826393,0.9928785,-0.11872539,0.0,-0.1296395,0.11899401,0.98439527,0.0,-120.32864,-122.120056,-209.01016,1.0
0.9914723,0.00483422,0.13022785,0.0,0.010767803,0.9928556,-0.118835256,0.0,-0.12987195,0.11922413,0.9843368,0.0,-120.19771,-121.98448,-209.87917,1.0
0.99151427,0.0034681477,0.12995164,0.0,0.011907329,0.99301887,-0.11735307,0.0,-0.1294514,0.11790462,0.9845511,0.0,-120.066574,-121.87372,-210.39183,1.0
0.9913026,0.003199653,0.13156343,0.0,0.012430051,0.9929587,-0.11780681,0.0,-0.13101394,0.11841753,0.9842828,0.0,-119.91767,-121.60779,-212.21617,1.0
0.99136275,0.0031092956,0.1311117,0.0,0.012358174,0.9930559,-0.1169929,0.0,-0.130565,0.1176027,0.98444015,0.0,-119.90149,-121.44614,-212.91814,1.0
0.99140596,0.0028038814,0.13079123,0.0,0.012464296,0.99319756,-0.11577218,0.0,-0.13022614,0.116407454,0.9846271,0.0,-119.872375,-121.287704,-213.57222,1.0
0.99135894,0.0023065633,0.131157,0.0,0.0128804045,0.9933021,-0.11482587,0.0,-0.13054343,0.115523,0.98468924,0.0,-119.83875,-121.24977,-214.36613,1.0
0.9910339,0.0041520013,0.13354586,0.0,0.0116018485,0.9930675,-0.11697136,0.0,-0.13310573,0.11747196,0.9841154,0.0,-119.82214,-121.3445,-216.59866,1.0
0.9908276,0.00472022,0.13504922,0.0,0.011226096,0.9930599,-0.11707279,0.0,-0.13466458,0.117515035,0.98389816,0.0,-119.66156,-121.29756,-217.7621,1.0
0.990613,0.005059337,0.13660297,0.0,0.011153399,0.9929914,-0.1176591,0.0,-0.13624084,0.11807822,0.9836137,0.0,-119.462616,-121.17987,-218.93571,1.0
0.99018264,0.00515578,0.13968459,0.0,0.0117527135,0.99271005,-0.11995257,0.0,-0.13928474,0.12041662,0.98290366,0.0,-118.93668,-120.949066,-221.54633,1.0
0.9901298,0.0048571443,0.14006922,0.0,0.0121589685,0.9926544,-0.12037209,0.0,-0.13962495,0.120887086,0.9827976,0.0,-118.64219,-120.89525,-222.63614,1.0
0.9900194,0.0037064615,0.14088255,0.0,0.013513105,0.9925516,-0.121073164,0.0,-0.14028193,0.121768534,0.98259526,0.0,-118.27054,-120.96219,-223.92867,1.0
0.98989946,0.0032673897,0.14173366,0.0,0.0141146,0.992496,-0.12145956,0.0,-0.1410669,0.122233264,0.98242515,0.0,-118.03578,-121.0798,-225.20508,1.0
0.989536,0.005034251,0.14419828,0.0,0.012621362,0.9925401,-0.121263504,0.0,-0.14373304,0.121814586,0.9820906,0.0,-117.91604,-121.06073,-227.58318,1.0
0.98947614,0.0035878369,0.14465135,0.0,0.013900187,0.9927121,-0.11970569,0.0,-0.14402668,0.120456606,0.98221517,0.0,-117.53754,-120.79874,-228.59181,1.0
0.98959494,0.0015479308,0.14387311,0.0,0.01567982,0.99282646,-0.11853148,0.0,-0.14302455,0.11955406,0.98247176,0.0,-117.00519,-120.313156,-230.63054,1.0
0.9891508,0.0021231528,0.14688829,0.0,0.015935505,0.9924445,-0.121655256,0.0,-0.14603674,0.122676134,0.98164344,0.0,-116.96778,-120.201614,-232.05856,1.0
0.9893809,7.3959505e-05,0.14534613,0.0,0.017847762,0.9923701,-0.12199588,0.0,-0.14424618,0.123294495,0.98183066,0.0,-116.56612,-120.14154,-232.93117,1.0
0.9893893,-0.0004785313,0.14528777,0.0,0.01883125,0.9919817,-0.12497092,0.0,-0.14406298,0.12638085,0.9814651,0.0,-116.24853,-120.00908,-235.00333,1.0
0.9892122,-0.0013271425,0.14648339,0.0,0.020095237,0.99173504,-0.12671934,0.0,-0.14510457,0.12829594,0.98106307,0.0,-115.95245,-119.905014,-236.06769,1.0
