0.99985975,0.014454084,-0.008456131,0.0,-0.014823645,0.9988585,-0.045408458,0.0,0.00779012,0.04552744,0.9989327,0.0,-109.08439,-129.0915,100.20042,1.0
0.9998433,0.015596999,-0.008369613,0.0,-0.015975144,0.9987579,-0.047196213,0.0,0.007623136,0.047322523,0.9988506,0.0,-109.29415,-129.01544,99.192856,1.0
0.999794,0.019605028,-0.0052529215,0.0,-0.019776998,0.9991924,-0.03497677,0.0,0.0045629726,0.03507345,0.99937433,0.0,-109.74196,-128.70023,98.56509,1.0
0.9997762,0.019946089,-0.007051774,0.0,-0.020176735,0.9992076,-0.03430794,0.0,0.006361861,0.034442544,0.9993864,0.0,-109.5737,-128.61403,97.54453,1.0
0.9997726,0.019532965,-0.008554997,0.0,-0.019857012,0.99901867,-0.039590824,0.0,0.0077733253,0.039751697,0.99917936,0.0,-109.52051,-128.59471,96.189,1.0
0.99977404,0.018628431,-0.010241722,0.0,-0.019057663,0.99886966,-0.04354545,0.0,0.009418929,0.04373079,0.99899894,0.0,-109.40577,-128.48038,95.05344,1.0
0.9997759,0.017560584,-0.011825554,0.0,-0.018076451,0.9988221,-0.04502971,0.0,0.011020863,0.045233384,0.9989157,0.0,-109.24207,-128.3494,94.19969,1.0
0.9998,0.01664346,-0.011082922,0.0,-0.017130595,0.9988213,-0.04541435,0.0,0.010314005,0.045595128,0.99890673,0.0,-109.06319,-128.13037,93.16884,1.0
0.99981964,0.01569797,-0.010693794,0.0,-0.016189164,0.99873954,-0.047509823,0.0,0.009934518,0.047674377,0.99881357,0.0,-108.83277,-127.847305,91.76799,1.0
0.9998298,0.015063217,-0.010653816,0.0,-0.015579162,0.9986212,-0.050128896,0.0,0.00988401,0.050286338,0.99868596,0.0,-108.53572,-127.56346,90.30179,1.0
0.9998317,0.014759554,-0.0109006325,0.0,-0.0153262485,0.99842995,-0.053876683,0.0,0.010088309,0.054034676,0.9984881,0.0,-108.27822,-127.28793,88.40991,1.0
0.9998515,0.014320121,-0.009588458,0.0,-0.014822194,0.9984028,-0.054518133,0.0,0.0087924525,0.05465216,0.99846673,0.0,-108.05687,-127.11192,87.27139,1.0
0.99986887,0.013857328,-0.008379166,0.0,-0.014300136,0.998366,-0.055324562,0.0,0.0075988565,0.05543713,0.9984333,0.0,-107.835976,-126.9438,86.09879,1.0
0.9998796,0.013129769,-0.008267989,0.0,-0.013586805,0.9982305,-0.0578899,0.0,0.0074932594,0.057995267,0.99828875,0.0,-107.62004,-126.8589,84.56311,1.0
0.9998919,0.01235434,-0.007972489,0.0,-0.012816263,0.99807036,-0.060756024,0.0,0.0072065284,0.060851634,0.9981208,0.0,-107.40589,-126.763336,82.9851,1.0
0.999915,0.011289456,-0.0065186983,0.0,-0.01169265,0.9977813,-0.065542005,0.0,0.0057642786,0.06561266,0.99782854,0.0,-107.20565,-126.59366,81.137024,1.0
0.9999323,0.009644905,-0.0065118326,0.0,-0.010066322,0.9976259,-0.068127215,0.0,0.00583929,0.06818815,0.9976554,0.0,-106.90836,-126.53989,79.67184,1.0
0.9999538,0.007438335,-0.006083869,0.0,-0.007858777,0.99735314,-0.07228413,0.0,0.005530086,0.072328605,0.99736553,0.0,-106.15657,-126.39833,76.95955,1.0
0.99995744,0.0066760723,-0.0063693407,0.0,-0.0071226805,0.99731493,-0.0728849,0.0,0.005865666,0.07292717,0.99732,0.0,-105.84486,-126.35347,75.79308,1.0
0.99995786,0.0048499727,-0.0077970126,0.0,-0.0054065515,0.9973155,-0.07302425,0.0,0.0074219173,0.07306333,0.9972997,0.0,-105.384346,-126.36055,73.8232,1.0
0.99995196,0.0046520378,-0.008624294,0.0,-0.005274904,0.997269,-0.07366625,0.0,0.008258017,0.07370821,0.99724567,0.0,-105.25574,-126.4026,72.80098,1.0
0.9999512,0.005192732,-0.008409764,0.0,-0.0058064763,0.9971906,-0.07468069,0.0,0.007998363,0.074725874,0.99717206,0.0,-105.053276,-126.52669,70.69691,1.0
0.99994457,0.005527256,-0.008961179,0.0,-0.0061814617,0.9971868,-0.07470131,0.0,0.00852306,0.07475256,0.9971657,0.0,-104.946304,-126.642426,69.75545,1.0
0.9999331,0.006421406,-0.009619035,0.0,-0.007128319,0.99713117,-0.07535662,0.0,0.009107557,0.07542015,0.99711025,0.0,-104.75197,-126.97,67.825035,1.0
0.99994093,0.0071225357,-0.008215139,0.0,-0.0077300216,0.9970431,-0.076454744,0.0,0.007646332,0.07651373,0.9970392,0.0,-104.47221,-127.56166,65.17292,1.0
0.9999412,0.008209498,-0.007092776,0.0,-0.008725116,0.9970683,-0.07601748,0.0,0.0064478773,0.07607488,0.9970813,0.0,-104.36736,-127.66293,64.214035,1.0
0.99993664,0.0074652443,-0.008430067,0.0,-0.008117566,0.99674565,-0.0802008,0.0,0.007803915,0.08026414,0.9967431,0.0,-103.97383,-127.57532,61.23678,1.0
0.9999338,0.0069750985,-0.009154427,0.0,-0.007690909,0.9967135,-0.08064123,0.0,0.008561871,0.0807063,0.9967011,0.0,-103.817566,-127.624405,60.124695,1.0
0.9999308,0.0067075244,-0.009663299,0.0,-0.007462729,0.9967377,-0.08036298,0.0,0.00909269,0.08042954,0.9967188,0.0,-103.70841,-127.71538,59.17279,1.0
0.9999259,0.0064972993,-0.01029017,0.0,-0.007306082,0.99671835,-0.08061733,0.0,0.009732618,0.08068654,0.996692,0.0,-103.68676,-127.79382,57.035465,1.0
0.9999329,0.00579905,-0.010031304,0.0,-0.006571325,0.99687266,-0.078750595,0.0,0.00954325,0.07881122,0.9968439,0.0,-103.54256,-127.87622,56.300705,1.0
0.99994284,0.0044379095,-0.009728615,0.0,-0.005169972,0.99705136,-0.076563075,0.0,0.009360166,0.07660899,0.99701726,0.0,-103.01948,-128.0766,54.431892,1.0
0.9999454,0.0042265845,-0.00955707,0.0,-0.0049460083,0.9970534,-0.076551445,0.0,0.009205373,0.07659454,0.9970198,0.0,-102.830475,-128.08151,53.40466,1.0
0.9999542,0.005049626,-0.008126231,0.0,-0.005656048,0.99705964,-0.07642049,0.0,0.007716478,0.07646296,0.9970426,0.0,-102.55108,-128.23392,51.257874,1.0
0.99995655,0.0055234362,-0.0075134328,0.0,-0.0060849194,0.9970214,-0.07688518,0.0,0.007066375,0.07692756,0.9970116,0.0,-102.34741,-128.39185,50.004135,1.0
0.9999043,0.009685153,-0.009879922,0.0,-0.010418025,0.9969733,-0.077043965,0.0,0.0091038365,0.07713952,0.99697876,0.0,-102.53549,-128.6039,48.15071,1.0
0.999906,0.010620446,-0.008673537,0.0,-0.011271235,0.9968272,-0.07879405,0.0,0.0078091887,0.07888441,0.9968532,0.0,-101.97972,-128.55754,45.90052,1.0
0.9999052,0.010835099,-0.008495776,0.0,-0.011474457,0.99679106,-0.079220355,0.0,0.007610143,0.07931033,0.9968209,0.0,-101.73807,-128.59296,44.979015,1.0
0.9999192,0.011403316,-0.0056154113,0.0,-0.01181884,0.99667877,-0.08057148,0.0,0.0046780077,0.08063134,0.996733,0.0,-101.34801,-128.58163,43.041405,1.0
0.9999205,0.011212698,-0.0057798456,0.0,-0.011637753,0.9967525,-0.07968049,0.0,0.0048676357,0.07974142,0.99680364,0.0,-100.9583,-128.54913,42.256405,1.0
0.9999049,0.0112404255,-0.007997569,0.0,-0.01183051,0.9968812,-0.07802558,0.0,0.0070956126,0.078112766,0.9969193,0.0,-100.598465,-128.59245,41.58986,1.0
0.9998625,0.015542457,-0.005781714,0.0,-0.015952643,0.99671555,-0.07939579,0.0,0.004528706,0.07947711,0.99682635,0.0,-100.98175,-128.8805,39.498207,1.0
0.99983966,0.016786411,-0.00622928,0.0,-0.017228665,0.99668765,-0.07947895,0.0,0.0048744814,0.079573534,0.9968171,0.0,-100.68419,-128.86919,37.822823,1.0
0.99982816,0.017414728,-0.0063519366,0.0,-0.017862141,0.99671847,-0.07895089,0.0,0.0049561835,0.07905078,0.9968583,0.0,-100.534,-128.8844,36.98081,1.0
0.9998089,0.01850121,-0.006307227,0.0,-0.018938733,0.996747,-0.07833723,0.0,0.004837369,0.07844171,0.99690694,0.0,-100.24778,-129.11632,35.13314,1.0
0.9998166,0.017914284,-0.006769648,0.0,-0.01839208,0.99672484,-0.07874821,0.0,0.0053367205,0.07885828,0.9968716,0.0,-99.82016,-129.20317,34.093437,1.0
0.9998274,0.017728593,-0.005562996,0.0,-0.018108163,0.99679905,-0.07787001,0.0,0.0041646687,0.0779573,0.996948,0.0,-99.25092,-129.47762,31.97665,1.0
0.99980766,0.01873786,-0.00578119,0.0,-0.019129822,0.9968082,-0.077508524,0.0,0.004310365,0.07760421,0.99697495,0.0,-99.3134,-129.74078,31.001032,1.0
0.99977565,0.01998456,-0.007017372,0.0,-0.020470273,0.9967596,-0.07778979,0.0,0.005439994,0.07791599,0.9969451,0.0,-99.4702,-130.04106,30.070932,1.0
0.9998099,0.018694736,-0.0055364207,0.0,-0.019080264,0.9965659,-0.080575734,0.0,0.004011033,0.08066606,0.9967331,0.0,-98.82275,-130.40419,27.824434,1.0
0.9998512,0.01711662,-0.0021241452,0.0,-0.017233983,0.99638784,-0.08315208,0.0,0.00069318863,0.08317632,0.9965346,0.0,-98.23074,-130.74007,25.15783,1.0
0.9998166,0.018929534,-0.0029077036,0.0,-0.01910538,0.99637973,-0.08283942,0.0,0.0013290665,0.082879774,0.99655867,0.0,-98.370155,-130.95688,24.00961,1.0
0.9998309,0.017995443,-0.0037727545,0.0,-0.018240742,0.9965907,-0.08046282,0.0,0.0023119429,0.08051804,0.9967504,0.0,-97.83383,-131.21251,22.004898,1.0
0.9998368,0.017572973,-0.0041954587,0.0,-0.017852848,0.9966218,-0.08016421,0.0,0.002772604,0.08022603,0.9967728,0.0,-97.61267,-131.36084,20.611147,1.0
0.99983686,0.017627627,-0.0039378526,0.0,-0.017892485,0.9964308,-0.08249519,0.0,0.002469629,0.08255219,0.99658364,0.0,-97.224594,-131.72975,17.218687,1.0
0.99985397,0.016874285,-0.002710009,0.0,-0.01704123,0.9963905,-0.08315963,0.0,0.0012969114,0.08319367,0.99653256,0.0,-96.841995,-131.96121,15.806805,1.0
0.99986106,0.016576303,-0.0017756667,0.0,-0.016666435,0.99642175,-0.08286068,0.0,0.0003957906,0.08287876,0.99655956,0.0,-96.54985,-132.27284,14.644005,1.0
0.9998523,0.017149517,0.0011030867,0.0,-0.016989725,0.99610305,-0.08654496,0.0,-0.0025830064,0.08651344,0.99624735,0.0,-95.99028,-133.03816,12.161794,1.0
0.99982524,0.018271241,0.003959501,0.0,-0.017848717,0.9959065,-0.08860982,0.0,-0.0055622985,0.08852366,0.9960585,0.0,-95.827324,-133.4153,10.844499,1.0
0.9997835,0.019045418,0.008372895,0.0,-0.018198373,0.9956224,-0.091678105,0.0,-0.0100822905,0.09150589,0.9957535,0.0,-95.20238,-133.84155,8.618214,1.0
0.9997719,0.019178286,0.009403943,0.0,-0.018194132,0.9952684,-0.09544514,0.0,-0.011189958,0.09525227,0.9953903,0.0,-94.69045,-134.05455,6.3612123,1.0
0.99975854,0.019043336,0.010961866,0.0,-0.017904231,0.99521977,-0.096005306,0.0,-0.0127376765,0.09578586,0.9953205,0.0,-94.34234,-134.22197,5.391032,1.0
0.99970615,0.020472152,0.0129792495,0.0,-0.019110082,0.995046,-0.097561225,0.0,-0.014912219,0.097284526,0.9951449,0.0,-94.127464,-134.6992,3.334351,1.0
0.9996829,0.020349985,0.014829666,0.0,-0.018786872,0.9949257,-0.09884291,0.0,-0.016765853,0.09853297,0.99499255,0.0,-93.95011,-134.86766,2.297357,1.0
0.99966365,0.018650405,0.018021198,0.0,-0.016791811,0.9950162,-0.09828941,0.0,-0.01976453,0.09795374,0.9949947,0.0,-93.33276,-135.09383,0.62882745,1.0
0.99963313,0.019884229,0.018391099,0.0,-0.01799486,0.99504936,-0.09773909,0.0,-0.020243492,0.09737229,0.99504215,0.0,-93.442924,-135.28304,-0.29490653,1.0
0.999609,0.02167895,0.017663317,0.0,-0.019905653,0.99527484,-0.09503573,0.0,-0.019640153,0.09464697,0.99531716,0.0,-93.54891,-135.46275,-1.5708988,1.0
0.99961245,0.021795629,0.017316509,0.0,-0.020074228,0.9953673,-0.09402648,0.0,-0.019285666,0.09364243,0.9954191,0.0,-93.56303,-135.50766,-2.094319,1.0
0.999599,0.021643715,0.018260986,0.0,-0.019795462,0.9951896,-0.09594649,0.0,-0.020249771,0.09554653,0.99521893,0.0,-93.54306,-135.76474,-3.5469556,1.0
0.9996123,0.020768931,0.018543242,0.0,-0.01888032,0.9951262,-0.09678509,0.0,-0.020462988,0.09639747,0.99513257,0.0,-93.26364,-136.03316,-4.218001,1.0
0.9996122,0.020914985,0.018384846,0.0,-0.018982988,0.9948443,-0.09962169,0.0,-0.020373628,0.09923406,0.9948555,0.0,-92.75543,-136.62723,-5.652836,1.0
0.9994818,0.024167642,0.02126105,0.0,-0.02180061,0.99420416,-0.105275095,0.0,-0.023682052,0.10475704,0.99421585,0.0,-92.84374,-137.14377,-7.8638115,1.0
0.9995215,0.02397848,0.019539114,0.0,-0.02178377,0.9941604,-0.105690956,0.0,-0.021959325,0.10521475,0.994207,0.0,-92.66869,-137.33195,-8.691057,1.0
0.99955076,0.023199733,0.018974662,0.0,-0.021050619,0.99408656,-0.10653048,0.0,-0.021333922,0.1060832,0.99412835,0.0,-92.3912,-137.49164,-9.661279,1.0
0.99956185,0.022033712,0.01976536,0.0,-0.01977333,0.99394846,-0.10805306,0.0,-0.022026569,0.10761488,0.99394864,0.0,-91.99042,-137.65843,-11.884691,1.0
0.99957466,0.02079027,0.020449031,0.0,-0.018487489,0.9940887,-0.10698547,0.0,-0.022552405,0.10656192,0.99405026,0.0,-91.67012,-137.92639,-13.701855,1.0
0.99958557,0.020872757,0.01982467,0.0,-0.018645609,0.99413204,-0.10655405,0.0,-0.021932429,0.10614025,0.9941093,0.0,-91.61032,-138.11443,-14.547698,1.0
0.99941605,0.021808762,0.026304988,0.0,-0.018897424,0.99415946,-0.106253676,0.0,-0.028468585,0.105694525,0.9939911,0.0,-91.70386,-138.50311,-16.564827,1.0
0.99954414,0.021977425,0.020700473,0.0,-0.01967021,0.9942,-0.10573277,0.0,-0.022904096,0.10527738,0.99417907,0.0,-91.71919,-138.62561,-17.243666,1.0
0.9995988,0.02253337,0.017161418,0.0,-0.020616649,0.9942927,-0.10467591,0.0,-0.019422175,0.10428011,0.9943583,0.0,-91.71502,-138.83418,-18.887257,1.0
0.999609,0.023722095,0.014805208,0.0,-0.022065395,0.994386,-0.10348725,0.0,-0.017177003,0.1031201,0.9945206,0.0,-91.72096,-139.02666,-20.67617,1.0
0.9996346,0.023389485,0.013550188,0.0,-0.021895994,0.99459636,-0.10148232,0.0,-0.0158506,0.101148546,0.9947451,0.0,-91.60566,-139.13293,-21.355295,1.0
0.9995557,0.025925085,0.014706175,0.0,-0.024318317,0.99463606,-0.100537114,0.0,-0.017233707,0.10013482,0.9948246,0.0,-91.689705,-139.36574,-22.88215,1.0
0.99953985,0.025992906,0.015633427,0.0,-0.02432303,0.9948014,-0.09888681,0.0,-0.018122518,0.098461054,0.99497586,0.0,-91.47577,-139.40755,-23.54031,1.0
0.99945706,0.0295175,0.014638819,0.0,-0.027983328,0.9950094,-0.09577655,0.0,-0.01739282,0.095314905,0.9952952,0.0,-91.82284,-139.66824,-24.649729,1.0
0.99946475,0.029739084,0.013630584,0.0,-0.028307494,0.9950436,-0.095325686,0.0,-0.016397905,0.094888814,0.9953528,0.0,-91.54032,-139.82085,-25.38672,1.0
0.9994634,0.029775849,0.013649276,0.0,-0.028336337,0.99500793,-0.09568827,0.0,-0.016430333,0.09525015,0.99531776,0.0,-91.30684,-139.96573,-26.265648,1.0
0.9994139,0.03097588,0.014572194,0.0,-0.029440753,0.99496293,-0.09582302,0.0,-0.017466996,0.095337845,0.9952917,0.0,-91.28126,-140.27681,-28.143785,1.0
0.9994051,0.032705758,0.010944518,0.0,-0.03153767,0.9950933,-0.09378013,0.0,-0.013957962,0.09337918,0.99553275,0.0,-91.39164,-140.65932,-29.434242,1.0
0.9994021,0.033178102,0.009730757,0.0,-0.032132134,0.9951532,-0.09293917,0.0,-0.012767158,0.09257093,0.99562424,0.0,-91.44978,-140.93456,-30.136992,1.0
0.99938637,0.034130044,0.007872279,0.0,-0.03326918,0.9952591,-0.09139199,0.0,-0.010954179,0.091074005,0.99578387,0.0,-91.41018,-141.42006,-31.931734,1.0
0.9993761,0.034441505,0.007823805,0.0,-0.03359578,0.99534804,-0.09029703,0.0,-0.010897389,0.089977846,0.9958841,0.0,-91.31785,-141.55212,-32.913303,1.0
0.9993329,0.03534421,0.009195484,0.0,-0.034394987,0.9954916,-0.08839362,0.0,-0.012278194,0.08801838,0.9960432,0.0,-91.13454,-141.68169,-34.964535,1.0
0.9992874,0.036253855,0.01049979,0.0,-0.035190053,0.9954877,-0.08812477,0.0,-0.013647209,0.087692484,0.9960541,0.0,-91.04562,-141.77467,-36.031372,1.0
0.9991776,0.038098224,0.013878882,0.0,-0.036722057,0.9953846,-0.0886622,0.0,-0.017192695,0.088079624,0.99596506,0.0,-90.91054,-142.05215,-38.189484,1.0
0.99904656,0.040081598,0.017303234,0.0,-0.038399987,0.995336,-0.08849672,0.0,-0.020769587,0.08774791,0.9959262,0.0,-91.00326,-142.40623,-40.04236,1.0
0.99902886,0.03986941,0.018755732,0.0,-0.038055103,0.9953252,-0.08876662,0.0,-0.022207126,0.08796666,0.99587584,0.0,-90.90775,-142.55399,-40.73887,1.0
0.9990769,0.039010566,0.017986689,0.0,-0.037262898,0.9953375,-0.08896464,0.0,-0.021373373,0.08821228,0.9958724,0.0,-90.432175,-142.80515,-42.607033,1.0
0.9990786,0.038439155,0.019092808,0.0,-0.03656797,0.9952513,-0.0902089,0.0,-0.022469703,0.0894276,0.9957398,0.0,-90.21524,-142.84846,-43.843685,1.0
0.99905515,0.038600165,0.019972533,0.0,-0.036596633,0.9950431,-0.09246555,0.0,-0.023442686,0.09164726,0.9955156,0.0,-89.88611,-142.90523,-46.105534,1.0
0.99912,0.03761555,0.018554665,0.0,-0.035741244,0.99505395,-0.09268338,0.0,-0.021949267,0.09193865,0.99552274,0.0,-89.57791,-142.82275,-47.122795,1.0
0.99906987,0.039332166,0.017674522,0.0,-0.037505627,0.994874,-0.09390987,0.0,-0.021277614,0.09315962,0.9954238,0.0,-89.635216,-142.75385,-49.741417,1.0
0.9990487,0.040357277,0.016521493,0.0,-0.038646452,0.99488854,-0.09329104,0.0,-0.020202009,0.0925638,0.9955018,0.0,-89.50659,-142.57384,-52.12998,1.0
0.9990723,0.03983344,0.0163653,0.0,-0.03815309,0.994972,-0.09260204,0.0,-0.019971669,0.09189175,0.9955687,0.0,-89.35425,-142.51031,-53.144302,1.0
0.9990519,0.040077563,0.01699891,0.0,-0.038360458,0.9950645,-0.09151564,0.0,-0.020582734,0.090776786,0.9956585,0.0,-89.22435,-142.44734,-55.358276,1.0
0.999095,0.03993443,0.014642825,0.0,-0.038446218,0.99513257,-0.09073616,0.0,-0.01819505,0.09009108,0.9957673,0.0,-89.10092,-142.36201,-56.11908,1.0
0.99901843,0.041530818,0.015406623,0.0,-0.040002197,0.99523497,-0.08892234,0.0,-0.019026209,0.088218756,0.9959194,0.0,-89.11815,-142.39012,-57.70819,1.0
0.9989309,0.043990456,0.014209441,0.0,-0.0425818,0.9952439,-0.087614834,0.0,-0.017996078,0.086916104,0.9960531,0.0,-89.06662,-142.40422,-59.15177,1.0
0.9988746,0.045115687,0.014632195,0.0,-0.043660525,0.99517053,-0.08791675,0.0,-0.01852796,0.08717896,0.9960203,0.0,-89.113495,-142.44902,-60.02381,1.0
0.99884415,0.046303645,0.012897024,0.0,-0.044992164,0.9950943,-0.08810821,0.0,-0.016913466,0.0874261,0.9960274,0.0,-88.793396,-142.59276,-61.323456,1.0
0.9987818,0.04728856,0.014097169,0.0,-0.045821548,0.9948264,-0.090668805,0.0,-0.018311862,0.0899124,0.99578136,0.0,-88.72962,-142.6278,-62.61235,1.0
0.99864554,0.049519047,0.015969748,0.0,-0.04784208,0.9945838,-0.09227241,0.0,-0.02045252,0.0913834,0.9956057,0.0,-88.591,-142.65747,-64.94487,1.0
0.9986339,0.049651723,0.01627872,0.0,-0.047935132,0.994531,-0.09279193,0.0,-0.020796953,0.091884844,0.9955525,0.0,-88.39633,-142.65993,-66.29377,1.0
0.9985732,0.05084515,0.016320122,0.0,-0.049088527,0.99433494,-0.09427801,0.0,-0.021021236,0.09334236,0.9954121,0.0,-88.30721,-142.59537,-68.914505,1.0
0.99855506,0.05061365,0.018055608,0.0,-0.048698846,0.9943659,-0.09415357,0.0,-0.022719327,0.09313823,0.99539393,0.0,-88.21487,-142.57574,-69.94136,1.0
0.9985353,0.050519943,0.01936478,0.0,-0.048481125,0.9943668,-0.09425599,0.0,-0.024017498,0.09317911,0.99535966,0.0,-88.18984,-142.41786,-72.047295,1.0
0.9984979,0.050895415,0.020288799,0.0,-0.048793815,0.9944452,-0.0932624,0.0,-0.024922697,0.09213234,0.9954348,0.0,-88.416245,-142.23344,-73.73702,1.0
0.9984831,0.050972186,0.020817544,0.0,-0.04883881,0.9945062,-0.092586525,0.0,-0.025422525,0.091429375,0.99548703,0.0,-88.61667,-142.30905,-74.39178,1.0
0.99848026,0.050559826,0.021928456,0.0,-0.04837449,0.9946954,-0.09077955,0.0,-0.026401918,0.08958081,0.99562955,0.0,-88.92039,-142.27632,-75.273186,1.0
0.9985904,0.048761617,0.020961689,0.0,-0.046711907,0.994925,-0.08911919,0.0,-0.025200875,0.08801441,0.9958004,0.0,-88.92779,-142.13162,-76.12364,1.0
0.998619,0.048306935,0.02065017,0.0,-0.046225864,0.99472827,-0.091536306,0.0,-0.024963144,0.09045533,0.99558765,0.0,-89.03166,-142.09117,-77.06757,1.0
0.99858993,0.048839763,0.020805405,0.0,-0.04680374,0.99492145,-0.08911082,0.0,-0.025051896,0.0880114,0.99580437,0.0,-89.38165,-142.01704,-77.75174,1.0
0.9986153,0.048280306,0.02089131,0.0,-0.04621235,0.9948547,-0.09015848,0.0,-0.02513667,0.0890682,0.9957083,0.0,-89.441505,-141.86847,-78.61218,1.0
0.9986487,0.047634456,0.020780718,0.0,-0.04554245,0.99475336,-0.09160576,0.0,-0.025035316,0.09053556,0.99557847,0.0,-89.7346,-141.63101,-79.97165,1.0
0.9987432,0.046333693,0.0191139,0.0,-0.044396043,0.99479806,-0.091683194,0.0,-0.023262477,0.09071938,0.99560475,0.0,-89.853905,-141.4435,-81.24522,1.0
0.9987858,0.045898024,0.01789712,0.0,-0.04407101,0.994806,-0.09175395,0.0,-0.022015484,0.0908538,0.99562085,0.0,-89.881996,-141.32056,-81.847244,1.0
0.9987661,0.045414314,0.020093476,0.0,-0.043368563,0.9947563,-0.09262326,0.0,-0.024194513,0.09163756,0.9954985,0.0,-90.07728,-141.13101,-83.77853,1.0
0.9987282,0.045710966,0.02127058,0.0,-0.043548662,0.9947211,-0.092916414,0.0,-0.025405576,0.09187194,0.9954467,0.0,-90.11324,-140.74788,-85.86006,1.0
0.9986558,0.046461176,0.022979768,0.0,-0.044116672,0.99461997,-0.09372781,0.0,-0.027210804,0.09258802,0.99533266,0.0,-90.22958,-140.51987,-86.94612,1.0
0.99865395,0.04647373,0.02303078,0.0,-0.04419138,0.9948443,-0.09127906,0.0,-0.027154151,0.090138435,0.995559,0.0,-90.3855,-140.02539,-88.129654,1.0
0.99869704,0.045517184,0.023075456,0.0,-0.043206833,0.9947941,-0.09229249,0.0,-0.027156197,0.09117521,0.9954645,0.0,-90.43545,-139.84962,-88.88242,1.0
0.9987664,0.044634767,0.021755893,0.0,-0.042470362,0.9949045,-0.09144012,0.0,-0.025726441,0.09040334,0.99557287,0.0,-90.61783,-139.66702,-89.6874,1.0
0.99876016,0.04499438,0.021299178,0.0,-0.042836465,0.9947672,-0.092753835,0.0,-0.025361149,0.09172645,0.9954612,0.0,-90.665924,-139.48024,-90.84884,1.0
0.9987762,0.044766452,0.021024806,0.0,-0.042644408,0.9948116,-0.09236532,0.0,-0.025050621,0.0913557,0.9955032,0.0,-90.509056,-139.31866,-91.38742,1.0
0.9986808,0.045708217,0.023397654,0.0,-0.043344103,0.9947084,-0.093147226,0.0,-0.02753143,0.09201019,0.9953774,0.0,-90.48715,-139.0714,-92.81357,1.0
0.9986618,0.04567959,0.02424699,0.0,-0.043257535,0.9947781,-0.09244062,0.0,-0.028343057,0.09126805,0.99542296,0.0,-90.393555,-138.90227,-93.42009,1.0
0.99872196,0.044174057,0.024558024,0.0,-0.04175063,0.99491096,-0.09170074,0.0,-0.028483786,0.09055823,0.99548376,0.0,-90.02121,-138.67809,-94.686775,1.0
0.9987095,0.043782067,0.025736414,0.0,-0.041194063,0.9947488,-0.09369036,0.0,-0.02970321,0.09250927,0.9952687,0.0,-90.01558,-138.34453,-96.2361,1.0
0.9988092,0.041918073,0.024960523,0.0,-0.03934663,0.9946171,-0.09585749,0.0,-0.028844314,0.09476123,0.9950821,0.0,-89.666145,-138.0152,-97.92188,1.0
0.99879426,0.041706212,0.02589569,0.0,-0.039062638,0.9946786,-0.09533409,0.0,-0.029733902,0.09420759,0.9951084,0.0,-89.552826,-137.70938,-98.62399,1.0
0.99876136,0.04033529,0.029135378,0.0,-0.037421163,0.9948262,-0.0944484,0.0,-0.032794263,0.09324113,0.9951033,0.0,-89.33156,-136.95576,-100.12579,1.0
0.9987746,0.0398776,0.029310431,0.0,-0.036927626,0.9947833,-0.09509225,0.0,-0.032949593,0.09389336,0.99503684,0.0,-89.21782,-136.66165,-100.89176,1.0
0.99881077,0.03782735,0.030759312,0.0,-0.034809045,0.9950244,-0.09335337,0.0,-0.03413759,0.092171654,0.99515784,0.0,-89.19113,-136.41765,-101.63905,1.0
0.99879193,0.03717767,0.03213131,0.0,-0.03398966,0.9949319,-0.09463212,0.0,-0.035486683,0.09342567,0.9949936,0.0,-89.20625,-136.28244,-102.22833,1.0
0.99883085,0.03425693,0.03410948,0.0,-0.030907605,0.9950643,-0.09429587,0.0,-0.03717139,0.09313137,0.9949597,0.0,-89.09434,-136.15501,-103.09622,1.0
0.9988068,0.03351056,0.03552462,0.0,-0.03004695,0.995127,-0.093911365,0.0,-0.03849851,0.0927319,0.99494654,0.0,-89.12206,-135.96466,-104.09205,1.0
0.9987688,0.03205899,0.037856486,0.0,-0.028349223,0.99509597,-0.09476467,0.0,-0.04070889,0.09357479,0.99477965,0.0,-88.91823,-135.71573,-105.31881,1.0
0.9987673,0.030954206,0.038802955,0.0,-0.027119182,0.99503726,-0.09573589,0.0,-0.041573822,0.09456558,0.9946501,0.0,-88.74598,-135.5508,-106.11162,1.0
0.9988013,0.028893799,0.039511945,0.0,-0.025008714,0.995114,-0.09551254,0.0,-0.042078648,0.094409905,0.99464375,0.0,-88.45774,-135.27867,-107.27887,1.0
0.99877423,0.02715917,0.041381016,0.0,-0.023048734,0.9950409,-0.09675933,0.0,-0.043803684,0.09568695,0.9944472,0.0,-88.396935,-135.19797,-108.77385,1.0
0.99874556,0.026570048,0.04244215,0.0,-0.022343421,0.995021,-0.09712898,0.0,-0.044811543,0.09605883,0.9943664,0.0,-88.33037,-135.18538,-109.554955,1.0
0.99871695,0.025166087,0.04394434,0.0,-0.020814456,0.99508435,-0.096818656,0.0,-0.04616486,0.095779754,0.9943315,0.0,-87.99127,-135.09668,-111.0368,1.0
0.9985132,0.024525577,0.048681308,0.0,-0.019542575,0.99476343,-0.10031832,0.0,-0.050886754,0.09921781,0.9937637,0.0,-87.58412,-134.72118,-113.374504,1.0
0.99844503,0.02383992,0.050389823,0.0,-0.018668616,0.9947403,-0.10071353,0.0,-0.052525833,0.099616215,0.9936386,0.0,-87.370415,-134.50194,-114.33351,1.0
0.99829984,0.022295194,0.05385447,0.0,-0.016790733,0.9947871,-0.100581944,0.0,-0.05581625,0.09950668,0.9934702,0.0,-86.87757,-133.95251,-116.3002,1.0
0.99821264,0.022005605,0.05556304,0.0,-0.016347086,0.9948215,-0.10031446,0.0,-0.057482827,0.09922687,0.99340314,0.0,-86.72656,-133.69972,-117.14136,1.0
0.99798495,0.022484804,0.05933381,0.0,-0.016398683,0.9947374,-0.10113682,0.0,-0.061295632,0.09996003,0.9931016,0.0,-86.651794,-133.41525,-118.74079,1.0
0.997838,0.023012396,0.061560884,0.0,-0.016753104,0.99481356,-0.10032594,0.0,-0.06355035,0.0990777,0.9930483,0.0,-86.60095,-133.11815,-120.042244,1.0
0.9978267,0.023096098,0.061712913,0.0,-0.016889604,0.99491787,-0.099263325,0.0,-0.06369182,0.09800529,0.99314564,0.0,-86.60004,-132.921,-120.50586,1.0
0.997801,0.023085859,0.06213037,0.0,-0.016836101,0.99491537,-0.099297605,0.0,-0.06410685,0.09803321,0.9931162,0.0,-86.71076,-132.57832,-121.49976,1.0
0.99773103,0.022763893,0.0633613,0.0,-0.016581109,0.9951998,-0.09644899,0.0,-0.06525273,0.09517955,0.99331915,0.0,-86.62381,-132.15222,-122.30135,1.0
0.99767125,0.022415286,0.0644178,0.0,-0.016148128,0.9952298,-0.09621313,0.0,-0.06626716,0.09494885,0.99327403,0.0,-86.51096,-131.92879,-123.03817,1.0
0.9976664,0.021438329,0.06482404,0.0,-0.015133339,0.9952436,-0.096234925,0.0,-0.066578835,0.095029354,0.99324554,0.0,-86.26356,-131.59113,-124.41338,1.0
0.9976742,0.019728161,0.06524533,0.0,-0.0134282475,0.99532706,-0.09562307,0.0,-0.066826925,0.09452455,0.993277,0.0,-86.04825,-131.29825,-125.65346,1.0
0.997643,0.018702826,0.06601985,0.0,-0.012287582,0.99527913,-0.09627278,0.0,-0.067508705,0.09523464,0.9931631,0.0,-85.908775,-131.16017,-126.47831,1.0
0.997529,0.017845808,0.06795246,0.0,-0.011102627,0.9950901,-0.098348096,0.0,-0.06937398,0.09735063,0.9928293,0.0,-85.72487,-130.74539,-128.51933,1.0
0.99747753,0.0171579,0.068878084,0.0,-0.010298817,0.995061,-0.09872974,0.0,-0.07023186,0.09777133,0.9927277,0.0,-85.58416,-130.5189,-129.47083,1.0
0.99727315,0.016401943,0.071953006,0.0,-0.009268445,0.9951061,-0.09837669,0.0,-0.073214464,0.09744154,0.9925446,0.0,-85.24739,-129.94165,-131.01978,1.0
0.9971219,0.016922228,0.073902674,0.0,-0.009521261,0.99500483,-0.09937178,0.0,-0.07521513,0.09838214,0.9923022,0.0,-85.24622,-129.7388,-132.1411,1.0
0.9971232,0.016995529,0.07386837,0.0,-0.009459776,0.99482185,-0.101193,0.0,-0.07520567,0.100203104,0.9921207,0.0,-85.10011,-129.53403,-133.90881,1.0
0.9968578,0.0179472,0.07715183,0.0,-0.009964849,0.9946698,-0.10262889,0.0,-0.07858251,0.1015376,0.9917232,0.0,-85.15112,-129.39853,-135.48195,1.0
0.9967258,0.01813306,0.07879629,0.0,-0.009859055,0.99451256,-0.104151785,0.0,-0.08025252,0.103033915,0.99143505,0.0,-85.00617,-129.28566,-136.44234,1.0
0.9967055,0.01847238,0.078974284,0.0,-0.010104578,0.9944134,-0.105070814,0.0,-0.08047399,0.10392666,0.99132395,0.0,-84.693344,-128.88792,-138.1358,1.0
0.9966197,0.018572798,0.08002641,0.0,-0.0100229,0.9943216,-0.105943955,0.0,-0.08153967,0.104783736,0.9911466,0.0,-84.605606,-128.75713,-138.89046,1.0
0.9964644,0.019008672,0.081838,0.0,-0.010114231,0.9941259,-0.10775604,0.0,-0.083405614,0.106547326,0.9908033,0.0,-84.33216,-128.54575,-140.80388,1.0
0.99632376,0.019204095,0.083487146,0.0,-0.01021024,0.99422294,-0.10684814,0.0,-0.08505677,0.10560292,0.9907641,0.0,-83.96459,-128.24559,-142.27492,1.0
0.99636024,0.01882755,0.083136946,0.0,-0.009841177,0.99418813,-0.10720579,0.0,-0.08467219,0.10599743,0.99075484,0.0,-83.63443,-128.07227,-143.0182,1.0
0.9960988,0.019068351,0.08615978,0.0,-0.009519758,0.99389654,-0.10990446,0.0,-0.08772965,0.10865548,0.99020076,0.0,-83.31438,-127.73894,-144.97983,1.0
0.99586016,0.020100059,0.08864827,0.0,-0.010026772,0.99358463,-0.11264566,0.0,-0.09034374,0.11129048,0.9896729,0.0,-82.931656,-127.29097,-147.26666,1.0
0.9957206,0.020515881,0.09010829,0.0,-0.010313184,0.99362475,-0.11226538,0.0,-0.09183705,0.11085565,0.98958427,0.0,-82.72056,-126.98526,-148.15523,1.0
0.99576545,0.02138192,0.089409426,0.0,-0.011475277,0.99387854,-0.10988044,0.0,-0.091211595,0.10838915,0.98991525,0.0,-82.58174,-126.56297,-149.62836,1.0
0.99559075,0.021470554,0.09131278,0.0,-0.011294938,0.993809,-0.11052661,0.0,-0.093120486,0.109007895,0.98966956,0.0,-82.520004,-126.39839,-150.71324,1.0
0.9957756,0.022217516,0.0890914,0.0,-0.012433985,0.9939748,-0.108901516,0.0,-0.09097412,0.10733371,0.9900521,0.0,-82.79963,-126.21495,-151.8784,1.0
0.99571407,0.023471182,0.089457415,0.0,-0.013719872,0.9940453,-0.10810007,0.0,-0.09146191,0.106409416,0.99010694,0.0,-83.15703,-126.00864,-153.05832,1.0
0.9958347,0.023913125,0.087985076,0.0,-0.014336721,0.99405783,-0.1079049,0.0,-0.09004262,0.10619403,0.9902601,0.0,-83.260895,-125.9375,-153.53082,1.0
0.9958954,0.025420543,0.08686864,0.0,-0.016050372,0.9941392,-0.106909364,0.0,-0.0890772,0.10507627,0.99046665,0.0,-83.50689,-125.63788,-154.30795,1.0
0.9959372,0.026111746,0.0861815,0.0,-0.016789433,0.9940985,-0.107174136,0.0,-0.08847139,0.10529178,0.9904981,0.0,-83.63373,-125.51074,-154.83467,1.0
0.99590826,0.027772455,0.08599656,0.0,-0.018499369,0.99410754,-0.10680814,0.0,-0.08845616,0.10478023,0.9905537,0.0,-84.03167,-125.35632,-155.56659,1.0
0.99598247,0.028683195,0.08483037,0.0,-0.019493679,0.9940424,-0.10723685,0.0,-0.08740091,0.10515236,0.9906079,0.0,-84.33303,-125.32643,-156.64836,1.0
0.9959025,0.029959762,0.085326746,0.0,-0.02053021,0.99379474,-0.10931826,0.0,-0.08807241,0.10711855,0.9903377,0.0,-84.53875,-125.27492,-157.53535,1.0
0.9959172,0.031947594,0.08442934,0.0,-0.022791646,0.9939692,-0.10726518,0.0,-0.08734703,0.10490296,0.99063915,0.0,-84.97621,-125.0146,-158.41287,1.0
0.9957298,0.03285386,0.08627131,0.0,-0.023397032,0.9938292,-0.10842538,0.0,-0.08930117,0.10594389,0.99035406,0.0,-85.21283,-124.870575,-159.46904,1.0
0.9957902,0.035564702,0.08448136,0.0,-0.02656895,0.9940839,-0.1053155,0.0,-0.087727115,0.10262756,0.99084383,0.0,-85.81313,-124.78006,-160.29536,1.0
0.9957087,0.036257923,0.085144594,0.0,-0.027249968,0.9941335,-0.10467113,0.0,-0.08844031,0.10190176,0.99085534,0.0,-86.298065,-124.71475,-161.9103,1.0
0.99588853,0.035714347,0.08324997,0.0,-0.026908724,0.994151,-0.10459298,0.0,-0.08649851,0.101922795,0.99102455,0.0,-86.32934,-124.63898,-162.44896,1.0
0.99583304,0.035627466,0.08394775,0.0,-0.026691088,0.9940858,-0.105266504,0.0,-0.08720167,0.10258721,0.9908944,0.0,-86.51215,-124.52199,-164.34058,1.0
0.9960684,0.034717906,0.08150088,0.0,-0.025763933,0.9937678,-0.10845159,0.0,-0.08475817,0.10592542,0.9907552,0.0,-86.3191,-124.18623,-166.51976,1.0
0.9961512,0.03466927,0.08050381,0.0,-0.025509153,0.99336416,-0.11214679,0.0,-0.08385762,0.10966157,0.9904253,0.0,-86.195564,-123.79285,-168.98633,1.0
0.99611896,0.03493972,0.0807848,0.0,-0.02566659,0.99325174,-0.113102406,0.0,-0.08419143,0.11058998,0.9902937,0.0,-86.17945,-123.578415,-170.1251,1.0
0.9959287,0.035777397,0.082740754,0.0,-0.026199576,0.9931267,-0.11407419,0.0,-0.086253285,0.11144199,0.99002075,0.0,-86.27295,-123.17552,-172.26105,1.0
0.99583143,0.035632826,0.08396485,0.0,-0.025837319,0.9930309,-0.11498717,0.0,-0.08747701,0.11233842,0.989812,0.0,-86.29813,-122.989716,-173.38449,1.0
0.99574953,0.035122063,0.08514276,0.0,-0.02516357,0.99300796,-0.11533425,0.0,-0.0885982,0.11270153,0.98967105,0.0,-86.3571,-122.533066,-175.5243,1.0
0.9955364,0.03500493,0.08764674,0.0,-0.024682805,0.99291927,-0.11619865,0.0,-0.0910937,0.113516614,0.9893513,0.0,-86.5523,-122.02443,-177.65237,1.0
0.9955009,0.034818392,0.08812267,0.0,-0.024389965,0.99286014,-0.11676407,0.0,-0.091559045,0.11408943,0.9892424,0.0,-86.595215,-121.79874,-178.56255,1.0
0.9956134,0.034217697,0.0870812,0.0,-0.023743916,0.9926596,-0.11858779,0.0,-0.09049978,0.115999945,0.9891177,0.0,-86.58655,-121.42107,-180.13527,1.0
0.9955932,0.034017153,0.087390035,0.0,-0.023092935,0.99212503,-0.123104356,0.0,-0.090889506,0.12054376,0.9885385,0.0,-86.630844,-121.175095,-181.94435,1.0
0.9955623,0.03423339,0.08765729,0.0,-0.023135088,0.9919334,-0.12463114,0.0,-0.091216706,0.12205011,0.98832345,0.0,-86.68993,-121.126526,-182.72481,1.0
0.9955417,0.03553324,0.08737381,0.0,-0.024309268,0.9916915,-0.12632076,0.0,-0.09113643,0.123633586,0.988134,0.0,-86.94332,-121.20749,-184.16777,1.0
0.995441,0.036065355,0.08829774,0.0,-0.024548568,0.99144393,-0.12820402,0.0,-0.09216598,0.12545195,0.9878093,0.0,-86.800026,-121.12596,-185.947,1.0
0.99535805,0.03661353,0.08900464,0.0,-0.024858736,0.99123377,-0.12975986,0.0,-0.09297538,0.12694497,0.9875426,0.0,-86.71869,-121.021866,-187.01778,1.0
0.9950568,0.03812717,0.091696516,0.0,-0.025762284,0.9908571,-0.13243294,0.0,-0.09590746,0.12941597,0.98694134,0.0,-86.56206,-120.620026,-189.36203,1.0
0.994861,0.03979574,0.09310109,0.0,-0.027134752,0.9906767,-0.13350444,0.0,-0.09754594,0.13029209,0.9866655,0.0,-86.526474,-120.14935,-191.36812,1.0
0.9947902,0.040493637,0.09355626,0.0,-0.027762568,0.99064934,-0.133578,0.0,-0.09809055,0.13028473,0.98661244,0.0,-86.51182,-119.97179,-192.21599,1.0
0.99457014,0.04114192,0.09559089,0.0,-0.02819525,0.99070936,-0.13304122,0.0,-0.10017634,0.12962362,0.98648995,0.0,-86.51864,-119.73889,-193.74287,1.0
0.9945396,0.0402228,0.096296586,0.0,-0.027130943,0.9906649,-0.13359268,0.0,-0.10077111,0.1302506,0.9863468,0.0,-86.41867,-119.50278,-195.27895,1.0
0.9946142,0.039554775,0.09580243,0.0,-0.026406122,0.99051857,-0.13481738,0.0,-0.10022674,0.1315615,0.9862282,0.0,-86.28622,-119.40973,-196.21844,1.0
0.9945697,0.039469007,0.09629819,0.0,-0.025958689,0.99013156,-0.13771583,0.0,-0.10078339,0.13446823,0.98577935,0.0,-86.057785,-119.21182,-198.45444,1.0
0.9947148,0.03858214,0.09515181,0.0,-0.02497573,0.9898012,-0.1402487,0.0,-0.09959248,0.13713098,0.98553354,0.0,-85.52676,-118.81291,-200.6258,1.0
0.99460953,0.037945874,0.09649858,0.0,-0.023840541,0.98938775,-0.14333007,0.0,-0.10091332,0.14025687,0.9849592,0.0,-85.02556,-118.38489,-202.94524,1.0
0.9944844,0.037718993,0.097867355,0.0,-0.023316953,0.98925465,-0.14433143,0.0,-0.1022598,0.1412534,0.98467785,0.0,-84.81277,-118.17,-204.08015,1.0
0.9942504,0.037507623,0.10029633,0.0,-0.022758994,0.9892662,-0.14434113,0.0,-0.104633674,0.14122857,0.9844319,0.0,-84.48021,-117.759674,-206.03462,1.0
0.99411845,0.03774673,0.10150696,0.0,-0.022850167,0.9892994,-0.14409895,0.0,-0.10586006,0.14093198,0.98434335,0.0,-84.38638,-117.58391,-207.00352,1.0
0.99387246,0.03786613,0.10384433,0.0,-0.02265004,0.98932266,-0.14397094,0.0,-0.108187184,0.14073667,0.9841182,0.0,-84.212425,-117.22557,-209.08719,1.0
0.99365824,0.03641529,0.10638272,0.0,-0.021004863,0.98956627,-0.14253905,0.0,-0.11046337,0.13940054,0.9840555,0.0,-84.01597,-116.88399,-210.71126,1.0
0.9935694,0.035892483,0.10738544,0.0,-0.020476913,0.98974746,-0.14135306,0.0,-0.11135799,0.13824514,0.98411775,0.0,-83.98159,-116.7605,-211.3216,1.0
0.9934437,0.035253283,0.1087508,0.0,-0.019826567,0.98998106,-0.13980131,0.0,-0.11258969,0.13672858,0.9841894,0.0,-83.88609,-116.51747,-212.58043,1.0
0.9934914,0.034473777,0.10856517,0.0,-0.018926088,0.9898129,-0.14111044,0.0,-0.112323865,0.1381373,0.9840231,0.0,-83.67603,-116.15335,-214.29721,1.0
0.9935503,0.03422649,0.10810339,0.0,-0.018688187,0.9897469,-0.1416043,0.0,-0.11184162,0.13867074,0.984003,0.0,-83.60232,-115.949615,-215.07367,1.0
0.99336964,0.03469325,0.109604366,0.0,-0.018967787,0.989773,-0.14138502,0.0,-0.11338853,0.13836864,0.9838685,0.0,-83.59933,-115.65048,-216.3433,1.0
0.99333787,0.03505486,0.10977684,0.0,-0.019337988,0.9898079,-0.14109007,0.0,-0.11360388,0.13802725,0.9838916,0.0,-83.577065,-115.471436,-216.90096,1.0
0.9932517,0.035548907,0.11039675,0.0,-0.01977095,0.9898328,-0.14085506,0.0,-0.114281565,0.13772188,0.9838559,0.0,-83.599525,-115.02373,-218.21335,1.0
0.9933146,0.034321073,0.11021871,0.0,-0.018625777,0.98992074,-0.1403925,0.0,-0.113926224,0.13740101,0.9839419,0.0,-83.531845,-114.65022,-219.48166,1.0
0.99310863,0.034500547,0.11200461,0.0,-0.018366251,0.98969537,-0.14200622,0.0,-0.11574974,0.1389705,0.9835086,0.0,-83.54423,-114.62909,-221.24954,1.0
0.992957,0.03473019,0.11327048,0.0,-0.018327055,0.98958755,-0.14276081,0.0,-0.117049165,0.13967943,0.9832544,0.0,-83.506645,-114.63432,-222.18533,1.0
0.99281275,0.03443468,0.11461719,0.0,-0.017688425,0.9894145,-0.14403495,0.0,-0.11836368,0.14097233,0.9829124,0.0,-83.25308,-114.435776,-223.90553,1.0
0.99278754,0.03395339,0.11497855,0.0,-0.016757473,0.9889434,-0.14734374,0.0,-0.118710086,0.14435428,0.9823796,0.0,-82.88177,-114.17772,-226.01285,1.0
0.99268794,0.034228798,0.11575393,0.0,-0.016792415,0.98878807,-0.14837855,0.0,-0.119534895,0.14534982,0.9821328,0.0,-82.7829,-114.03226,-227.07278,1.0
0.99254644,0.035469424,0.11659135,0.0,-0.017998911,0.9888815,-0.14761218,0.0,-0.12053074,0.14441343,0.9821492,0.0,-82.71254,-113.67952,-228.81453,1.0
0.99256456,0.035933804,0.116294034,0.0,-0.018544752,0.9889197,-0.14728855,0.0,-0.12029811,0.14403675,0.98223305,0.0,-82.672005,-113.48529,-229.69673,1.0
0.99245095,0.036022637,0.11723254,0.0,-0.018484427,0.9889067,-0.14738351,0.0,-0.12124116,0.14410393,0.9821072,0.0,-82.57586,-113.15076,-231.5636,1.0
0.99223554,0.03504579,0.119333275,0.0,-0.017132953,0.9888469,-0.14794703,0.0,-0.12318722,0.14475377,0.98176944,0.0,-82.42147,-112.706345,-233.37372,1.0
0.99215823,0.03358434,0.12039135,0.0,-0.015462585,0.9888053,-0.14840806,0.0,-0.12402775,0.14538272,0.98157066,0.0,-82.20651,-112.458145,-234.23184,1.0
0.9919974,0.031724777,0.12220765,0.0,-0.013080351,0.9885321,-0.150443,0.0,-0.12557893,0.14764056,0.98103625,0.0,-81.93105,-112.114,-235.95648,1.0
0.9918905,0.031498447,0.1231306,0.0,-0.01264229,0.9884502,-0.15101756,0.0,-0.12646529,0.14823623,0.9808326,0.0,-82.02611,-111.880936,-237.52509,1.0
0.99173284,0.031341407,0.12443351,0.0,-0.012352891,0.98852813,-0.150531,0.0,-0.12772384,0.14774941,0.98074293,0.0,-82.035255,-111.569565,-238.90569,1.0
0.99158955,0.031262904,0.12558971,0.0,-0.012064668,0.98848957,-0.15080735,0.0,-0.1288588,0.1480238,0.9805531,0.0,-81.95488,-111.40083,-239.71533,1.0
0.9915766,0.03121222,0.12570482,0.0,-0.012164745,0.98868227,-0.14953043,0.0,-0.12894931,0.14674169,0.98073393,0.0,-81.72751,-111.04614,-241.17487,1.0
0.99152374,0.03134429,0.12608796,0.0,-0.012298655,0.9887486,-0.14908016,0.0,-0.12934214,0.1462658,0.98075324,0.0,-81.621735,-110.82231,-241.962,1.0
0.9914131,0.030585058,0.12714028,0.0,-0.011740617,0.98915553,-0.14640187,0.0,-0.13023922,0.14365204,0.9810208,0.0,-81.47651,-110.368835,-243.21797,1.0
0.991328,0.029281255,0.12810694,0.0,-0.010444546,0.9893314,-0.1453075,0.0,-0.13099499,0.14270939,0.98105776,0.0,-81.31711,-109.94214,-244.71475,1.0
0.99130124,0.028474813,0.12849529,0.0,-0.009598412,0.9893566,-0.1451946,0.0,-0.13126206,0.14269824,0.98102367,0.0,-81.237175,-109.76549,-245.523,1.0
0.9912474,0.028096043,0.12899263,0.0,-0.008991127,0.9891899,-0.14636411,0.0,-0.13171045,0.14392325,0.9807846,0.0,-81.03642,-109.35518,-247.41615,1.0
0.9910729,0.027812745,0.13038756,0.0,-0.008409823,0.98909205,-0.1470586,0.0,-0.13305539,0.14464927,0.9804962,0.0,-80.76035,-108.940544,-249.58102,1.0
0.9911211,0.027608648,0.13006447,0.0,-0.008100632,0.9889258,-0.14818956,0.0,-0.13271542,0.1458202,0.9803689,0.0,-80.59342,-108.75725,-250.7331,1.0
0.99106467,0.026012605,0.13082135,0.0,-0.0061424198,0.98865896,-0.15005246,0.0,-0.13324094,0.14790812,0.9799847,0.0,-80.02236,-108.305374,-252.95784,1.0
0.9910608,0.02561023,0.1309296,0.0,-0.0058018253,0.9887469,-0.14948545,0.0,-0.13328464,0.14738955,0.9800569,0.0,-79.78583,-108.09923,-253.84775,1.0
0.9909575,0.024026295,0.13200748,0.0,-0.004020575,0.98871255,-0.14977095,0.0,-0.1341159,0.14788589,0.9798687,0.0,-79.149124,-107.72681,-255.98642,1.0
0.99077636,0.023029776,0.13353609,0.0,-0.002410913,0.98829216,-0.15255411,0.0,-0.13548595,0.15082505,0.979232,0.0,-78.62679,-107.39612,-258.8067,1.0
0.990239,0.024429418,0.13722204,0.0,-0.003007747,0.9880361,-0.15419354,0.0,-0.13934718,0.15227573,0.9784654,0.0,-78.37706,-107.13925,-261.6533,1.0
0.98999774,0.025371706,0.13878289,0.0,-0.003597045,0.9879162,-0.15494741,0.0,-0.14103717,0.15289839,0.97812605,0.0,-78.26688,-107.03045,-262.9548,1.0
0.9896285,0.02580464,0.1413141,0.0,-0.0035879095,0.98786664,-0.15526298,0.0,-0.143606,0.15314564,0.9777135,0.0,-77.97407,-106.801056,-264.99402,1.0
0.9895706,0.024332013,0.14197837,0.0,-0.0019445348,0.98779714,-0.15573387,0.0,-0.14403518,0.15383358,0.9775424,0.0,-77.62552,-106.53081,-266.3993,1.0
0.9893436,0.023340935,0.14371644,0.0,-0.00070805656,0.98782647,-0.15555832,0.0,-0.14559776,0.15379888,0.9773163,0.0,-77.37381,-106.29245,-267.5065,1.0
0.98911905,0.0248788,0.1449985,0.0,-0.002337086,0.9881303,-0.15360051,0.0,-0.14709876,0.15159033,0.9774366,0.0,-77.44342,-106.19547,-268.31924,1.0
0.9889171,0.025572464,0.14624992,0.0,-0.0027172854,0.98800725,-0.15438373,0.0,-0.14844398,0.15227531,0.9771267,0.0,-77.41166,-106.114975,-269.09164,1.0
