0.9978639,-0.055193875,-0.034948066,0.0,0.051794607,0.9944428,-0.0916556,0.0,0.03981268,0.089649685,0.9951773,0.0,-182.17725,-139.60822,103.0162,1.0
0.9977956,-0.05681111,-0.03430036,0.0,0.053341422,0.9940698,-0.09476216,0.0,0.03948047,0.09272364,0.9949088,0.0,-181.98755,-139.31752,102.07453,1.0
0.9978262,-0.057201665,-0.032723058,0.0,0.05385306,0.9939822,-0.09538972,0.0,0.0379826,0.093420126,0.994902,0.0,-181.76903,-139.1144,100.94711,1.0
0.9978325,-0.057436537,-0.03211463,0.0,0.054107256,0.9938744,-0.09636482,0.0,0.037452806,0.09441831,0.99482787,0.0,-181.65883,-138.91606,100.18974,1.0
0.9977642,-0.059189286,-0.0310356,0.0,0.05591925,0.9936792,-0.09733784,0.0,0.03660081,0.095384724,0.99476737,0.0,-181.35223,-138.69322,99.25549,1.0
0.9976165,-0.061245684,-0.03178473,0.0,0.05790335,0.9935852,-0.09713697,0.0,0.037530087,0.095065,0.9947634,0.0,-180.89308,-138.43936,98.53347,1.0
0.997673,-0.061759565,-0.028886331,0.0,0.058744874,0.9936853,-0.09559552,0.0,0.03460786,0.09367614,0.995001,0.0,-180.74834,-138.10323,97.8544,1.0
0.9975716,-0.06349758,-0.028617103,0.0,0.06047972,0.9935216,-0.09621378,0.0,0.034541056,0.094249375,0.9949492,0.0,-180.35933,-137.74605,96.89248,1.0
0.997447,-0.06559743,-0.028220695,0.0,0.06254918,0.993226,-0.097927235,0.0,0.03445329,0.09591205,0.99479336,0.0,-179.97852,-137.36089,95.702225,1.0
0.9973463,-0.06694547,-0.02861283,0.0,0.06388034,0.9932152,-0.09717463,0.0,0.034924112,0.09508896,0.99485594,0.0,-179.66635,-137.00972,94.88474,1.0
0.99743825,-0.06700458,-0.025046162,0.0,0.064273246,0.9931718,-0.097358756,0.0,0.031398587,0.09549955,0.99493414,0.0,-179.64442,-136.56516,93.78612,1.0
0.99733174,-0.06754388,-0.027699823,0.0,0.06459483,0.993259,-0.09624971,0.0,0.034014173,0.09420362,0.9949717,0.0,-179.4082,-136.28511,93.11898,1.0
0.99727184,-0.06772617,-0.029360875,0.0,0.06469069,0.9934426,-0.09427049,0.0,0.035552923,0.09211393,0.99511355,0.0,-179.24478,-135.9793,92.74584,1.0
0.99735826,-0.06753643,-0.026745733,0.0,0.06474231,0.9934372,-0.094292276,0.0,0.03293835,0.0923116,0.99518526,0.0,-179.2815,-135.52206,91.70427,1.0
0.9973322,-0.06824821,-0.025897427,0.0,0.06547603,0.9932304,-0.095949546,0.0,0.03227047,0.09399791,0.99504924,0.0,-179.0247,-134.92937,90.40824,1.0
0.99731433,-0.06889905,-0.024838675,0.0,0.06620337,0.9931192,-0.096599095,0.0,0.031323362,0.09469527,0.9950134,0.0,-178.88554,-134.46141,89.53407,1.0
0.9972197,-0.069740675,-0.02625126,0.0,0.06689053,0.99302244,-0.09711912,0.0,0.032841254,0.095093146,0.9949265,0.0,-178.78986,-134.10454,88.67318,1.0
0.99721724,-0.06941937,-0.027178306,0.0,0.06647558,0.9930307,-0.09731919,0.0,0.033744738,0.09524169,0.99488205,0.0,-178.80872,-133.6561,87.84864,1.0
0.99720263,-0.069418825,-0.027713066,0.0,0.06643766,0.9930718,-0.09692467,0.0,0.034249436,0.09481234,0.9949058,0.0,-178.78224,-133.31099,87.33546,1.0
0.99713707,-0.069605514,-0.029542813,0.0,0.06633937,0.9927768,-0.09996668,0.0,0.03628768,0.09772063,0.9945521,0.0,-178.66255,-132.83832,86.011475,1.0
0.99718183,-0.0697687,-0.027581446,0.0,0.0666677,0.9926784,-0.100722246,0.0,0.034406755,0.098599605,0.9945322,0.0,-178.64569,-132.52466,85.039215,1.0
0.9971382,-0.06989623,-0.028809043,0.0,0.066690646,0.9927252,-0.10024492,0.0,0.035606213,0.09803674,0.99454564,0.0,-178.52057,-132.28679,84.40433,1.0
0.99718314,-0.06895292,-0.029517526,0.0,0.06568277,0.99279463,-0.10022299,0.0,0.03621547,0.09800188,0.99452704,0.0,-178.61652,-132.004,83.69889,1.0
0.99708307,-0.06965353,-0.031205358,0.0,0.06614982,0.9925904,-0.10192367,0.0,0.03807346,0.09956213,0.99430263,0.0,-178.41975,-131.77815,82.78516,1.0
0.99693197,-0.07024431,-0.034531157,0.0,0.06644595,0.99266666,-0.10098441,0.0,0.041371472,0.09838013,0.9942885,0.0,-178.19318,-131.59239,82.48235,1.0
0.99731624,-0.06723526,-0.028978197,0.0,0.063778676,0.99220115,-0.10709413,0.0,0.03595271,0.10495852,0.9938265,0.0,-178.72144,-131.19038,80.419334,1.0
0.9973596,-0.06599836,-0.030300934,0.0,0.062354837,0.992134,-0.10854538,0.0,0.03722638,0.10636936,0.99362963,0.0,-178.75151,-130.86165,79.27588,1.0
0.9975267,-0.06452122,-0.027882434,0.0,0.061176177,0.9923101,-0.1076017,0.0,0.0346106,0.10562983,0.993803,0.0,-178.94183,-130.56187,78.42576,1.0
0.9976181,-0.06360745,-0.026689308,0.0,0.060417704,0.9924349,-0.10687653,0.0,0.033285536,0.10500945,0.993914,0.0,-178.92186,-130.27933,77.58599,1.0
0.99772173,-0.062413767,-0.025609666,0.0,0.05936697,0.9925755,-0.106157504,0.0,0.032045245,0.10439528,0.9940195,0.0,-178.90874,-130.02364,76.66595,1.0
0.9977563,-0.061474524,-0.026520362,0.0,0.0583903,0.9928035,-0.10455489,0.0,0.032757025,0.10277177,0.9941654,0.0,-178.78804,-129.73909,76.236824,1.0
0.99787015,-0.060726106,-0.023824397,0.0,0.0579248,0.9928365,-0.10450074,0.0,0.029999608,0.10289814,0.9942394,0.0,-178.78784,-129.39981,75.39932,1.0
0.9978517,-0.060679406,-0.024698222,0.0,0.05778821,0.9928439,-0.10450605,0.0,0.030862806,0.102854274,0.9942175,0.0,-178.57191,-129.0624,74.7466,1.0
0.99797577,-0.05928027,-0.023028266,0.0,0.05658612,0.99297774,-0.1038902,0.0,0.02902522,0.10237682,0.9943221,0.0,-178.60689,-128.77725,74.32881,1.0
0.9981834,-0.05758442,-0.01771489,0.0,0.055375088,0.9927384,-0.106789716,0.0,0.02373568,0.10561477,0.9941238,0.0,-178.87213,-128.50809,73.38564,1.0
0.9979116,-0.061142623,-0.02083445,0.0,0.058533996,0.9923561,-0.10864228,0.0,0.027317872,0.10719587,0.99386257,0.0,-178.53519,-127.97682,72.63547,1.0
0.9977828,-0.063027464,-0.02137619,0.0,0.060280778,0.99197966,-0.11109728,0.0,0.028206926,0.10956239,0.9935796,0.0,-178.45279,-127.713165,71.74536,1.0
0.99766356,-0.06429453,-0.02310249,0.0,0.061356936,0.99193424,-0.11091325,0.0,0.030047301,0.1092366,0.99356157,0.0,-178.22664,-127.58916,71.34502,1.0
0.99773705,-0.06374858,-0.021374933,0.0,0.060979746,0.9918656,-0.11173247,0.0,0.028323855,0.11017618,0.9935084,0.0,-178.23425,-127.50192,70.59245,1.0
0.9978473,-0.062401135,-0.02017022,0.0,0.059937272,0.992596,-0.10564433,0.0,0.026613176,0.10420796,0.9941994,0.0,-178.03798,-127.22458,69.96639,1.0
0.9980443,-0.06032636,-0.016381312,0.0,0.0583496,0.9930625,-0.10208941,0.0,0.022426382,0.10093391,0.99464035,0.0,-178.22293,-127.067444,69.23755,1.0
0.998124,-0.059284292,-0.015294458,0.0,0.05741656,0.99308807,-0.1023691,0.0,0.021257645,0.1012989,0.9946289,0.0,-178.18445,-126.8197,67.968605,1.0
0.99815995,-0.0596339,-0.010977127,0.0,0.058221735,0.9931576,-0.1012333,0.0,0.016938955,0.10040792,0.9948022,0.0,-178.00069,-126.64853,66.76226,1.0
0.9980978,-0.06046764,-0.012021177,0.0,0.058974743,0.99327093,-0.099673465,0.0,0.01796732,0.09877491,0.99494755,0.0,-177.69164,-126.54985,66.00748,1.0
0.9981021,-0.060877968,-0.009272522,0.0,0.059633624,0.9930924,-0.101051144,0.0,0.015360244,0.100306414,0.994838,0.0,-177.48271,-126.462524,64.73105,1.0
0.9980463,-0.062077083,-0.0070688548,0.0,0.061037425,0.9929272,-0.101833396,0.0,0.013340359,0.10120299,0.9947763,0.0,-177.05258,-126.348175,63.378777,1.0
0.9979436,-0.06389931,-0.0050532073,0.0,0.063048504,0.99274933,-0.1023407,0.0,0.011556102,0.10181165,0.9947366,0.0,-176.58969,-126.16278,62.204216,1.0
0.99794126,-0.064089246,-0.002413081,0.0,0.06352041,0.99287856,-0.100783706,0.0,0.008855051,0.10042293,0.9949055,0.0,-176.47098,-125.97455,61.368008,1.0
0.9979187,-0.06446354,-0.0016361121,0.0,0.06398449,0.9930181,-0.09910111,0.0,0.00801307,0.09879017,0.995076,0.0,-176.22159,-125.81021,60.386288,1.0
0.997952,-0.063834034,0.004118606,0.0,0.06392672,0.9929798,-0.09952125,0.0,0.0022631567,0.09958072,0.9950269,0.0,-176.26749,-125.635056,59.092457,1.0
0.9979546,-0.06382013,0.0036750338,0.0,0.06386947,0.9930113,-0.09924364,0.0,0.0026844146,0.09927538,0.9950564,0.0,-176.1894,-125.52617,58.345943,1.0
0.9979415,-0.0640192,0.003790204,0.0,0.06407888,0.99299353,-0.09928635,0.0,0.0025925762,0.09932483,0.9950517,0.0,-176.12643,-125.43021,57.529278,1.0
0.9979033,-0.064664304,0.002750363,0.0,0.06462274,0.99309933,-0.09786527,0.0,0.0035970132,0.09783781,0.99519587,0.0,-175.96904,-125.32507,56.93947,1.0
0.99794203,-0.06383203,0.006094365,0.0,0.064121395,0.99290556,-0.10013463,0.0,0.00034067786,0.10031933,0.9949552,0.0,-176.23392,-125.12892,55.733418,1.0
0.9978752,-0.0647819,0.006952674,0.0,0.065153554,0.9925298,-0.10314867,0.0,-0.00021856523,0.10338249,0.99464166,0.0,-176.14737,-124.9509,54.423023,1.0
0.9977899,-0.06630108,0.0044131638,0.0,0.06640768,0.99267846,-0.10089369,0.0,0.0023084506,0.10096377,0.9948874,0.0,-175.9507,-124.77574,54.08145,1.0
0.99774677,-0.06686851,0.005483774,0.0,0.067078955,0.9925287,-0.1019177,0.0,0.0013722684,0.1020559,0.99477774,0.0,-175.91835,-124.58255,53.22473,1.0
0.9976911,-0.067631595,0.0062044924,0.0,0.06790976,0.9922364,-0.1041886,0.0,0.0008901589,0.10436938,0.9945382,0.0,-175.82,-124.382614,52.1562,1.0
0.9976823,-0.06738286,0.009463133,0.0,0.06800028,0.99234146,-0.10312328,0.0,-0.0024419432,0.10352776,0.99462354,0.0,-175.86194,-124.32974,51.597107,1.0
0.9977089,-0.06693439,0.009834259,0.0,0.06759136,0.99241513,-0.10268197,0.0,-0.0028867277,0.10311143,0.9946656,0.0,-175.8745,-124.23999,50.978775,1.0
0.99778223,-0.06584891,0.009726474,0.0,0.06649359,0.9927268,-0.10036004,0.0,-0.0030471054,0.10078421,0.9949037,0.0,-175.96475,-124.19913,50.440155,1.0
0.9978225,-0.064957164,0.011437982,0.0,0.06576193,0.99311554,-0.09693757,0.0,-0.005062443,0.09747867,0.9952247,0.0,-176.03845,-124.19948,49.98015,1.0
0.99787873,-0.06303788,0.016253743,0.0,0.06425865,0.9937952,-0.09078519,0.0,-0.01042995,0.09163705,0.99573785,0.0,-176.12453,-124.13399,49.289406,1.0
0.9979136,-0.061747342,0.018858928,0.0,0.06319417,0.993988,-0.08941159,0.0,-0.013224677,0.09041682,0.99581623,0.0,-176.24208,-124.12784,48.71384,1.0
0.9979576,-0.061006375,0.018941896,0.0,0.06245156,0.99411505,-0.088515796,0.0,-0.01343041,0.089517966,0.9958947,0.0,-176.30429,-124.190384,48.22628,1.0
0.99794656,-0.06170175,0.017189031,0.0,0.062987715,0.99407876,-0.08854363,0.0,-0.0116239255,0.08944452,0.99592394,0.0,-176.21666,-124.33371,47.881886,1.0
0.9978511,-0.063093394,0.017675675,0.0,0.06445375,0.99370974,-0.091579035,0.0,-0.011786442,0.092521496,0.99564093,0.0,-176.05588,-124.471344,47.000977,1.0
0.9978148,-0.06388358,0.016871918,0.0,0.065157354,0.9937384,-0.09076637,0.0,-0.0109677985,0.09166735,0.99572927,0.0,-176.0713,-124.676315,46.637493,1.0
0.99775624,-0.06448301,0.018013427,0.0,0.06584379,0.99380714,-0.08950974,0.0,-0.012129996,0.090494975,0.9958231,0.0,-176.04312,-124.834015,46.077713,1.0
0.99775743,-0.06420022,0.018934363,0.0,0.06562027,0.9939924,-0.087596305,0.0,-0.013196899,0.08864234,0.9959761,0.0,-176.09148,-124.91203,45.62094,1.0
0.99775726,-0.0639505,0.019768227,0.0,0.06530722,0.9948114,-0.07800748,0.0,-0.014677064,0.07912354,0.9967568,0.0,-175.95679,-124.97818,45.360172,1.0
0.99770933,-0.06416864,0.021409346,0.0,0.06563787,0.99486977,-0.07697952,0.0,-0.01635985,0.078208454,0.9968028,0.0,-175.84077,-124.986755,44.63551,1.0
0.9977229,-0.06415825,0.02080151,0.0,0.06555558,0.99499303,-0.07544084,0.0,-0.015857238,0.07663271,0.9969333,0.0,-175.8317,-125.02696,43.983944,1.0
0.9976544,-0.06438135,0.023254504,0.0,0.06593935,0.99507785,-0.07397384,0.0,-0.018377509,0.07533372,0.996989,0.0,-175.79935,-125.232834,43.192665,1.0
0.9975958,-0.06460228,0.025085555,0.0,0.06634044,0.9948919,-0.07608608,0.0,-0.020042088,0.07756735,0.9967857,0.0,-175.73315,-125.34062,41.672577,1.0
0.99757344,-0.06532104,0.024091879,0.0,0.0669802,0.9948489,-0.07608781,0.0,-0.01899762,0.07751686,0.99681,0.0,-175.52907,-125.375244,40.743607,1.0
0.9974808,-0.0668526,0.023722934,0.0,0.0683959,0.99508196,-0.071651235,0.0,-0.018816203,0.07309329,0.99714756,0.0,-175.25229,-125.49025,40.46399,1.0
0.9973993,-0.067480326,0.025320759,0.0,0.06911678,0.99511,-0.07056207,0.0,-0.020435391,0.072128646,0.99718595,0.0,-175.14766,-125.610016,39.5719,1.0
0.99735487,-0.0686265,0.02395328,0.0,0.07017142,0.9949997,-0.07107423,0.0,-0.018955944,0.07256706,0.9971834,0.0,-174.84929,-125.84958,38.506115,1.0
0.99730575,-0.069385834,0.023808608,0.0,0.07092335,0.99492776,-0.07133442,0.0,-0.018738238,0.07283081,0.99716824,0.0,-174.68463,-126.03743,37.55686,1.0
0.9971667,-0.072243854,0.020963008,0.0,0.0735441,0.994842,-0.069861755,0.0,-0.015807757,0.07120552,0.9973364,0.0,-174.19449,-126.2529,37.049305,1.0
0.99712855,-0.0725205,0.021804418,0.0,0.07393387,0.9945795,-0.07311198,0.0,-0.016384125,0.07451413,0.99708533,0.0,-174.21727,-126.213425,35.598053,1.0
0.9970326,-0.07390832,0.021531133,0.0,0.07526012,0.99464875,-0.07077974,0.0,-0.016184714,0.07219015,0.99725956,0.0,-173.92839,-126.4017,35.099113,1.0
0.9969614,-0.07339973,0.026083674,0.0,0.07509229,0.99462706,-0.07126163,0.0,-0.020712955,0.07300378,0.99711657,0.0,-173.99191,-126.47734,33.697155,1.0
0.99691117,-0.075583674,0.02133529,0.0,0.07689268,0.9946324,-0.06923773,0.0,-0.01598758,0.070664406,0.99737203,0.0,-173.45648,-126.62431,33.258884,1.0
0.9968717,-0.07639122,0.020279357,0.0,0.077616446,0.99461025,-0.06874697,0.0,-0.014918387,0.07010592,0.997428,0.0,-173.3218,-126.62941,32.529274,1.0
0.99690384,-0.07606305,0.01992983,0.0,0.07723544,0.9947746,-0.066769935,0.0,-0.014746941,0.06810249,0.9975694,0.0,-173.44905,-126.67972,32.069115,1.0
0.9968769,-0.07614493,0.020938352,0.0,0.07740339,0.99468625,-0.06788181,0.0,-0.015658207,0.0692905,0.99747366,0.0,-173.31102,-126.692566,31.035877,1.0
0.9969167,-0.07488189,0.023446685,0.0,0.07633059,0.9947188,-0.06861594,0.0,-0.018184805,0.07019408,0.99736756,0.0,-173.4619,-126.741974,30.157665,1.0
0.9970268,-0.07305493,0.024504818,0.0,0.07455521,0.9949473,-0.06724136,0.0,-0.019468678,0.068868406,0.99743575,0.0,-173.6961,-127.03256,29.736979,1.0
0.9970629,-0.07256705,0.02448732,0.0,0.07410138,0.99486077,-0.06899996,0.0,-0.019354338,0.07061184,0.99731606,0.0,-173.59468,-127.34677,28.790167,1.0
0.9972111,-0.06973517,0.026589407,0.0,0.071420915,0.99506766,-0.068843804,0.0,-0.021657452,0.07055085,0.997273,0.0,-173.98003,-127.73044,28.22446,1.0
0.9972787,-0.06868215,0.026796134,0.0,0.07041472,0.9950439,-0.07020976,0.0,-0.021841168,0.07190553,0.99717224,0.0,-174.13773,-128.05305,27.50973,1.0
0.9972079,-0.06952962,0.027242374,0.0,0.07142909,0.99451524,-0.07640233,0.0,-0.021780735,0.0781349,0.9967049,0.0,-174.06218,-128.21425,26.021492,1.0
0.9971166,-0.07115689,0.02636557,0.0,0.07302757,0.99423355,-0.07852807,0.0,-0.02062577,0.080227055,0.9965632,0.0,-173.87077,-128.2191,25.17901,1.0
0.99699277,-0.0738524,0.023477599,0.0,0.07541915,0.99433553,-0.07489193,0.0,-0.017813692,0.07643738,0.9969153,0.0,-173.61188,-128.17819,25.077269,1.0
0.9968666,-0.076127514,0.021484474,0.0,0.07752411,0.99422956,-0.0741456,0.0,-0.015715975,0.07557883,0.99701595,0.0,-173.4539,-128.29475,24.520569,1.0
0.9968086,-0.07689859,0.021431336,0.0,0.07829418,0.99414515,-0.074467994,0.0,-0.015579375,0.07590827,0.9969931,0.0,-173.51947,-128.62718,23.793022,1.0
0.9968959,-0.076382905,0.019083096,0.0,0.077613525,0.99413204,-0.07535034,0.0,-0.013215612,0.07659755,0.9969745,0.0,-173.65263,-129.10686,22.724825,1.0
0.9968865,-0.07703663,0.016813729,0.0,0.078084685,0.9941437,-0.07470611,0.0,-0.0109601095,0.075786404,0.9970638,0.0,-173.63083,-129.31421,22.228495,1.0
0.99680305,-0.078473546,0.01502214,0.0,0.07938727,0.9939963,-0.07529239,0.0,-0.009023468,0.07624425,0.9970484,0.0,-173.50833,-129.34363,21.271486,1.0
0.99659324,-0.08163995,0.011696187,0.0,0.08227815,0.99393946,-0.0729019,0.0,-0.0056735976,0.073615886,0.9972705,0.0,-172.94188,-129.24582,20.764109,1.0
0.9964545,-0.08324176,0.012218177,0.0,0.08390924,0.9938614,-0.0721026,0.0,-0.006141219,0.07287218,0.9973224,0.0,-172.72168,-129.089,19.569214,1.0
0.9964626,-0.08342979,0.010091542,0.0,0.08393968,0.9939,-0.071532615,0.0,-0.0040620393,0.07212666,0.99738723,0.0,-172.59526,-128.90195,18.53403,1.0
0.996506,-0.0823849,0.01373024,0.0,0.0831813,0.99376434,-0.07425136,0.0,-0.007527423,0.075134024,0.99714506,0.0,-172.691,-128.68095,16.751635,1.0
0.99625754,-0.085762165,0.010758905,0.0,0.08631304,0.99371505,-0.071277186,0.0,-0.0045783883,0.07193907,0.99739856,0.0,-172.01616,-128.82277,16.27002,1.0
0.99623275,-0.08591421,0.011794869,0.0,0.08654274,0.99365044,-0.0718973,0.0,-0.0055430196,0.07264721,0.9973423,0.0,-171.8867,-128.97165,15.062453,1.0
0.9962481,-0.08557878,0.012879354,0.0,0.086290464,0.9936346,-0.072417006,0.0,-0.006600019,0.07325667,0.99729127,0.0,-171.93256,-129.15514,13.913281,1.0
0.99624383,-0.085005745,0.016498063,0.0,0.08599848,0.99355996,-0.073775664,0.0,-0.010120463,0.07491736,0.9971384,0.0,-172.27412,-129.35876,12.606567,1.0
0.99608374,-0.086741515,0.017119398,0.0,0.08781338,0.9931311,-0.07732679,0.0,-0.010294309,0.07852727,0.99685884,0.0,-172.02766,-129.48773,11.180374,1.0
0.99596834,-0.08768442,0.01893452,0.0,0.08895169,0.9926543,-0.08200616,0.0,-0.011604768,0.08335979,0.9964519,0.0,-171.87881,-129.5241,9.523386,1.0
0.99582815,-0.088879935,0.020656276,0.0,0.09030827,0.9923969,-0.08362303,0.0,-0.01306683,0.085139595,0.9962833,0.0,-171.753,-129.6621,8.050156,1.0
0.9957347,-0.09011037,0.019811777,0.0,0.091428705,0.99252254,-0.08086915,0.0,-0.012376508,0.08233559,0.99652785,0.0,-171.52086,-129.61783,7.4524,1.0
0.9956522,-0.09095249,0.020106774,0.0,0.0922514,0.9927025,-0.07766243,0.0,-0.012896465,0.079179645,0.99677694,0.0,-171.51253,-129.55154,6.81176,1.0
0.99550945,-0.09340545,0.015374949,0.0,0.09432872,0.99245363,-0.078344695,0.0,-0.007941127,0.07944318,0.99680775,0.0,-170.93562,-129.56067,5.5987735,1.0
0.99553984,-0.09320213,0.014624244,0.0,0.09406539,0.99248964,-0.07820537,0.0,-0.007225492,0.07923219,0.99683,0.0,-170.97939,-129.71579,4.7240124,1.0
0.9955024,-0.093521915,0.015121082,0.0,0.09443242,0.9923632,-0.07935883,0.0,-0.007583791,0.08042982,0.9967314,0.0,-170.92586,-129.95354,3.4737701,1.0
0.9955129,-0.09287659,0.018112428,0.0,0.09402541,0.99243736,-0.07891293,0.0,-0.010646326,0.08026187,0.996717,0.0,-171.14232,-130.09396,2.795698,1.0
0.9955161,-0.093111366,0.016671648,0.0,0.09415362,0.9923404,-0.07997254,0.0,-0.009097588,0.08118365,0.99665767,0.0,-170.98012,-130.16982,1.6071706,1.0
0.9954736,-0.093221195,0.018495068,0.0,0.09440637,0.9923527,-0.07952022,0.0,-0.010940673,0.08090633,0.99666166,0.0,-171.10197,-130.31805,0.41685277,1.0
0.99544615,-0.09341202,0.019004066,0.0,0.09464628,0.99227005,-0.080263145,0.0,-0.01135969,0.08169631,0.9965925,0.0,-170.9555,-130.38747,-0.6119624,1.0
0.9954554,-0.093243174,0.019346163,0.0,0.094503485,0.9923005,-0.080054946,0.0,-0.011732675,0.08151942,0.9966027,0.0,-170.80547,-130.41783,-1.8986888,1.0
0.9954481,-0.09327195,0.019579705,0.0,0.094527826,0.9924523,-0.07812073,0.0,-0.012145434,0.079615965,0.9967516,0.0,-170.79526,-130.42587,-2.6098065,1.0
0.9953236,-0.094357565,0.020676596,0.0,0.09569684,0.99234486,-0.078063175,0.0,-0.013152421,0.07967681,0.99673396,0.0,-170.6211,-130.41328,-3.4371755,1.0
0.9952477,-0.094612464,0.023033354,0.0,0.09617215,0.99212784,-0.080207415,0.0,-0.015263411,0.082041405,0.99651206,0.0,-170.55696,-130.39345,-4.8690524,1.0
0.9952055,-0.09580092,0.019702086,0.0,0.09705459,0.99223655,-0.07776291,0.0,-0.012099364,0.07930225,0.9967772,0.0,-170.27591,-130.70271,-5.3370976,1.0
0.9952026,-0.09532793,0.022006128,0.0,0.09678715,0.9921466,-0.07922997,0.0,-0.014280488,0.08097979,0.99661344,0.0,-170.32591,-130.75668,-6.1657863,1.0
0.99512666,-0.096058406,0.022263445,0.0,0.09756032,0.99193627,-0.0808975,0.0,-0.014313012,0.082675286,0.9964738,0.0,-170.21974,-130.75424,-7.158831,1.0
0.99497646,-0.097582445,0.022351814,0.0,0.099063195,0.99191946,-0.07926062,0.0,-0.014436772,0.08107669,0.9966033,0.0,-169.97987,-130.76096,-7.716283,1.0
0.9950035,-0.0975514,0.02125524,0.0,0.09894467,0.9919235,-0.079358146,0.0,-0.01334203,0.08106472,0.9966195,0.0,-169.8716,-130.74567,-8.363026,1.0
0.9950004,-0.09764432,0.020968914,0.0,0.098987795,0.9920767,-0.077364534,0.0,-0.013248546,0.07905341,0.9967823,0.0,-169.75272,-130.77036,-8.862464,1.0
0.9949493,-0.097997464,0.021736879,0.0,0.09938363,0.99213064,-0.076155774,0.0,-0.014102718,0.07793142,0.996859,0.0,-169.65984,-130.85286,-9.3007345,1.0
0.9949673,-0.09787452,0.021464659,0.0,0.09923928,0.9921481,-0.07611614,0.0,-0.013846272,0.0778632,0.9968679,0.0,-169.66531,-130.96696,-9.804517,1.0
0.99500465,-0.09698311,0.023663467,0.0,0.09852878,0.99218595,-0.07654468,0.0,-0.016055029,0.07849385,0.9967853,0.0,-169.76483,-131.09721,-10.822581,1.0
0.9950272,-0.096803464,0.023453262,0.0,0.0983253,0.99224395,-0.076052904,0.0,-0.01590915,0.07798075,0.9968279,0.0,-169.69554,-131.10567,-11.638105,1.0
0.99497247,-0.09759243,0.022483233,0.0,0.099020235,0.99225706,-0.07497286,0.0,-0.014992364,0.07682223,0.996932,0.0,-169.5793,-131.0884,-12.853419,1.0
0.9950415,-0.09667226,0.023386473,0.0,0.09811316,0.9926152,-0.071336344,0.0,-0.016317539,0.073277146,0.9971781,0.0,-169.74629,-131.23132,-13.319025,1.0
0.9951608,-0.09521307,0.024277825,0.0,0.09675483,0.99261385,-0.07318624,0.0,-0.017130239,0.07518108,0.99702275,0.0,-169.92563,-131.39915,-14.30211,1.0
0.99523693,-0.09425675,0.024882471,0.0,0.095826924,0.9927836,-0.07209653,0.0,-0.017907336,0.07413754,0.99708724,0.0,-169.79228,-131.573,-15.139819,1.0
0.9952955,-0.093588606,0.025060074,0.0,0.09517404,0.99284464,-0.072120965,0.0,-0.018131051,0.074166745,0.99708104,0.0,-169.63269,-131.60526,-15.865583,1.0
0.9953355,-0.09290267,0.026005626,0.0,0.094571754,0.99285734,-0.07273541,0.0,-0.01906252,0.07485552,0.9970122,0.0,-169.52774,-131.68156,-16.812893,1.0
0.99544424,-0.09176374,0.025887255,0.0,0.0934512,0.9928687,-0.07401772,0.0,-0.0189105,0.07609971,0.9969209,0.0,-169.70908,-131.82422,-17.682295,1.0
0.99552494,-0.09001836,0.028755901,0.0,0.09182958,0.9933443,-0.06953028,0.0,-0.022305515,0.07185977,0.9971653,0.0,-169.6682,-132.48482,-18.242428,1.0
0.99567074,-0.088016696,0.029881436,0.0,0.08994727,0.9934144,-0.070973955,0.0,-0.02343779,0.07335444,0.9970305,0.0,-169.8397,-132.79358,-19.066187,1.0
0.9956615,-0.08706769,0.032823782,0.0,0.08923702,0.99342346,-0.07173977,0.0,-0.026361672,0.07435762,0.99688315,0.0,-169.89513,-133.00981,-19.780315,1.0
0.9956437,-0.087499715,0.032211162,0.0,0.08960728,0.99343246,-0.07115121,0.0,-0.025773866,0.0737276,0.9969453,0.0,-169.74219,-133.03468,-20.243044,1.0
0.9955673,-0.08822237,0.03259607,0.0,0.09034428,0.9933997,-0.070675485,0.0,-0.02614579,0.073307075,0.9969666,0.0,-169.57652,-132.92311,-20.938248,1.0
0.9954924,-0.0887759,0.0333739,0.0,0.09095375,0.99334395,-0.070676774,0.0,-0.026877394,0.07339367,0.9969408,0.0,-169.45929,-132.89302,-21.92623,1.0
0.99546224,-0.0880872,0.035993107,0.0,0.090451464,0.9934084,-0.070415035,0.0,-0.029553158,0.07335114,0.99686825,0.0,-169.61505,-132.9926,-22.599073,1.0
0.9955192,-0.08741795,0.03605146,0.0,0.089796975,0.99344605,-0.07072096,0.0,-0.029632874,0.07364138,0.9968445,0.0,-169.64355,-133.1588,-23.177258,1.0
0.99552935,-0.08674366,0.037374552,0.0,0.08925981,0.99340624,-0.071949326,0.0,-0.030886944,0.07496371,0.9967078,0.0,-169.64825,-133.38875,-24.15091,1.0
0.9955891,-0.0860617,0.037360232,0.0,0.08854322,0.9935514,-0.07082242,0.0,-0.03102423,0.07381802,0.9967891,0.0,-169.68036,-133.7063,-24.763199,1.0
0.99561876,-0.08504936,0.038857233,0.0,0.08773347,0.9934228,-0.07357996,0.0,-0.032343708,0.07666667,0.996532,0.0,-169.7414,-133.96156,-26.20336,1.0
0.9956408,-0.08453516,0.039410807,0.0,0.08727163,0.99344385,-0.073844396,0.0,-0.03290997,0.07696194,0.9964907,0.0,-169.73889,-134.11899,-27.08126,1.0
0.9957395,-0.08306432,0.040038355,0.0,0.085784934,0.9937194,-0.07185176,0.0,-0.033818554,0.074980326,0.9966114,0.0,-169.9875,-134.23927,-28.150936,1.0
0.99573207,-0.08257093,0.041227393,0.0,0.08537116,0.99377704,-0.071547255,0.0,-0.03506312,0.074761525,0.99658483,0.0,-169.81491,-134.09746,-29.569508,1.0
0.99576974,-0.0829203,0.03958289,0.0,0.08560295,0.9937439,-0.07173002,0.0,-0.033387367,0.074815,0.9966383,0.0,-169.56076,-134.13452,-30.287361,1.0
0.9958147,-0.08148492,0.041391425,0.0,0.08445191,0.993535,-0.07586915,0.0,-0.034941666,0.0790472,0.9962583,0.0,-169.75911,-134.24043,-31.855396,1.0
0.995889,-0.08128189,0.03998039,0.0,0.08412849,0.9935833,-0.07559459,0.0,-0.03357938,0.0786473,0.9963368,0.0,-169.70164,-134.66505,-33.14744,1.0
0.9959613,-0.079721995,0.041296687,0.0,0.08267953,0.99369705,-0.0756987,0.0,-0.035001576,0.07880738,0.9962752,0.0,-170.00095,-134.78226,-33.867455,1.0
0.99605864,-0.07830288,0.04166442,0.0,0.08132624,0.9937363,-0.07664279,0.0,-0.0354021,0.079729125,0.9961877,0.0,-170.30304,-134.92918,-35.88026,1.0
0.9960189,-0.07779632,0.04352098,0.0,0.080912784,0.99388504,-0.07513791,0.0,-0.037409358,0.078360185,0.996223,0.0,-170.48502,-134.98602,-36.55726,1.0
0.99602956,-0.07755854,0.043700404,0.0,0.08063078,0.99402434,-0.0735819,0.0,-0.03773238,0.07681334,0.9963313,0.0,-170.5277,-135.06479,-37.31767,1.0
0.9960241,-0.07633027,0.04593254,0.0,0.07962004,0.9940255,-0.074658215,0.0,-0.039959475,0.07801853,0.9961508,0.0,-170.72653,-135.13132,-38.660427,1.0
0.9960632,-0.07501886,0.047227,0.0,0.078409694,0.99412674,-0.074592,0.0,-0.041353814,0.078001395,0.9960952,0.0,-171.08171,-135.20677,-39.892864,1.0
0.9958579,-0.07601905,0.049881455,0.0,0.07960987,0.99404144,-0.07445721,0.0,-0.04392404,0.07811986,0.9959759,0.0,-171.15915,-135.18535,-41.899754,1.0
0.99587494,-0.07621009,0.049244538,0.0,0.07974537,0.9940398,-0.074334234,0.0,-0.043286014,0.07795463,0.9960168,0.0,-171.13365,-135.25713,-42.78931,1.0
0.9959017,-0.0769382,0.047542524,0.0,0.08018169,0.9942791,-0.0705692,0.0,-0.041841067,0.07409203,0.9963733,0.0,-170.96521,-135.4227,-43.063213,1.0
0.99575996,-0.077278376,0.04990153,0.0,0.08060533,0.99438876,-0.0685111,0.0,-0.044327058,0.07224293,0.99640155,0.0,-170.79404,-135.5461,-43.750683,1.0
0.9958858,-0.0752508,0.050485622,0.0,0.07882439,0.9942131,-0.07298628,0.0,-0.044701185,0.07666549,0.99605435,0.0,-171.04886,-135.69456,-45.850567,1.0
0.99584585,-0.07517128,0.0513838,0.0,0.078840405,0.9941694,-0.07356232,0.0,-0.045554478,0.07730785,0.995966,0.0,-170.94753,-135.72627,-46.71057,1.0
0.9957208,-0.07607768,0.052462507,0.0,0.07966349,0.99435866,-0.070032924,0.0,-0.046838615,0.07391258,0.99616414,0.0,-170.61934,-135.7833,-47.34056,1.0
0.9957669,-0.07470466,0.053548787,0.0,0.07845312,0.994336,-0.07170072,0.0,-0.047889113,0.075598285,0.9959877,0.0,-170.73943,-135.86673,-49.071766,1.0
0.9957359,-0.073911786,0.055200238,0.0,0.077791,0.99438167,-0.07178884,0.0,-0.049584117,0.07577681,0.9958912,0.0,-170.70886,-135.86534,-50.370396,1.0
0.9957946,-0.07332018,0.054929025,0.0,0.07704362,0.99463373,-0.069051005,0.0,-0.049571417,0.07299255,0.99609977,0.0,-170.74089,-135.85988,-50.769108,1.0
0.99561733,-0.07425151,0.056858588,0.0,0.07804262,0.9946525,-0.06764382,0.0,-0.05153188,0.07178475,0.9960881,0.0,-170.54779,-135.7701,-51.559532,1.0
0.9955525,-0.07447613,0.057694,0.0,0.078436054,0.99447834,-0.069717966,0.0,-0.05218309,0.073933184,0.995897,0.0,-170.53284,-135.74217,-52.766407,1.0
0.9956826,-0.074044034,0.05597888,0.0,0.0778394,0.99457747,-0.06896897,0.0,-0.050568614,0.07302856,0.99604696,0.0,-170.64354,-135.87123,-53.712948,1.0
0.9955139,-0.07391734,0.05906189,0.0,0.07812224,0.99431294,-0.07237849,0.0,-0.053375974,0.07666784,0.995627,0.0,-170.77391,-136.01228,-55.98775,1.0
0.99543047,-0.073900774,0.060471945,0.0,0.07832487,0.99414843,-0.074391834,0.0,-0.054620463,0.078788355,0.9953939,0.0,-170.82837,-135.99825,-57.25558,1.0
0.99549574,-0.07436461,0.058806036,0.0,0.078585476,0.9942268,-0.07305736,0.0,-0.053033672,0.07734959,0.99559253,0.0,-170.72906,-135.93925,-57.977905,1.0
0.9953884,-0.07410215,0.06091669,0.0,0.078424096,0.99432266,-0.071917765,0.0,-0.05524163,0.076363444,0.99554855,0.0,-170.75446,-135.91939,-58.69883,1.0
0.9952128,-0.073435836,0.06448675,0.0,0.0779925,0.9944052,-0.07124198,0.0,-0.058894258,0.07593042,0.9953723,0.0,-170.73859,-135.96407,-60.025223,1.0
0.9952736,-0.073586166,0.06336836,0.0,0.07812956,0.99430466,-0.072484344,0.0,-0.057673633,0.07709269,0.9953544,0.0,-170.51915,-135.96986,-61.362526,1.0
0.99513185,-0.0735153,0.06563598,0.0,0.078296944,0.99421525,-0.07352278,0.0,-0.059851233,0.07830395,0.9951313,0.0,-170.40834,-135.87703,-62.74424,1.0
0.99494267,-0.07390926,0.06801843,0.0,0.07876574,0.9943094,-0.07172646,0.0,-0.062330164,0.07672123,0.9951024,0.0,-170.29071,-135.79504,-63.493977,1.0
0.9949032,-0.07426676,0.06820609,0.0,0.079184495,0.99422187,-0.07247547,0.0,-0.062429454,0.077506945,0.9950353,0.0,-170.11281,-135.72882,-64.887596,1.0
0.9948622,-0.07368633,0.06942281,0.0,0.078779496,0.9941617,-0.07373091,0.0,-0.06358453,0.07882118,0.9948589,0.0,-170.14224,-135.70981,-66.099815,1.0
0.99469185,-0.07363813,0.07187198,0.0,0.07884147,0.9942498,-0.07246587,0.0,-0.06612243,0.07774769,0.9947779,0.0,-170.08298,-135.75938,-67.17589,1.0
0.9947426,-0.07386325,0.07093267,0.0,0.07892075,0.9943234,-0.07136172,0.0,-0.065258995,0.0765846,0.99492514,0.0,-169.89233,-135.72575,-67.99714,1.0
0.9946043,-0.07242421,0.07427663,0.0,0.07782169,0.99432415,-0.07254829,0.0,-0.06860081,0.07793718,0.9945953,0.0,-170.0335,-135.62054,-69.376755,1.0
0.9946375,-0.07231324,0.07393979,0.0,0.077622294,0.99440527,-0.07164441,0.0,-0.0683453,0.0769996,0.9946859,0.0,-169.95189,-135.4569,-69.98306,1.0
0.9944347,-0.07443043,0.07456355,0.0,0.07984399,0.99417,-0.072463535,0.0,-0.06873534,0.0780137,0.99458,0.0,-169.62733,-135.23518,-70.93569,1.0
0.99427974,-0.075672336,0.075375505,0.0,0.08114177,0.9940728,-0.07235519,0.0,-0.06945343,0.0780574,0.9945267,0.0,-169.47232,-135.06427,-71.46415,1.0
0.9942164,-0.07592764,0.07595258,0.0,0.08151677,0.99396455,-0.073413335,0.0,-0.069920056,0.07918015,0.9944052,0.0,-169.49863,-134.88242,-72.60479,1.0
0.99422914,-0.07594563,0.07576679,0.0,0.081459574,0.99403244,-0.072552465,0.0,-0.0698046,0.0783057,0.9944825,0.0,-169.58694,-134.80107,-73.21248,1.0
0.9942057,-0.07510535,0.07690379,0.0,0.08070103,0.9941024,-0.07244147,0.0,-0.07100947,0.07822794,0.99440336,0.0,-169.91618,-134.74127,-73.899536,1.0
0.9940512,-0.074395776,0.079545006,0.0,0.08036475,0.99396443,-0.07467367,0.0,-0.07350954,0.08062207,0.9940304,0.0,-170.2176,-134.78592,-75.26957,1.0
0.9939133,-0.07409402,0.08152536,0.0,0.08018782,0.99401414,-0.07420072,0.0,-0.0755395,0.08028643,0.99390537,0.0,-170.3745,-134.91817,-76.08346,1.0
0.99444246,-0.07386989,0.07501658,0.0,0.07913655,0.994414,-0.06984445,0.0,-0.06943811,0.075392835,0.9947333,0.0,-170.45602,-135.06172,-76.02197,1.0
0.99448997,-0.07321749,0.07502639,0.0,0.07857501,0.994367,-0.07113498,0.0,-0.06939541,0.076638214,0.9946411,0.0,-170.67007,-135.01942,-77.29298,1.0
0.99401265,-0.073579006,0.08077696,0.0,0.07965171,0.9940181,-0.07472362,0.0,-0.07479571,0.08071025,0.9939273,0.0,-170.7355,-134.90164,-79.1761,1.0
0.9939201,-0.07444735,0.081120215,0.0,0.080470644,0.9940285,-0.07370046,0.0,-0.075149015,0.07978016,0.99397576,0.0,-170.67331,-134.88419,-80.1435,1.0
0.9940381,-0.074692905,0.07943074,0.0,0.080518864,0.9940863,-0.07286383,0.0,-0.07351861,0.0788251,0.9941738,0.0,-170.62871,-134.83252,-81.099266,1.0
0.9939345,-0.07538672,0.08006871,0.0,0.08126803,0.99402076,-0.07292657,0.0,-0.074092194,0.07899126,0.9941181,0.0,-170.47665,-134.70172,-82.331924,1.0
0.99402225,-0.077146165,0.077254206,0.0,0.08272803,0.99397755,-0.07186593,0.0,-0.07124474,0.077827424,0.99441797,0.0,-170.02785,-134.61761,-83.349464,1.0
0.9939149,-0.076744154,0.07901658,0.0,0.082513124,0.99394685,-0.07253422,0.0,-0.072971694,0.078612745,0.9942309,0.0,-169.86697,-134.61996,-84.84387,1.0
0.99399453,-0.0765567,0.07819129,0.0,0.08225024,0.9939789,-0.07239363,0.0,-0.07217829,0.07839013,0.99430645,0.0,-169.51451,-134.4729,-86.26537,1.0
0.9937681,-0.07775548,0.07986928,0.0,0.083529,0.9939236,-0.07168527,0.0,-0.07381,0.07790993,0.99422437,0.0,-169.0577,-134.24173,-87.53041,1.0
0.9936541,-0.079106644,0.07996073,0.0,0.084679,0.9940247,-0.06887979,0.0,-0.07403412,0.07521368,0.99441534,0.0,-168.54276,-133.9689,-88.22744,1.0
0.99334747,-0.080183946,0.08265223,0.0,0.08605418,0.9938219,-0.07009051,0.0,-0.076521486,0.0767368,0.9941106,0.0,-168.1133,-133.63623,-89.61128,1.0
0.99321485,-0.081156366,0.08329431,0.0,0.08721207,0.9935962,-0.07183766,0.0,-0.07693084,0.07861451,0.9939323,0.0,-167.66699,-133.33305,-90.90843,1.0
0.9932083,-0.08072211,0.083792634,0.0,0.08665835,0.9937896,-0.06980327,0.0,-0.07763759,0.076590516,0.99403536,0.0,-167.5918,-133.16557,-91.33464,1.0
0.99319065,-0.08025193,0.084451385,0.0,0.08621934,0.99384505,-0.069557875,0.0,-0.07834941,0.076365575,0.9939968,0.0,-167.53725,-133.07494,-91.977196,1.0
0.99320656,-0.07855866,0.08584416,0.0,0.08472869,0.99388814,-0.070762716,0.0,-0.079760484,0.077555455,0.9937925,0.0,-167.74477,-133.05357,-92.718285,1.0
0.9933113,-0.07703758,0.08601062,0.0,0.08334763,0.99389035,-0.0723543,0.0,-0.07991117,0.07903913,0.99366343,0.0,-167.89883,-133.07436,-93.30616,1.0
0.9940258,-0.076435275,0.07791207,0.0,0.08196939,0.99413854,-0.070495345,0.0,-0.072067045,0.07646059,0.99446476,0.0,-167.73457,-132.94125,-93.260704,1.0
0.99366325,-0.07573976,0.08304731,0.0,0.081820644,0.9940109,-0.072440855,0.0,-0.077063255,0.0787768,0.9939092,0.0,-167.90402,-132.6413,-94.16238,1.0
0.99357176,-0.08045452,0.0796378,0.0,0.0860285,0.99388474,-0.069225505,0.0,-0.0735813,0.075631626,0.9944172,0.0,-167.01813,-132.5063,-93.74777,1.0
0.99367905,-0.075920835,0.082692444,0.0,0.082144186,0.9938205,-0.074653335,0.0,-0.07651374,0.080974154,0.99377507,0.0,-167.87405,-132.11554,-95.449875,1.0
0.9937015,-0.0743056,0.08388063,0.0,0.08064551,0.99392396,-0.074909374,0.0,-0.07780475,0.08120216,0.9936562,0.0,-168.03975,-131.97697,-96.16019,1.0
0.993918,-0.07314721,0.082319446,0.0,0.079322934,0.9940662,-0.07443358,0.0,-0.07638634,0.0805107,0.9938225,0.0,-168.10643,-131.69022,-97.18778,1.0
0.99388254,-0.07267927,0.083157495,0.0,0.07896382,0.9940551,-0.07496102,0.0,-0.07721499,0.08106888,0.9937131,0.0,-168.22533,-131.4251,-97.94007,1.0
0.9943399,-0.07444211,0.075806305,0.0,0.079749495,0.99438405,-0.069572814,0.0,-0.070201404,0.07522454,0.99469244,0.0,-167.95345,-131.26758,-97.17309,1.0
0.9939735,-0.074660875,0.08026503,0.0,0.080689445,0.99393696,-0.07468963,0.0,-0.07420196,0.08071604,0.99397135,0.0,-167.92592,-130.89526,-99.15195,1.0
0.99342114,-0.07553034,0.08607911,0.0,0.082102895,0.99375546,-0.07555914,0.0,-0.07983458,0.08212939,0.993419,0.0,-167.75014,-130.61205,-100.293106,1.0
0.99351585,-0.07528231,0.08519822,0.0,0.0817353,0.99383026,-0.07497194,0.0,-0.07902853,0.081449516,0.9935394,0.0,-167.7121,-130.35797,-100.97756,1.0
0.9933862,-0.07529807,0.08668357,0.0,0.08177406,0.9939183,-0.07375213,0.0,-0.08060297,0.08035282,0.9935022,0.0,-167.65454,-129.95383,-101.65262,1.0
0.99305815,-0.07632719,0.089496896,0.0,0.08310385,0.9937441,-0.07460882,0.0,-0.08324236,0.08152843,0.99318874,0.0,-167.4569,-129.4756,-102.857056,1.0
0.99313146,-0.07724134,0.08788443,0.0,0.08371192,0.99384993,-0.07248887,0.0,-0.08174481,0.079347946,0.9934897,0.0,-167.32373,-129.05228,-103.30315,1.0
0.9930647,-0.076455906,0.08931423,0.0,0.08298439,0.9939593,-0.07182288,0.0,-0.08328341,0.078736454,0.99341047,0.0,-167.46768,-128.77101,-103.98731,1.0
0.9929802,-0.07632912,0.090356,0.0,0.08293523,0.9939676,-0.07176467,0.0,-0.08433316,0.07875459,0.9933205,0.0,-167.437,-128.43945,-104.80706,1.0
0.99304307,-0.07736869,0.08876654,0.0,0.08372006,0.99401295,-0.07020826,0.0,-0.082803205,0.07715137,0.99357504,0.0,-167.25882,-128.26833,-105.19833,1.0
0.99290156,-0.07737326,0.09033217,0.0,0.08391325,0.9939408,-0.07099528,0.0,-0.084291704,0.078071386,0.9933779,0.0,-167.219,-128.11612,-105.97702,1.0
0.99275964,-0.077417664,0.09184118,0.0,0.0842845,0.99373424,-0.073405735,0.0,-0.08558283,0.080615036,0.9930644,0.0,-167.09341,-127.9886,-107.11978,1.0
0.9927546,-0.07713143,0.092136174,0.0,0.08401796,0.9937602,-0.07335957,0.0,-0.085902914,0.08056914,0.99304044,0.0,-167.08887,-127.85448,-107.75626,1.0
0.9927406,-0.07687675,0.0924993,0.0,0.08375913,0.99381036,-0.0729755,0.0,-0.08631661,0.0801934,0.99303496,0.0,-167.10835,-127.76994,-108.38598,1.0
0.9927838,-0.07658783,0.0922748,0.0,0.08333324,0.9939455,-0.0716096,0.0,-0.08623171,0.07878241,0.9931553,0.0,-167.18506,-127.68887,-108.899666,1.0
0.9928103,-0.07654246,0.09202663,0.0,0.083290346,0.9939305,-0.071866475,0.0,-0.08596727,0.0790147,0.9931598,0.0,-167.17691,-127.59158,-109.71877,1.0
0.9927008,-0.07662643,0.093131214,0.0,0.083625205,0.99376637,-0.07372436,0.0,-0.086901456,0.080974355,0.9929206,0.0,-167.091,-127.448975,-110.81726,1.0
0.99255705,-0.07720106,0.09418351,0.0,0.08436995,0.993633,-0.07466772,0.0,-0.087819405,0.08205823,0.9927508,0.0,-166.85907,-127.24568,-111.713455,1.0
0.99254465,-0.07697994,0.09449446,0.0,0.08414907,0.993673,-0.0743834,0.0,-0.088170566,0.08178046,0.9927426,0.0,-166.77432,-126.91669,-112.43672,1.0
0.9924514,-0.07792771,0.094696425,0.0,0.08490711,0.99378026,-0.07205305,0.0,-0.08849254,0.07954956,0.99289525,0.0,-166.50578,-126.65375,-112.83042,1.0
0.9924306,-0.07703187,0.09564234,0.0,0.08410013,0.9938374,-0.07221048,0.0,-0.08949042,0.07970743,0.99279314,0.0,-166.62639,-126.40941,-113.54481,1.0
0.992436,-0.07585283,0.09652527,0.0,0.08315238,0.9937863,-0.073990084,0.0,-0.09031313,0.08145673,0.99257666,0.0,-166.74779,-126.170364,-114.392525,1.0
0.9924094,-0.0752473,0.09726954,0.0,0.08274192,0.9937101,-0.075459026,0.0,-0.09097964,0.08293452,0.9923933,0.0,-166.71735,-125.88312,-115.42814,1.0
0.99230766,-0.07511813,0.098401085,0.0,0.08249476,0.99390167,-0.073171355,0.0,-0.092304535,0.08072607,0.9924531,0.0,-166.75893,-125.59363,-115.78892,1.0
0.9923436,-0.07476623,0.09830647,0.0,0.082150295,0.99391776,-0.07334034,0.0,-0.09222514,0.08085473,0.99245,0.0,-166.75764,-125.360855,-116.41887,1.0
0.99232125,-0.07378409,0.09926953,0.0,0.08140571,0.99385136,-0.07505017,0.0,-0.09312167,0.08255498,0.9922263,0.0,-166.82153,-125.111496,-117.34268,1.0
0.9923432,-0.07312052,0.099541135,0.0,0.080688514,0.99396986,-0.07425182,0.0,-0.09351154,0.081715114,0.99225914,0.0,-166.8641,-124.88492,-117.76615,1.0
0.99229884,-0.0730729,0.100016914,0.0,0.080692306,0.9939599,-0.0743809,0.0,-0.09397759,0.08187867,0.9922017,0.0,-166.72801,-124.727844,-118.50315,1.0
0.9922757,-0.06947762,0.102770515,0.0,0.077395186,0.9941627,-0.075170524,0.0,-0.096947946,0.082543835,0.9918607,0.0,-166.9462,-124.497665,-120.069275,1.0
0.992469,-0.06866487,0.10144155,0.0,0.076458566,0.9942443,-0.075049095,0.0,-0.09570444,0.08223997,0.9920067,0.0,-166.90512,-124.30817,-120.65915,1.0
0.992383,-0.06786913,0.102809355,0.0,0.07576607,0.9943042,-0.07495824,0.0,-0.09713644,0.082176745,0.9918727,0.0,-166.93678,-124.09665,-121.297745,1.0
0.9925121,-0.067462996,0.10182595,0.0,0.07532622,0.99429965,-0.07545965,0.0,-0.0961548,0.082564786,0.99193615,0.0,-166.88644,-123.88661,-121.90215,1.0
0.99232996,-0.067440085,0.103600964,0.0,0.075641856,0.99412733,-0.07738968,0.0,-0.0977734,0.08463266,0.99160355,0.0,-166.81201,-123.624405,-122.821846,1.0
0.99253327,-0.067024454,0.10190893,0.0,0.07510528,0.9941485,-0.07764021,0.0,-0.09610884,0.08471439,0.99175936,0.0,-166.8033,-123.438156,-123.38493,1.0
0.99255407,-0.06579732,0.102504246,0.0,0.07382714,0.99432355,-0.07661735,0.0,-0.09688118,0.08361446,0.99177754,0.0,-166.96115,-123.24338,-123.896225,1.0
0.992494,-0.06488687,0.10365972,0.0,0.07300395,0.9943911,-0.0765298,0.0,-0.09811253,0.083522946,0.9916642,0.0,-166.9942,-123.000824,-124.58442,1.0
0.99254215,-0.063299574,0.10417886,0.0,0.071724944,0.99427354,-0.07921897,0.0,-0.09856777,0.086100385,0.9913986,0.0,-167.0879,-122.72899,-125.72886,1.0
0.992618,-0.063317016,0.10344262,0.0,0.07178028,0.9941867,-0.08025186,0.0,-0.09775992,0.08708458,0.9913926,0.0,-166.95972,-122.52519,-126.38442,1.0
0.99255806,-0.061959196,0.104831204,0.0,0.07067623,0.99415696,-0.081589215,0.0,-0.09916346,0.0883911,0.9911375,0.0,-167.12515,-122.27162,-127.31815,1.0
0.99266976,-0.061263565,0.10418,0.0,0.0700311,0.9941114,-0.08269292,0.0,-0.09850046,0.08938261,0.99111474,0.0,-167.13205,-122.07704,-128.0201,1.0
0.9924576,-0.06189369,0.10581616,0.0,0.070755966,0.99410456,-0.08215661,0.0,-0.10010732,0.089024074,0.990986,0.0,-166.9571,-121.877106,-128.493,1.0
0.9922805,-0.06415043,0.1061323,0.0,0.07302185,0.99395955,-0.081928276,0.0,-0.10023546,0.089045815,0.99097115,0.0,-166.44101,-121.61438,-129.12308,1.0
0.9922623,-0.06416449,0.10629411,0.0,0.07308223,0.99392927,-0.08224144,0.0,-0.100371845,0.08937329,0.9909278,0.0,-166.4153,-121.45912,-129.72728,1.0
0.992466,-0.06262325,0.10530715,0.0,0.07162761,0.99388665,-0.08401667,0.0,-0.09940198,0.09092659,0.99088424,0.0,-166.68837,-121.27153,-130.56194,1.0
