0.99997514,-0.006384641,-0.0029920144,0.0,0.006176081,0.99785453,-0.065177895,0.0,0.0034017295,0.06515779,0.9978692,0.0,-157.78712,-146.42975,108.05868,1.0
0.9999674,-0.007645146,-0.002594829,0.0,0.0074468045,0.99756426,-0.06935474,0.0,0.0031187693,0.06933316,0.9975887,0.0,-157.77992,-146.3049,107.409485,1.0
0.9999741,-0.0070505897,-0.0014679496,0.0,0.0069324244,0.9975896,-0.06904321,0.0,0.0019511775,0.06903124,0.9976126,0.0,-157.782,-146.10844,106.90572,1.0
0.99997115,-0.0075883963,0.00030542686,0.0,0.007591529,0.9976331,-0.068341345,0.0,0.00021385102,0.06834169,0.99766195,0.0,-157.65414,-145.77913,106.20742,1.0
0.99996644,-0.008169201,0.0006146448,0.0,0.008192099,0.997639,-0.06818603,0.0,-5.6169058e-05,0.06818878,0.99767244,0.0,-157.53477,-145.58377,105.75408,1.0
0.99995273,-0.009709981,0.00047483243,0.0,0.0097199995,0.99771476,-0.06686415,0.0,0.00017551366,0.06686561,0.99776196,0.0,-157.33255,-145.3549,105.376114,1.0
0.99995077,-0.009871816,-0.0009814888,0.0,0.009786498,0.9978111,-0.06540091,0.0,0.0016250137,0.06538809,0.9978586,0.0,-157.26642,-145.09981,105.032555,1.0
0.99995196,-0.0096264295,0.001835009,0.0,0.009728083,0.997687,-0.06727606,0.0,-0.0011831389,0.067290686,0.9977327,0.0,-157.22656,-144.8212,103.96093,1.0
0.99994504,-0.010000577,0.0031522363,0.0,0.010194172,0.99756783,-0.06895247,0.0,-0.0024550173,0.06898081,0.997615,0.0,-157.16818,-144.60033,103.01998,1.0
0.999931,-0.011736265,0.00057531305,0.0,0.011748175,0.99760216,-0.068204805,0.0,0.00022650351,0.068206854,0.9976712,0.0,-156.87123,-144.25685,102.387566,1.0
0.9999011,-0.0132595785,0.00468204,0.0,0.013560776,0.9973436,-0.07156729,0.0,-0.0037206665,0.071623705,0.99742484,0.0,-156.62173,-143.76558,100.74252,1.0
0.9998772,-0.014458408,0.006037261,0.0,0.014865098,0.9971571,-0.073869586,0.0,-0.004952047,0.07395026,0.99724966,0.0,-156.3862,-143.19716,99.30564,1.0
0.99984545,-0.016569968,0.0058717374,0.0,0.016961966,0.9970707,-0.074580185,0.0,-0.004618719,0.07466826,0.9971977,0.0,-155.98238,-142.6544,98.195625,1.0
0.9998147,-0.017582888,0.007841152,0.0,0.018130248,0.99692154,-0.076280385,0.0,-0.0064757774,0.07640841,0.9970556,0.0,-155.76318,-142.04611,96.68912,1.0
0.99978536,-0.016412806,0.012644306,0.0,0.017322097,0.9969937,-0.07552131,0.0,-0.0113667995,0.075724125,0.997064,0.0,-155.96779,-141.3876,95.486374,1.0
0.99977285,-0.017958218,0.011476432,0.0,0.018770529,0.9969989,-0.075105585,0.0,-0.010093196,0.07530395,0.9971096,0.0,-155.63669,-140.68558,94.20025,1.0
0.99967223,-0.020522851,0.01530534,0.0,0.021624107,0.99690026,-0.07564576,0.0,-0.013705432,0.07595193,0.99701726,0.0,-155.34451,-139.91316,92.489174,1.0
0.9996275,-0.021327078,0.017030336,0.0,0.022503842,0.9971369,-0.07219124,0.0,-0.015441969,0.07254759,0.99724543,0.0,-155.2857,-139.27908,91.61512,1.0
0.99960786,-0.021234797,0.018253269,0.0,0.022509653,0.9970972,-0.07273615,0.0,-0.016655726,0.07311851,0.99718416,0.0,-155.40321,-138.52425,89.77436,1.0
0.999559,-0.022752991,0.019082632,0.0,0.02411619,0.996926,-0.07454459,0.0,-0.017327841,0.074971914,0.997035,0.0,-155.23633,-137.94292,88.22986,1.0
0.99946004,-0.024968598,0.021360217,0.0,0.026529,0.9967402,-0.07619162,0.0,-0.019388186,0.076717146,0.99686444,0.0,-155.05696,-137.2804,86.46099,1.0
0.99942183,-0.026982935,0.02068642,0.0,0.028514197,0.99656886,-0.07770123,0.0,-0.018518832,0.07824617,0.99676204,0.0,-154.88544,-136.75974,85.04065,1.0
0.9993411,-0.028513396,0.022459166,0.0,0.030254941,0.99621755,-0.08145719,0.0,-0.020051582,0.082083024,0.9964238,0.0,-154.78284,-136.13956,83.00003,1.0
0.9992971,-0.029221587,0.023483053,0.0,0.031055834,0.99615085,-0.0819695,0.0,-0.020997362,0.08264116,0.99635816,0.0,-154.79227,-135.58772,81.55155,1.0
0.9992383,-0.030240545,0.024665413,0.0,0.032170225,0.9961124,-0.08200713,0.0,-0.0220896,0.08273815,0.9963265,0.0,-154.72112,-135.01688,80.05139,1.0
0.99928105,-0.031605013,0.020941885,0.0,0.033220578,0.99608576,-0.08191208,0.0,-0.018271046,0.08254888,0.99641955,0.0,-154.47896,-134.52449,78.740974,1.0
0.99918073,-0.032332174,0.024341041,0.0,0.034179647,0.996228,-0.07975958,0.0,-0.021670423,0.08052621,0.9965169,0.0,-154.4224,-134.0025,77.516685,1.0
0.99919844,-0.03235772,0.023569321,0.0,0.03414263,0.9962305,-0.079744086,0.0,-0.020900168,0.08048488,0.99653673,0.0,-154.40477,-133.55344,75.95493,1.0
0.99914503,-0.032595597,0.025429528,0.0,0.03451269,0.996277,-0.07900028,0.0,-0.022759816,0.07981038,0.9965502,0.0,-154.46548,-133.10799,74.606766,1.0
0.9991665,-0.033662606,0.02308955,0.0,0.035402503,0.99619627,-0.0796217,0.0,-0.020321464,0.080372766,0.9965577,0.0,-154.32816,-132.75952,73.35134,1.0
0.9990964,-0.033775277,0.025800085,0.0,0.03577742,0.9960269,-0.081550516,0.0,-0.022943199,0.08239989,0.99633527,0.0,-154.44345,-132.44655,71.762985,1.0
0.99903905,-0.033063304,0.028770078,0.0,0.035418786,0.99569684,-0.085634865,0.0,-0.025814887,0.086571574,0.9959111,0.0,-154.56729,-132.12164,69.71963,1.0
0.99905765,-0.03217193,0.029134627,0.0,0.034560498,0.9957318,-0.08557926,0.0,-0.026257006,0.086505525,0.9959053,0.0,-154.67259,-131.82024,68.42072,1.0
0.99914646,-0.03163214,0.026566006,0.0,0.03380606,0.9957369,-0.085820906,0.0,-0.02373806,0.08664575,0.9959563,0.0,-154.70555,-131.60243,67.01944,1.0
0.99915105,-0.030707635,0.027464265,0.0,0.03300656,0.9956092,-0.087594934,0.0,-0.024653845,0.08842707,0.9957775,0.0,-154.82336,-131.44548,65.49731,1.0
0.9992231,-0.029634893,0.025981164,0.0,0.031780366,0.9957466,-0.08647923,0.0,-0.023307823,0.08723773,0.9959148,0.0,-154.92245,-131.29842,64.387924,1.0
0.99923134,-0.029421667,0.025905684,0.0,0.03156608,0.99573565,-0.08668429,0.0,-0.023244778,0.087435395,0.99589896,0.0,-154.77853,-131.06311,62.82052,1.0
0.99924916,-0.029959781,0.024567788,0.0,0.031933818,0.99592483,-0.08434417,0.0,-0.02194074,0.08506538,0.99613374,0.0,-154.50632,-130.94128,61.942238,1.0
0.999227,-0.029651938,0.025809899,0.0,0.031733137,0.9959298,-0.084361315,0.0,-0.023203375,0.085115135,0.9961009,0.0,-154.41476,-130.81534,60.469296,1.0
0.99925774,-0.030488294,0.023547124,0.0,0.032390732,0.9958409,-0.08515683,0.0,-0.020852922,0.085856326,0.9960893,0.0,-154.06125,-130.67398,59.07678,1.0
0.9992496,-0.03032371,0.024099657,0.0,0.03224605,0.9959565,-0.08385002,0.0,-0.021459578,0.08456421,0.9961869,0.0,-153.98872,-130.54272,58.039085,1.0
0.99918693,-0.0302246,0.026682068,0.0,0.032381035,0.995899,-0.08447853,0.0,-0.024019284,0.08527383,0.996068,0.0,-153.91861,-130.4428,56.354893,1.0
0.9992085,-0.030132761,0.02596691,0.0,0.032239534,0.99586344,-0.08495056,0.0,-0.023299709,0.08572048,0.9960468,0.0,-153.83269,-130.34927,54.861668,1.0
0.9992657,-0.028922189,0.025132127,0.0,0.030941337,0.9959799,-0.08406346,0.0,-0.022599773,0.08477936,0.9961434,0.0,-153.98354,-130.28543,53.82906,1.0
0.9992503,-0.028669797,0.026017072,0.0,0.030800076,0.995857,-0.085558124,0.0,-0.023456343,0.08629531,0.99599344,0.0,-153.98346,-130.31212,52.12703,1.0
0.99923116,-0.029379,0.025960531,0.0,0.03153763,0.99570197,-0.08708037,0.0,-0.023290614,0.087832145,0.99586296,0.0,-153.8369,-130.37494,50.965755,1.0
0.99921244,-0.028087838,0.028027764,0.0,0.03058929,0.99517506,-0.093225025,0.0,-0.025274027,0.09400895,0.9952505,0.0,-154.0334,-130.44434,48.895256,1.0
0.9991814,-0.028959274,0.028248198,0.0,0.031638645,0.99453026,-0.09954148,0.0,-0.025211046,0.100353725,0.99463236,0.0,-153.7813,-130.60979,46.90856,1.0
0.9991114,-0.029477878,0.030123435,0.0,0.03237223,0.99439925,-0.10060895,0.0,-0.026988985,0.101494715,0.9944699,0.0,-153.5955,-130.83691,45.58788,1.0
0.9990794,-0.029227821,0.031401947,0.0,0.03223804,0.99445754,-0.10007465,0.0,-0.028302912,0.10099486,0.99448425,0.0,-153.44774,-131.03009,44.34953,1.0
0.9990944,-0.028691784,0.03141874,0.0,0.031742387,0.9943449,-0.10134433,0.0,-0.028333245,0.10224986,0.99435514,0.0,-153.33514,-131.19972,42.934395,1.0
0.99906135,-0.029006483,0.03217158,0.0,0.032204606,0.9940756,-0.1038101,0.0,-0.028969847,0.10474873,0.99407667,0.0,-153.11288,-131.28479,41.004898,1.0
0.9990289,-0.030229544,0.0320527,0.0,0.033277065,0.99450576,-0.09925199,0.0,-0.028876241,0.10022223,0.99454594,0.0,-152.84474,-131.33656,40.287354,1.0
0.99901944,-0.030382307,0.03220279,0.0,0.033379838,0.99471974,-0.0970484,0.0,-0.0290842,0.09802817,0.99475855,0.0,-152.73111,-131.37419,39.370228,1.0
0.99893755,-0.029678052,0.0352568,0.0,0.03299713,0.9946759,-0.0976274,0.0,-0.032171715,0.098687045,0.9945983,0.0,-152.70903,-131.44408,37.71957,1.0
0.99905914,-0.030158816,0.031165823,0.0,0.03297827,0.99499625,-0.09431269,0.0,-0.028165555,0.09525175,0.99505466,0.0,-152.40549,-131.63373,36.760826,1.0
0.9990486,-0.030226646,0.031435695,0.0,0.032994647,0.9952468,-0.09162453,0.0,-0.028516762,0.09257457,0.9952973,0.0,-152.21211,-131.83182,35.71281,1.0
0.9990558,-0.0297081,0.031700507,0.0,0.032452706,0.99542165,-0.08990318,0.0,-0.028884493,0.09084707,0.9954459,0.0,-152.14003,-132.00555,34.465305,1.0
0.99907374,-0.029388882,0.031431887,0.0,0.032121025,0.9953984,-0.090278596,0.0,-0.028634058,0.0912046,0.9954204,0.0,-152.00043,-132.12764,32.866898,1.0
0.99903876,-0.029971283,0.031990282,0.0,0.032722738,0.99546975,-0.089270175,0.0,-0.029169833,0.09023117,0.9954936,0.0,-151.75275,-132.31088,31.517967,1.0
0.99898326,-0.03131885,0.03242854,0.0,0.034113403,0.99539787,-0.08955075,0.0,-0.029474722,0.09056595,0.9954542,0.0,-151.47385,-132.47359,29.699352,1.0
0.9989192,-0.03242499,0.033303574,0.0,0.035288047,0.9953773,-0.089323826,0.0,-0.030253295,0.0904025,0.9954457,0.0,-151.27771,-132.59412,28.583109,1.0
0.99888265,-0.033774145,0.033056557,0.0,0.0366107,0.9953276,-0.0893455,0.0,-0.029884541,0.09045589,0.995452,0.0,-150.95148,-132.77934,27.244017,1.0
0.9989082,-0.03363196,0.032423384,0.0,0.03641179,0.9953346,-0.08934832,0.0,-0.02926712,0.09043137,0.99547255,0.0,-150.82083,-132.97699,25.753836,1.0
0.9988526,-0.03392101,0.03380592,0.0,0.036826454,0.99531513,-0.08939577,0.0,-0.03061513,0.09053815,0.99542224,0.0,-150.61514,-133.13951,24.290295,1.0
0.9988628,-0.035861637,0.031417727,0.0,0.038474385,0.9954704,-0.08693931,0.0,-0.02815765,0.088049226,0.9957181,0.0,-150.18211,-133.27142,23.738867,1.0
0.99881417,-0.037077375,0.031553388,0.0,0.03973875,0.9952937,-0.088381976,0.0,-0.02812789,0.08953106,0.99558675,0.0,-149.81947,-133.2783,22.078718,1.0
0.9986666,-0.03665649,0.036350172,0.0,0.039758317,0.9952696,-0.088643536,0.0,-0.032928877,0.08997056,0.9953999,0.0,-149.8071,-133.29,20.301529,1.0
0.9987313,-0.035584886,0.035631202,0.0,0.038529612,0.9955765,-0.08569042,0.0,-0.03242429,0.08695456,0.99568444,0.0,-149.95345,-133.45802,19.422297,1.0
0.99878085,-0.036197834,0.033563554,0.0,0.038893573,0.9957494,-0.08348893,0.0,-0.030398749,0.084692545,0.9959433,0.0,-149.47429,-133.44385,18.12802,1.0
0.9987698,-0.03448053,0.035637226,0.0,0.03733234,0.9958727,-0.08272789,0.0,-0.032637622,0.083956525,0.9959348,0.0,-149.84335,-133.56128,16.832047,1.0
0.9987614,-0.0353185,0.035044927,0.0,0.03814211,0.9957795,-0.08347646,0.0,-0.031948756,0.084709756,0.9958933,0.0,-149.52322,-133.70694,15.458641,1.0
0.9987562,-0.033314034,0.037098248,0.0,0.036277674,0.9959463,-0.082310244,0.0,-0.03420575,0.0835537,0.99591607,0.0,-149.93068,-133.9738,14.410406,1.0
0.9987282,-0.033200316,0.037943043,0.0,0.03625013,0.9959116,-0.082741015,0.0,-0.035040934,0.08401123,0.99584854,0.0,-149.86235,-134.13881,12.95715,1.0
0.9987343,-0.034404505,0.036688972,0.0,0.03735459,0.9958482,-0.083012626,0.0,-0.033680677,0.08427806,0.9958729,0.0,-149.42818,-134.19342,11.685217,1.0
0.998691,-0.033149928,0.03895259,0.0,0.03626117,0.99596524,-0.08208788,0.0,-0.036074173,0.0833929,0.99586356,0.0,-149.58127,-134.33205,10.362825,1.0
0.99869883,-0.03266018,0.039164882,0.0,0.03575381,0.9960659,-0.08108275,0.0,-0.036362626,0.082377546,0.9959376,0.0,-149.45862,-134.47104,9.269756,1.0
0.9987138,-0.03234538,0.039044857,0.0,0.035416283,0.9961084,-0.08070787,0.0,-0.03628234,0.08198688,0.99597275,0.0,-149.1502,-134.49084,8.101628,1.0
0.9986681,-0.030921225,0.041302685,0.0,0.034191977,0.9961286,-0.080985576,0.0,-0.038638584,0.082289934,0.99585915,0.0,-149.17659,-134.51337,6.5540757,1.0
0.99868375,-0.030916808,0.04092532,0.0,0.034074407,0.99630386,-0.07885149,0.0,-0.038336236,0.080142215,0.996046,0.0,-148.91966,-134.71405,5.5222526,1.0
0.9986057,-0.029591288,0.04371516,0.0,0.03287303,0.9965378,-0.07636619,0.0,-0.041304037,0.07769677,0.99612105,0.0,-149.08182,-134.94739,4.5660367,1.0
0.9986158,-0.029035654,0.043856937,0.0,0.032231152,0.9967369,-0.07400498,0.0,-0.04156505,0.075316094,0.996293,0.0,-149.07568,-135.05986,3.6006322,1.0
0.99858034,-0.028800575,0.04480871,0.0,0.031937245,0.99696934,-0.07093748,0.0,-0.0426299,0.07226784,0.9964738,0.0,-149.05434,-135.1511,2.7675653,1.0
0.99861425,-0.029639846,0.043487474,0.0,0.03258158,0.9971138,-0.06857443,0.0,-0.0413294,0.06989629,0.9966977,0.0,-148.7533,-135.40723,1.9696304,1.0
0.99865544,-0.03005348,0.04223892,0.0,0.032915123,0.99708927,-0.068772264,0.0,-0.040049084,0.07007009,0.99673784,0.0,-148.56824,-135.7063,0.95416206,1.0
0.99864227,-0.030359326,0.042330906,0.0,0.033239476,0.99705696,-0.06908346,0.0,-0.040108975,0.07039672,0.9967124,0.0,-148.41028,-136.15419,-0.08768535,1.0
0.99865377,-0.029641809,0.042568218,0.0,0.032565236,0.99703556,-0.069710605,0.0,-0.040375695,0.071003,0.99665856,0.0,-148.34741,-136.53662,-1.1647319,1.0
0.9986393,-0.029795555,0.04279981,0.0,0.03273063,0.997038,-0.069598205,0.0,-0.040599387,0.070904374,0.99665654,0.0,-148.13567,-136.88327,-2.230726,1.0
0.9986421,-0.030117745,0.042507898,0.0,0.03297744,0.9971224,-0.06825987,0.0,-0.040329706,0.069568984,0.9967616,0.0,-148.05324,-137.09145,-2.8409803,1.0
0.9986874,-0.03097141,0.04079622,0.0,0.03362343,0.9972522,-0.06601066,0.0,-0.03863971,0.06729572,0.9969846,0.0,-147.85852,-137.24973,-3.4569058,1.0
0.9986222,-0.031995237,0.04159414,0.0,0.03463773,0.99731994,-0.06444473,0.0,-0.03942073,0.06579666,0.99705404,0.0,-147.69714,-137.47786,-4.443295,1.0
0.9985395,-0.032480225,0.043173913,0.0,0.035272755,0.997224,-0.06557613,0.0,-0.040924158,0.06700321,0.99691314,0.0,-147.59595,-137.6105,-5.6578774,1.0
0.99864566,-0.03366476,0.03966763,0.0,0.036185388,0.99725235,-0.06464,0.0,-0.037382584,0.06598784,0.99711996,0.0,-147.30261,-137.81015,-6.4204044,1.0
0.9985646,-0.03392345,0.041447584,0.0,0.036590267,0.9971897,-0.06537496,0.0,-0.03911335,0.0667977,0.99699956,0.0,-147.34009,-138.05096,-7.7052164,1.0
0.99854904,-0.034266256,0.04154063,0.0,0.036969204,0.99712473,-0.066148095,0.0,-0.039154574,0.067587845,0.9969447,0.0,-147.3138,-138.21886,-8.799643,1.0
0.99851185,-0.035003547,0.041818585,0.0,0.03776891,0.9970191,-0.06727887,0.0,-0.039338887,0.06875819,0.99685746,0.0,-147.1944,-138.2963,-9.851079,1.0
0.99846786,-0.035015635,0.042846538,0.0,0.037867878,0.9969885,-0.06767583,0.0,-0.0403478,0.06919465,0.9967869,0.0,-147.12315,-138.41713,-11.011622,1.0
0.99843955,-0.035917055,0.042761143,0.0,0.038752157,0.9969711,-0.06743084,0.0,-0.040209707,0.0689827,0.9968072,0.0,-146.79196,-138.62201,-11.996747,1.0
0.99848056,-0.036028683,0.041696135,0.0,0.038777594,0.9969915,-0.06711374,0.0,-0.039152667,0.06862864,0.9968737,0.0,-146.66977,-138.87874,-12.558065,1.0
0.9984615,-0.034609996,0.043321665,0.0,0.037580628,0.9968565,-0.06974824,0.0,-0.040771503,0.07126899,0.9966235,0.0,-146.79675,-139.15791,-14.03181,1.0
0.99852216,-0.034199618,0.04223573,0.0,0.037092336,0.99687666,-0.069721095,0.0,-0.039719343,0.07118468,0.996672,0.0,-146.72961,-139.39111,-14.78215,1.0
0.99845344,-0.034095377,0.043910783,0.0,0.037174653,0.9967596,-0.071332574,0.0,-0.04133641,0.07285462,0.9964856,0.0,-146.66187,-139.5806,-15.855964,1.0
0.9984604,-0.03467702,0.04329413,0.0,0.037749574,0.99666864,-0.07229514,0.0,-0.040642973,0.07381816,0.9964432,0.0,-146.45145,-139.81825,-16.85904,1.0
0.9984428,-0.03496601,0.043467272,0.0,0.038070828,0.9966209,-0.07278311,0.0,-0.04077544,0.07432461,0.9964001,0.0,-146.33156,-139.9991,-17.772102,1.0
0.9984259,-0.03558628,0.04335126,0.0,0.038632322,0.99668634,-0.07158166,0.0,-0.040660303,0.07314375,0.9964922,0.0,-146.1483,-140.18835,-18.43799,1.0
0.9983578,-0.036633026,0.04404269,0.0,0.039776053,0.9965572,-0.072743714,0.0,-0.04122624,0.0743761,0.99637777,0.0,-146.0018,-140.38063,-19.517008,1.0
0.99822444,-0.037316553,0.046426646,0.0,0.040737998,0.9963454,-0.07507526,0.0,-0.04345538,0.07683329,0.9960965,0.0,-146.03152,-140.53914,-20.684708,1.0
0.9981476,-0.037993975,0.047516234,0.0,0.041590154,0.9961526,-0.07713828,0.0,-0.04440262,0.0789716,0.9958875,0.0,-145.97897,-140.71074,-21.682377,1.0
0.9978121,-0.049030103,0.04435228,0.0,0.05218923,0.9959564,-0.073123544,0.0,-0.040587682,0.07527827,0.9963362,0.0,-143.82516,-140.93872,-21.609468,1.0
0.9979374,-0.050802473,0.03924479,0.0,0.053623784,0.99577516,-0.07454073,0.0,-0.03529214,0.07649143,0.9964455,0.0,-143.47858,-141.08125,-22.36539,1.0
0.9978245,-0.051959917,0.040576234,0.0,0.054869536,0.9957303,-0.07423329,0.0,-0.036545802,0.07629819,0.9964151,0.0,-143.35588,-141.18922,-23.204823,1.0
0.9978291,-0.05265159,0.039559554,0.0,0.055556897,0.995533,-0.07633775,0.0,-0.035363566,0.078369826,0.99629694,0.0,-143.20547,-141.22096,-24.412289,1.0
0.9978295,-0.053137902,0.03889275,0.0,0.056059517,0.9953488,-0.078346126,0.0,-0.034548678,0.08035638,0.9961673,0.0,-143.03348,-141.23894,-25.516195,1.0
0.9980894,-0.042666495,0.044690683,0.0,0.046212826,0.99559456,-0.08158299,0.0,-0.041012958,0.083492406,0.9956641,0.0,-145.15839,-141.46976,-27.143406,1.0
0.99805605,-0.043906856,0.044229902,0.0,0.0475097,0.9953323,-0.08400257,0.0,-0.040335167,0.085940614,0.99548346,0.0,-144.83775,-141.66006,-28.597208,1.0
0.9978386,-0.049968988,0.042675752,0.0,0.053394597,0.9950919,-0.08331304,0.0,-0.03830324,0.08541162,0.9956092,0.0,-143.38474,-141.58304,-29.194569,1.0
0.99776495,-0.051772974,0.042244986,0.0,0.055182196,0.99493784,-0.08398564,0.0,-0.03768292,0.0861291,0.9955711,0.0,-142.9552,-141.72778,-30.367746,1.0
0.99776524,-0.050586265,0.043652844,0.0,0.054107435,0.9950244,-0.083658904,0.0,-0.039203707,0.0858339,0.9955378,0.0,-143.17078,-141.9256,-31.430477,1.0
0.99794424,-0.043435786,0.047123984,0.0,0.04733246,0.9952563,-0.08499741,0.0,-0.043208472,0.087053165,0.9952662,0.0,-144.69392,-142.30943,-33.19202,1.0
0.99812096,-0.038121454,0.04797207,0.0,0.04214775,0.99540955,-0.08592695,0.0,-0.044476222,0.087787405,0.99514586,0.0,-145.78047,-142.44041,-34.5705,1.0
0.9979682,-0.041891478,0.048004974,0.0,0.045849007,0.9953643,-0.08454478,0.0,-0.044240717,0.08657398,0.9952626,0.0,-145.05508,-142.53114,-35.52316,1.0
0.9978932,-0.042498175,0.049021386,0.0,0.04656154,0.9952952,-0.08496727,0.0,-0.045179773,0.08707077,0.9951771,0.0,-144.9797,-142.59897,-36.823277,1.0
0.99788,-0.04168511,0.04997878,0.0,0.04580367,0.9953862,-0.084311366,0.0,-0.04623367,0.08642184,0.99518526,0.0,-145.07445,-142.67073,-37.815357,1.0
0.9978249,-0.03681599,0.054680742,0.0,0.04138477,0.9955281,-0.08491846,0.0,-0.051309854,0.08699671,0.99488634,0.0,-145.86707,-142.66911,-39.172466,1.0
0.9978069,-0.03486846,0.056263875,0.0,0.039602064,0.99556476,-0.08533721,0.0,-0.053038746,0.08737821,0.99476224,0.0,-146.13701,-142.69107,-40.37737,1.0
0.9977925,-0.03889246,0.053828835,0.0,0.043313116,0.9955614,-0.083554976,0.0,-0.05034021,0.08570202,0.9950483,0.0,-145.26697,-142.82426,-40.811123,1.0
0.997828,-0.03883973,0.05320482,0.0,0.043249033,0.99549305,-0.08439866,0.0,-0.04968701,0.086516395,0.9950106,0.0,-145.13434,-142.9565,-41.54022,1.0
0.9976668,-0.033976294,0.059216697,0.0,0.03922255,0.9951862,-0.08981081,0.0,-0.055880193,0.0919239,0.99419683,0.0,-145.96695,-143.09328,-43.35375,1.0
0.997538,-0.03232871,0.062232412,0.0,0.03801951,0.9949822,-0.09254684,0.0,-0.058928218,0.09468503,0.99376166,0.0,-146.2718,-143.17873,-44.66813,1.0
0.9975522,-0.03232716,0.062004015,0.0,0.03797954,0.99501,-0.09226376,0.0,-0.058711983,0.09439281,0.99380225,0.0,-146.29424,-143.27592,-45.311474,1.0
0.9975318,-0.031586125,0.06271087,0.0,0.03736028,0.994951,-0.09314848,0.0,-0.059452005,0.09526146,0.99367535,0.0,-146.44289,-143.38583,-46.153465,1.0
0.99773866,-0.031485543,0.059381623,0.0,0.0367766,0.9952422,-0.09022481,0.0,-0.056258295,0.092204645,0.9941495,0.0,-146.48822,-143.5954,-46.224995,1.0
0.9978346,-0.034661304,0.05589904,0.0,0.039415885,0.99548674,-0.08632825,0.0,-0.05265448,0.088344626,0.9946973,0.0,-145.81424,-143.76949,-46.092625,1.0
0.9978823,-0.034113273,0.055381883,0.0,0.03879807,0.99555266,-0.0858467,0.0,-0.052207068,0.087813616,0.99476796,0.0,-145.76076,-143.79156,-46.73736,1.0
0.9978212,-0.03395395,0.0565677,0.0,0.038718205,0.9955964,-0.08537411,0.0,-0.053419825,0.08737831,0.99474186,0.0,-145.6914,-143.80838,-47.333694,1.0
0.9976762,-0.029876294,0.06123463,0.0,0.03522388,0.99548,-0.088198,0.0,-0.058322802,0.09014996,0.994219,0.0,-146.42473,-143.91129,-48.85292,1.0
0.99755985,-0.028663566,0.06366097,0.0,0.034356926,0.9953292,-0.0902186,0.0,-0.060777638,0.09218565,0.9938852,0.0,-146.5409,-143.932,-50.107674,1.0
0.9975606,-0.028354386,0.063786894,0.0,0.034026206,0.9953905,-0.089666024,0.0,-0.060950477,0.09161772,0.9939272,0.0,-146.4898,-143.90839,-50.935104,1.0
0.99749905,-0.027836122,0.064968064,0.0,0.033533413,0.9955276,-0.08831908,0.0,-0.062219027,0.0902768,0.9939713,0.0,-146.60858,-143.96689,-51.482376,1.0
0.9974002,-0.026828008,0.06688081,0.0,0.032734226,0.99550796,-0.0888391,0.0,-0.064196974,0.090797424,0.993798,0.0,-146.78102,-144.07779,-52.49342,1.0
0.99729997,-0.02561396,0.068823345,0.0,0.03176742,0.9954479,-0.08985735,0.0,-0.06620848,0.09180107,0.99357384,0.0,-146.95988,-144.1367,-53.60223,1.0
0.99738693,-0.025402939,0.06763159,0.0,0.031415444,0.99550235,-0.08937638,0.0,-0.06505695,0.09126752,0.9936991,0.0,-146.98059,-144.18626,-54.361378,1.0
0.99734116,-0.025781082,0.06816076,0.0,0.03175035,0.99561465,-0.08799644,0.0,-0.06559324,0.0899266,0.9937861,0.0,-146.92453,-144.16507,-54.859585,1.0
0.9970801,-0.025408037,0.07201204,0.0,0.03178321,0.99554104,-0.08881382,0.0,-0.06943434,0.09084326,0.9934417,0.0,-147.04149,-144.18144,-56.046616,1.0
0.99701655,-0.024653006,0.07314514,0.0,0.031210573,0.99546087,-0.0899083,0.0,-0.07059661,0.09192296,0.99326044,0.0,-147.13245,-144.28387,-57.177025,1.0
0.9970077,-0.023839664,0.07353413,0.0,0.030457836,0.9954546,-0.09023554,0.0,-0.071048744,0.09220522,0.99320203,0.0,-147.19797,-144.38095,-58.144077,1.0
0.9969468,-0.023425542,0.07448673,0.0,0.030096008,0.99551123,-0.08973048,0.0,-0.07205035,0.09169827,0.9931768,0.0,-147.24767,-144.4469,-59.00537,1.0
0.99686086,-0.023282444,0.07567269,0.0,0.030059524,0.99551594,-0.089690484,0.0,-0.07324512,0.09168362,0.99309075,0.0,-147.29353,-144.48236,-60.09412,1.0
0.996894,-0.022781095,0.07538819,0.0,0.029447181,0.9956383,-0.088528275,0.0,-0.07304258,0.09047327,0.9932167,0.0,-147.4012,-144.53215,-60.84507,1.0
0.99674857,-0.02148053,0.077658676,0.0,0.028441248,0.99556553,-0.08966804,0.0,-0.07538813,0.0915852,0.9929395,0.0,-147.57407,-144.6295,-62.197666,1.0
0.99667144,-0.020398345,0.07892933,0.0,0.027451333,0.9956236,-0.08933165,0.0,-0.07676168,0.09120103,0.9928696,0.0,-147.66524,-144.70927,-63.184906,1.0
0.996536,-0.019028714,0.08095609,0.0,0.026101923,0.99584615,-0.08723036,0.0,-0.07895996,0.08904131,0.9928932,0.0,-147.84578,-144.71312,-64.16148,1.0
0.99643666,-0.019745039,0.08200094,0.0,0.026803548,0.99594396,-0.0858903,0.0,-0.079972416,0.08778216,0.9929243,0.0,-147.54323,-144.55634,-65.287926,1.0
0.9964975,-0.020009499,0.08119295,0.0,0.027057206,0.9958711,-0.08665235,0.0,-0.07912379,0.08854571,0.9929245,0.0,-147.36227,-144.4839,-66.56879,1.0
0.9964057,-0.018092444,0.08275457,0.0,0.025307912,0.9958876,-0.08699106,0.0,-0.08084038,0.08877273,0.99276596,0.0,-147.64737,-144.44012,-67.91735,1.0
0.99624145,-0.016448235,0.085043624,0.0,0.02391517,0.9958737,-0.08754233,0.0,-0.08325278,0.08924713,0.992524,0.0,-147.85657,-144.35713,-69.24734,1.0
0.996356,-0.017355798,0.083506964,0.0,0.024526581,0.9960254,-0.0856263,0.0,-0.0816889,0.087362416,0.9928216,0.0,-147.57904,-144.29005,-70.05546,1.0
0.99624705,-0.017362645,0.08479631,0.0,0.024586461,0.99608576,-0.084903546,0.0,-0.08299024,0.08666974,0.99277437,0.0,-147.54578,-144.13724,-71.34817,1.0
0.9956121,-0.015054805,0.09235782,0.0,0.02297212,0.99609303,-0.08526982,0.0,-0.09071326,0.08701732,0.99206805,0.0,-148.01619,-144.0575,-73.02522,1.0
0.9960716,-0.014414718,0.08737065,0.0,0.021917785,0.99609405,-0.085535206,0.0,-0.08579642,0.087114155,0.9924969,0.0,-147.99185,-144.00133,-74.20439,1.0
0.99609286,-0.012727212,0.08739036,0.0,0.020144138,0.996218,-0.084521376,0.0,-0.085984096,0.085951544,0.992582,0.0,-148.31694,-144.02982,-75.2952,1.0
0.9961678,-0.012777127,0.08652496,0.0,0.019953307,0.996384,-0.082587875,0.0,-0.08515688,0.08399784,0.99282056,0.0,-148.13095,-143.90425,-76.15919,1.0
0.99620515,-0.012140512,0.086185515,0.0,0.019299312,0.99638575,-0.082722016,0.0,-0.0848697,0.08407141,0.9928389,0.0,-148.05383,-143.76425,-77.53235,1.0
0.99611294,-0.009792962,0.087538585,0.0,0.017109202,0.99638414,-0.08322209,0.0,-0.08640709,0.08439632,0.99267876,0.0,-148.28659,-143.65712,-79.056175,1.0
0.9955673,-0.009901324,0.0935288,0.0,0.01778937,0.9963167,-0.083884954,0.0,-0.09235373,0.08517694,0.99207646,0.0,-148.16933,-143.4146,-80.73511,1.0
0.99584657,-0.008809805,0.09062033,0.0,0.016450034,0.99633735,-0.08391241,0.0,-0.08954922,0.0850546,0.992344,0.0,-148.37375,-143.22847,-81.80104,1.0
0.99595577,-0.008595272,0.08943275,0.0,0.016005985,0.9964642,-0.082479596,0.0,-0.088407576,0.08357749,0.9925719,0.0,-148.42326,-143.04019,-82.70526,1.0
0.99609876,-0.007859961,0.08789471,0.0,0.015234953,0.99638677,-0.08355402,0.0,-0.08692036,0.08456712,0.9926194,0.0,-148.50809,-142.82234,-84.15797,1.0
0.9961345,-0.008492902,0.08742924,0.0,0.015687898,0.9965138,-0.08194013,0.0,-0.08642852,0.082994975,0.992795,0.0,-148.46646,-142.53954,-84.99773,1.0
0.9961677,-0.0086021125,0.08703977,0.0,0.015501464,0.9967617,-0.0789042,0.0,-0.08607917,0.079951055,0.99307513,0.0,-148.5414,-142.27734,-85.705246,1.0
0.9959723,-0.0066846693,0.089411974,0.0,0.013747748,0.9968103,-0.07861394,0.0,-0.088601284,0.079526514,0.9928874,0.0,-148.9504,-142.08662,-86.8429,1.0
0.9961796,-0.0060800626,0.087116495,0.0,0.013032331,0.9967529,-0.07945934,0.0,-0.08635056,0.0802911,0.9930241,0.0,-148.94601,-141.87971,-87.92595,1.0
0.99632823,-0.0060248217,0.08540385,0.0,0.012795792,0.99679583,-0.0789577,0.0,-0.084654465,0.07976059,0.9932129,0.0,-148.8835,-141.74214,-88.75332,1.0
0.99633783,-0.004787537,0.08536976,0.0,0.011432275,0.9969255,-0.077516794,0.0,-0.08473617,0.078208886,0.99332935,0.0,-149.05043,-141.61392,-89.3965,1.0
0.99638814,-0.003950509,0.08482403,0.0,0.010463155,0.99701685,-0.07647173,0.0,-0.084268875,0.07708305,0.9934571,0.0,-149.09401,-141.41074,-90.13301,1.0
0.9963304,-0.0027532808,0.08554645,0.0,0.009326787,0.9970231,-0.07653708,0.0,-0.08508108,0.07705409,0.9933901,0.0,-149.3223,-141.23256,-91.14036,1.0
0.9962768,-0.0019154709,0.08619122,0.0,0.008411218,0.9971432,-0.07506448,0.0,-0.08580119,0.07550997,0.9934467,0.0,-149.55588,-141.07974,-91.772766,1.0
0.99633175,-0.0017445072,0.08555721,0.0,0.00820207,0.997136,-0.07518329,0.0,-0.08518101,0.07560924,0.9934926,0.0,-149.63974,-140.93675,-92.551895,1.0
0.99618024,-0.0014149918,0.087309234,0.0,0.008042652,0.9971054,-0.075605266,0.0,-0.08694954,0.07601867,0.99330807,0.0,-149.80063,-140.8303,-93.51528,1.0
0.9960287,-0.0006257941,0.08903037,0.0,0.0074026,0.9970949,-0.07580814,0.0,-0.08872427,0.07616614,0.99313986,0.0,-150.00838,-140.75912,-94.50457,1.0
0.9961666,-0.00042340643,0.08747551,0.0,0.006893001,0.99725884,-0.07367011,0.0,-0.08720455,0.07399067,0.99343884,0.0,-150.03625,-140.61125,-94.99322,1.0
0.99617535,0.00024702263,0.087376125,0.0,0.0061648013,0.9973052,-0.07310442,0.0,-0.08715872,0.073363476,0.9934894,0.0,-150.1735,-140.40454,-95.75157,1.0
0.9960367,0.00091104704,0.08893854,0.0,0.005636959,0.9972907,-0.07334499,0.0,-0.0887644,0.07355564,0.993333,0.0,-150.29398,-140.23131,-96.77309,1.0
0.99603635,0.0010421902,0.08894039,0.0,0.005531679,0.9972699,-0.07363471,0.0,-0.088774286,0.07383484,0.9933114,0.0,-150.29567,-140.08362,-97.7626,1.0
0.99603254,0.0013311881,0.08898003,0.0,0.0052180025,0.99729407,-0.07332979,0.0,-0.08883685,0.07350315,0.9933304,0.0,-150.32312,-139.90381,-98.703354,1.0
0.99603814,0.00079683965,0.088923946,0.0,0.0056007104,0.99741256,-0.07167136,0.0,-0.08875097,0.071885444,0.9934565,0.0,-150.19058,-139.66516,-99.32281,1.0
0.995984,5.1454335e-05,0.089531355,0.0,0.006138071,0.99760777,-0.06885582,0.0,-0.0893207,0.06912884,0.993601,0.0,-150.08891,-139.36028,-99.85693,1.0
0.99606,-0.00024377598,0.08868121,0.0,0.006350665,0.9976249,-0.0685878,0.0,-0.08845385,0.06888075,0.9936958,0.0,-150.07578,-139.0733,-100.89042,1.0
0.9960735,0.00019582661,0.08853065,0.0,0.0059340843,0.997601,-0.06897206,0.0,-0.08833176,0.069226585,0.9936826,0.0,-150.1464,-138.8845,-101.82543,1.0
0.9958822,0.00111075,0.09064966,0.0,0.005284611,0.9975133,-0.07027981,0.0,-0.09050231,0.07046946,0.9933999,0.0,-150.21239,-138.71294,-103.01249,1.0
0.9957729,0.0019485985,0.09182874,0.0,0.0046415487,0.99742997,-0.071497425,0.0,-0.091732055,0.071621425,0.9932047,0.0,-150.2482,-138.46667,-104.17916,1.0
0.99594,0.0021579054,0.08999344,0.0,0.004286359,0.9974419,-0.071353436,0.0,-0.08991718,0.07144948,0.99338305,0.0,-150.18944,-138.1224,-104.96794,1.0
0.99605715,0.0022769524,0.08868425,0.0,0.004010445,0.99749285,-0.07065377,0.0,-0.08862278,0.07073085,0.9935508,0.0,-150.18367,-137.74576,-105.76152,1.0
0.9959571,0.0029947204,0.08978032,0.0,0.0034167701,0.99745804,-0.071174435,0.0,-0.08976528,0.07119344,0.9934152,0.0,-150.33794,-137.35258,-106.860214,1.0
0.9960469,0.002786243,0.08878525,0.0,0.0036109865,0.9974117,-0.071810834,0.0,-0.088755555,0.07184756,0.99345875,0.0,-150.29266,-137.07434,-107.52094,1.0
0.996078,0.0023939565,0.08844686,0.0,0.004164621,0.9972574,-0.07389384,0.0,-0.08838119,0.073972374,0.99333626,0.0,-150.21223,-136.77641,-108.52927,1.0
0.9959519,0.0022481151,0.08985968,0.0,0.0045400565,0.99715316,-0.07526617,0.0,-0.089773044,0.07536945,0.99310637,0.0,-150.21642,-136.58768,-109.306335,1.0
0.99582773,0.0023339277,0.09122313,0.0,0.0047535948,0.9969888,-0.0773999,0.0,-0.09112907,0.07751061,0.992818,0.0,-150.24385,-136.40414,-110.26676,1.0
0.9958892,0.0024775781,0.090546325,0.0,0.004637034,0.99692065,-0.0782795,0.0,-0.09046147,0.07837758,0.992811,0.0,-150.22328,-136.25703,-110.987305,1.0
0.9958331,0.0028421949,0.09115006,0.0,0.0042405515,0.99698985,-0.077416524,0.0,-0.09109572,0.07748047,0.9928234,0.0,-150.27116,-136.10556,-111.57324,1.0
0.99564946,0.0035605123,0.09310987,0.0,0.0036180294,0.9970388,-0.07681525,0.0,-0.093107656,0.07681793,0.99268824,0.0,-150.37761,-135.9352,-112.28503,1.0
0.99562097,0.0036148776,0.093412034,0.0,0.0035697962,0.997053,-0.07663242,0.0,-0.09341377,0.0766303,0.992674,0.0,-150.33467,-135.79855,-113.06738,1.0
0.9955848,0.004140885,0.093774855,0.0,0.0030349565,0.9970841,-0.07625035,0.0,-0.09381717,0.076198295,0.9926692,0.0,-150.44785,-135.73418,-113.79699,1.0
0.99545664,0.004660256,0.09510197,0.0,0.0026259653,0.9970779,-0.07634621,0.0,-0.09517988,0.07624908,0.99253553,0.0,-150.56253,-135.6415,-114.697,1.0
0.9954123,0.004187156,0.09558676,0.0,0.0030882799,0.9971153,-0.075838834,0.0,-0.095628545,0.07578611,0.9925279,0.0,-150.5331,-135.5055,-115.47692,1.0
0.9954436,0.0042112693,0.09525973,0.0,0.0030805566,0.9970824,-0.07627048,0.0,-0.09530296,0.07621641,0.9925263,0.0,-150.60483,-135.36116,-116.423225,1.0
0.9952397,0.00488168,0.09733538,0.0,0.0027314525,0.99695516,-0.07792918,0.0,-0.09741945,0.07782407,0.992196,0.0,-150.77019,-135.19807,-117.68575,1.0
0.9952326,0.0049309903,0.09740531,0.0,0.002662481,0.99697524,-0.07767402,0.0,-0.0974937,0.077563055,0.9922091,0.0,-150.83466,-135.10588,-118.62639,1.0
0.99530107,0.005657089,0.09666337,0.0,0.0018208867,0.99702185,-0.077098206,0.0,-0.09681165,0.07691194,0.9923266,0.0,-151.0011,-135.02104,-119.49389,1.0
0.9952008,0.007228782,0.09758637,0.0,0.00034764098,0.99700016,-0.07739878,0.0,-0.09785312,0.07706125,0.99221283,0.0,-151.26378,-134.89616,-120.519226,1.0
0.995159,0.008549093,0.09790607,0.0,-0.00095005607,0.9969996,-0.07740055,0.0,-0.09827405,0.07693283,0.9921812,0.0,-151.43529,-134.6679,-121.4483,1.0
0.9951949,0.009159727,0.097484246,0.0,-0.0016831718,0.997068,-0.07650245,0.0,-0.09789917,0.07597077,0.9922924,0.0,-151.49911,-134.41284,-122.112686,1.0
0.99526936,0.009503351,0.0966878,0.0,-0.0019706252,0.9969743,-0.077706724,0.0,-0.09713371,0.077148594,0.9922767,0.0,-151.47293,-134.18701,-123.054665,1.0
0.9953096,0.009397544,0.09628363,0.0,-0.001668965,0.9967905,-0.08003695,0.0,-0.09672674,0.079500854,0.9921308,0.0,-151.33524,-133.9125,-124.10457,1.0
0.99536633,0.009706945,0.09566397,0.0,-0.001853143,0.9966432,-0.08184695,0.0,-0.09613732,0.081290424,0.9920431,0.0,-151.37038,-133.68994,-125.058754,1.0
0.99539554,0.009096183,0.095419884,0.0,-0.0010651667,0.9964753,-0.08388037,0.0,-0.09584661,0.08339251,0.99189675,0.0,-151.29204,-133.53046,-126.008766,1.0
0.99516696,0.007667996,0.09789759,0.0,0.00077387464,0.99630314,-0.08590387,0.0,-0.09819438,0.08556445,0.991482,0.0,-151.05316,-133.39334,-126.97409,1.0
0.99498826,0.0067264386,0.09976525,0.0,0.0020100984,0.9961877,-0.087212965,0.0,-0.0999715,0.08697642,0.9911815,0.0,-150.8088,-133.19463,-127.878944,1.0
0.99483156,0.0064965207,0.10133068,0.0,0.0024922977,0.99608815,-0.088329814,0.0,-0.101508155,0.08812583,0.9909238,0.0,-150.7306,-132.98898,-128.85704,1.0
0.9948933,0.004931154,0.10081137,0.0,0.003939998,0.9961471,-0.08760949,0.0,-0.10085498,0.08755929,0.9910407,0.0,-150.43573,-132.76945,-129.51129,1.0
0.9948803,0.0050583,0.10093342,0.0,0.0038204067,0.99615026,-0.087579265,0.0,-0.100987874,0.0875165,0.99103093,0.0,-150.42755,-132.58041,-130.35779,1.0
0.99475783,0.0060490165,0.10207972,0.0,0.0030167324,0.99607843,-0.08842318,0.0,-0.10221425,0.08826759,0.9908386,0.0,-150.58443,-132.43338,-131.29068,1.0
0.99506605,0.0061813444,0.09902216,0.0,0.002583718,0.99610436,-0.08814426,0.0,-0.09918124,0.0879652,0.9911736,0.0,-150.63368,-132.3826,-132.09648,1.0
0.9952573,0.0056575676,0.09711308,0.0,0.0027084013,0.99630874,-0.08579938,0.0,-0.09724003,0.08565548,0.99156827,0.0,-150.4273,-132.37343,-132.47209,1.0
0.9951888,0.006534437,0.0977578,0.0,0.0018888954,0.9963084,-0.085825585,0.0,-0.09795773,0.085597314,0.9915026,0.0,-150.3821,-132.4087,-133.28722,1.0
0.99501306,0.0062468178,0.099549174,0.0,0.0025688438,0.996101,-0.088182494,0.0,-0.09971188,0.08799846,0.9911174,0.0,-150.08356,-132.35051,-134.53186,1.0
0.9948685,0.00443001,0.101079226,0.0,0.0044688433,0.99614197,-0.0876424,0.0,-0.10107754,0.08764437,0.9910105,0.0,-149.54941,-132.21198,-135.40826,1.0
0.99497557,0.004168265,0.10003142,0.0,0.004457858,0.9962976,-0.085855916,0.0,-0.10001895,0.08587046,0.99127316,0.0,-149.3309,-132.08742,-136.06155,1.0
0.99499947,0.003061356,0.099833146,0.0,0.0054745195,0.99635607,-0.08511542,0.0,-0.09972997,0.08523633,0.99135697,0.0,-148.92938,-131.91005,-136.86087,1.0
0.99467355,0.00088013144,0.103071555,0.0,0.007881719,0.9963864,-0.084569246,0.0,-0.102773584,0.08493117,0.9910723,0.0,-148.38678,-131.72304,-137.74649,1.0
0.99425995,-0.0008936841,0.106987536,0.0,0.009914502,0.99643207,-0.08381438,0.0,-0.10653093,0.084394015,0.9907214,0.0,-147.88988,-131.4453,-138.58687,1.0
0.9947537,-0.00065124873,0.10229699,0.0,0.0092567755,0.9964504,-0.08367083,0.0,-0.10187938,0.084178805,0.9912288,0.0,-147.79391,-131.25113,-139.29066,1.0
0.99484867,3.8148504e-05,0.10137094,0.0,0.008449773,0.99648863,-0.0833006,0.0,-0.10101815,0.08372805,0.9913551,0.0,-147.89102,-131.11021,-139.99136,1.0
0.9948871,0.00092179334,0.10098896,0.0,0.007544109,0.99648625,-0.08341595,0.0,-0.10071102,0.08375133,0.9913844,0.0,-148.03958,-131.00926,-140.7862,1.0
0.9948212,0.00086601335,0.1016368,0.0,0.007701929,0.9964464,-0.08387691,0.0,-0.10134823,0.08422533,0.9912793,0.0,-147.94667,-130.83853,-141.7758,1.0
0.9948394,0.0009615378,0.10145819,0.0,0.00743336,0.99657726,-0.08233192,0.0,-0.10119005,0.08266121,0.9914271,0.0,-147.94571,-130.65706,-142.24055,1.0
0.9947489,0.0007465002,0.10234277,0.0,0.007766332,0.9965396,-0.08275588,0.0,-0.10205043,0.08311615,0.9913009,0.0,-147.87129,-130.4328,-143.11824,1.0
0.9947934,-0.00015950619,0.101911776,0.0,0.008654933,0.9965183,-0.082923904,0.0,-0.10154372,0.083374195,0.9913313,0.0,-147.67648,-130.16435,-143.86826,1.0
0.99470305,-0.0012311577,0.10278327,0.0,0.0099015385,0.9964259,-0.08388847,0.0,-0.10231262,0.08446183,0.9911601,0.0,-147.45457,-129.87198,-144.81459,1.0
0.99461126,-0.0028923936,0.103633985,0.0,0.011789897,0.9962816,-0.08534582,0.0,-0.10300174,0.08610775,0.99094707,0.0,-147.093,-129.5783,-145.71495,1.0
0.9946001,-0.0033097789,0.1037285,0.0,0.012362141,0.9961535,-0.08674895,0.0,-0.10304238,0.08756283,0.99081534,0.0,-147.14856,-129.43999,-146.57437,1.0
0.9946635,-0.002756564,0.103135854,0.0,0.011874325,0.9960589,-0.08789627,0.0,-0.1024871,0.08865188,0.99077606,0.0,-147.46648,-129.359,-147.42754,1.0
0.99464244,-0.002989979,0.10333223,0.0,0.012251114,0.9959467,-0.0891069,0.0,-0.10264698,0.089895435,0.9906475,0.0,-147.50096,-129.13943,-148.36578,1.0
0.9945756,-0.0032035375,0.10396694,0.0,0.0125786625,0.99589443,-0.08964427,0.0,-0.10325293,0.09046576,0.9905326,0.0,-147.50209,-128.94724,-149.21654,1.0
0.9943153,-0.005166911,0.10635036,0.0,0.014643485,0.99596673,-0.088520326,0.0,-0.10546408,0.08957445,0.9903806,0.0,-147.12068,-128.76526,-149.86073,1.0
0.9939488,-0.006529029,0.10964995,0.0,0.016237585,0.9959984,-0.08788354,0.0,-0.10863738,0.08913219,0.99007744,0.0,-146.81592,-128.57289,-150.6314,1.0
0.99451697,-0.0049146046,0.10445954,0.0,0.014136218,0.9960446,-0.08772337,0.0,-0.10361524,0.08871905,0.99065274,0.0,-147.16254,-128.43106,-151.19801,1.0
0.9945249,-0.0055083954,0.10435477,0.0,0.014742922,0.9960177,-0.08792835,0.0,-0.103454836,0.08898542,0.99064565,0.0,-146.99413,-128.30408,-151.93423,1.0
0.9944514,-0.0057373196,0.1050402,0.0,0.015239562,0.99583554,-0.089885354,0.0,-0.10408705,0.090987384,0.9903975,0.0,-146.80177,-128.17032,-153.14949,1.0
0.9943559,-0.0063960482,0.10590266,0.0,0.015925912,0.9958696,-0.08938774,0.0,-0.10489347,0.09056982,0.99035066,0.0,-146.58572,-128.04266,-153.99551,1.0
0.99419713,-0.00694194,0.10734952,0.0,0.016674899,0.9957989,-0.09003637,0.0,-0.106273495,0.091303945,0.99013615,0.0,-146.37221,-127.95772,-155.14104,1.0
0.9942521,-0.007075536,0.10683067,0.0,0.016933044,0.9956474,-0.09164952,0.0,-0.10571715,0.09293169,0.99004424,0.0,-146.17943,-127.877975,-156.3052,1.0
0.9942753,-0.00710663,0.10661207,0.0,0.017028227,0.9955723,-0.09244337,0.0,-0.1054831,0.09372957,0.989994,0.0,-146.03139,-127.774765,-157.3476,1.0
0.99423623,-0.005931715,0.10704724,0.0,0.015972601,0.99552053,-0.093186855,0.0,-0.106015004,0.09435957,0.98987734,0.0,-146.1214,-127.61267,-158.61423,1.0
0.9941614,-0.004701881,0.10780089,0.0,0.014856729,0.9954998,-0.093591675,0.0,-0.10687572,0.0946468,0.9897573,0.0,-146.23451,-127.37221,-159.6729,1.0
0.99414897,-0.0043732473,0.107929334,0.0,0.014448942,0.99558455,-0.09275016,0.0,-0.107047155,0.093766935,0.98982257,0.0,-146.26976,-127.09709,-160.5061,1.0
0.99419975,-0.0046233917,0.10744986,0.0,0.014390651,0.9958103,-0.090304054,0.0,-0.10658213,0.09132654,0.99010086,0.0,-146.29695,-126.846924,-161.15872,1.0
0.9940757,-0.004378036,0.10860137,0.0,0.0140969,0.99594206,-0.08888575,0.0,-0.1077715,0.08989011,0.99010354,0.0,-146.41873,-126.61255,-161.85275,1.0
0.99409974,-0.0044434057,0.108378634,0.0,0.01426784,0.99583566,-0.09004316,0.0,-0.10752721,0.09105821,0.9900234,0.0,-146.36325,-126.459335,-162.93877,1.0
0.99407685,-0.0047447616,0.10857584,0.0,0.0146563,0.99577296,-0.09067194,0.0,-0.10768668,0.09172619,0.9899444,0.0,-146.268,-126.28645,-163.88507,1.0
0.9939849,-0.0052327975,0.10939231,0.0,0.015239199,0.99574906,-0.090838,0.0,-0.10845196,0.09195864,0.9898393,0.0,-146.14839,-126.03482,-164.82161,1.0
0.99401236,-0.0054000327,0.109134026,0.0,0.015338892,0.99578404,-0.090437256,0.0,-0.10818555,0.091569744,0.9899045,0.0,-146.10449,-125.84538,-165.64934,1.0
0.99403167,-0.004899263,0.10898193,0.0,0.014872105,0.99575025,-0.090885736,0.0,-0.108073495,0.091964096,0.9898802,0.0,-146.15411,-125.73529,-166.55244,1.0
0.9940387,-0.0049582585,0.108914934,0.0,0.015005277,0.9956808,-0.09162178,0.0,-0.10799028,0.0927099,0.9898197,0.0,-146.09659,-125.6357,-167.39015,1.0
