0.99858904,0.05153134,-0.012824892,0.0,-0.05156532,0.9986669,-0.002332505,0.0,0.012687564,0.0029905338,0.999915,0.0,-125.88524,-139.55345,119.87132,1.0
0.99854225,0.051903855,-0.014809818,0.0,-0.051939547,0.99864817,-0.002035306,0.0,0.014684183,0.0028015543,0.99988824,0.0,-125.85778,-139.58864,119.200226,1.0
0.99848646,0.05308482,-0.014377927,0.0,-0.053108856,0.9985879,-0.0012948489,0.0,0.014288838,0.0020564815,0.99989575,0.0,-125.93033,-139.49763,118.74538,1.0
0.9984716,0.053289983,-0.014648794,0.0,-0.05330925,0.9985776,-0.00092767156,0.0,0.014578555,0.0017071721,0.9998923,0.0,-125.89537,-139.36342,118.256775,1.0
0.9984871,0.053097125,-0.014287445,0.0,-0.05311906,0.9985875,-0.0011597505,0.0,0.014205663,0.001916931,0.99989724,0.0,-125.95686,-139.20456,117.78443,1.0
0.9985041,0.05261662,-0.014868292,0.0,-0.05265142,0.99861103,-0.001958667,0.0,0.01474462,0.0027385748,0.9998875,0.0,-125.985085,-139.0675,117.27726,1.0
0.99851644,0.05214329,-0.01568456,0.0,-0.052184496,0.998635,-0.0022291485,0.0,0.015546864,0.0030443298,0.99987453,0.0,-125.958954,-138.92908,116.827286,1.0
0.99851805,0.051533125,-0.017495688,0.0,-0.05160698,0.99866027,-0.00379587,0.0,0.017276624,0.0046931454,0.9998397,0.0,-125.77996,-138.61174,115.47987,1.0
0.99855334,0.050932463,-0.017239427,0.0,-0.05105388,0.99867356,-0.0066776704,0.0,0.016876433,0.0075481497,0.9998291,0.0,-125.80148,-138.40445,114.364876,1.0
0.9986107,0.04993878,-0.0168176,0.0,-0.050113555,0.9986921,-0.010136261,0.0,0.016289398,0.010964968,0.9998072,0.0,-125.77088,-138.1555,113.111,1.0
0.9986717,0.048238706,-0.018106138,0.0,-0.048467614,0.99874747,-0.012423716,0.0,0.017484134,0.013284774,0.9997589,0.0,-125.55387,-137.8868,111.953064,1.0
0.99872035,0.04685996,-0.019019168,0.0,-0.047127075,0.9987929,-0.013847697,0.0,0.01834731,0.014726295,0.9997232,0.0,-125.39521,-137.63293,110.890015,1.0
0.99880254,0.04582282,-0.017137187,0.0,-0.046111185,0.99879456,-0.016828008,0.0,0.01634538,0.017598072,0.9997115,0.0,-125.36645,-137.27296,109.30302,1.0
0.9988922,0.04416189,-0.016250934,0.0,-0.044425353,0.9988809,-0.01622508,0.0,0.015516241,0.016929058,0.9997363,0.0,-125.121216,-136.92361,108.26295,1.0
0.9989161,0.043864902,-0.015575972,0.0,-0.044082247,0.9989313,-0.013895835,0.0,0.0149497725,0.014567396,0.99978215,0.0,-125.041245,-136.63266,107.35701,1.0
0.9989242,0.043664336,-0.015614339,0.0,-0.043840233,0.9989768,-0.011105984,0.0,0.015113416,0.0117785735,0.9998164,0.0,-124.96184,-136.29504,106.48347,1.0
0.99893945,0.043172855,-0.016000845,0.0,-0.04332371,0.99901867,-0.009204519,0.0,0.015587739,0.009887974,0.9998296,0.0,-124.86649,-135.91911,105.579414,1.0
0.99897015,0.0427425,-0.015222314,0.0,-0.04290049,0.9990272,-0.010208068,0.0,0.014771153,0.010850599,0.999832,0.0,-124.88659,-135.64082,104.59284,1.0
0.9990017,0.042184636,-0.014702019,0.0,-0.042363822,0.999029,-0.012097419,0.0,0.014177471,0.012708176,0.99981874,0.0,-124.86716,-135.2842,103.30748,1.0
0.9990321,0.04163613,-0.014191275,0.0,-0.04182795,0.99903363,-0.013498865,0.0,0.013615544,0.014079391,0.99980813,0.0,-124.83966,-134.91985,102.04116,1.0
0.99905896,0.041215308,-0.013509847,0.0,-0.0413884,0.9990612,-0.012793442,0.0,0.012969875,0.013340553,0.9998269,0.0,-124.82099,-134.59233,101.06463,1.0
0.99908096,0.040636033,-0.013636878,0.0,-0.040818896,0.99907655,-0.013410329,0.0,0.013079354,0.013954646,0.9998171,0.0,-124.72635,-134.2252,99.84885,1.0
0.999143,0.039283067,-0.013043605,0.0,-0.039439596,0.9991503,-0.011968127,0.0,0.012562404,0.012472306,0.9998433,0.0,-124.5257,-133.46489,97.84278,1.0
0.9991699,0.039137226,-0.0113045685,0.0,-0.039278697,0.99914914,-0.012576206,0.0,0.010802792,0.013009797,0.999857,0.0,-124.516136,-133.06987,96.72212,1.0
0.9991873,0.039121293,-0.009708841,0.0,-0.039254244,0.9991325,-0.013903705,0.0,0.009156483,0.014273518,0.99985623,0.0,-124.48075,-132.67111,95.52614,1.0
0.9991912,0.03932541,-0.008392821,0.0,-0.03946795,0.99906665,-0.017553516,0.0,0.0076946984,0.017870564,0.9998107,0.0,-124.21274,-131.88528,93.07293,1.0
0.9991766,0.03991659,-0.0072626863,0.0,-0.040045813,0.99902445,-0.018614477,0.0,0.0065126005,0.01888999,0.9998003,0.0,-124.12529,-131.54146,91.9261,1.0
0.9991514,0.04072131,-0.006179133,0.0,-0.04083014,0.9989921,-0.01864775,0.0,0.005413561,0.018884221,0.999807,0.0,-124.068474,-131.25496,90.89072,1.0
0.9991125,0.041807976,-0.0051247175,0.0,-0.041898806,0.9989388,-0.019125344,0.0,0.0043197214,0.01932309,0.99980396,0.0,-124.03664,-130.85876,88.61877,1.0
0.9991164,0.04169697,-0.005263196,0.0,-0.041797392,0.998912,-0.02068343,0.0,0.0043950467,0.020885143,0.99977225,0.0,-123.95691,-130.67793,87.263115,1.0
0.99911463,0.041586906,-0.0063664694,0.0,-0.04170205,0.9989462,-0.019170487,0.0,0.0055624917,0.019419009,0.999796,0.0,-123.852554,-130.56831,86.350395,1.0
0.99911547,0.04163948,-0.0058648163,0.0,-0.0417647,0.9988592,-0.02315125,0.0,0.004894114,0.023375718,0.99971473,0.0,-123.697586,-130.26572,83.79422,1.0
0.9991265,0.04142677,-0.0054869973,0.0,-0.04155072,0.998828,-0.024823552,0.0,0.004452188,0.025029857,0.9996768,0.0,-123.584946,-130.15758,82.45079,1.0
0.9991261,0.041347697,-0.0061179823,0.0,-0.04149116,0.99881214,-0.025550468,0.0,0.005054292,0.025781982,0.99965477,0.0,-123.23239,-129.973,80.10194,1.0
0.9991484,0.040820513,-0.00600592,0.0,-0.04096318,0.9988239,-0.02594017,0.0,0.0049399636,0.026164101,0.9996455,0.0,-122.968315,-129.90427,78.891556,1.0
0.9991773,0.040195983,-0.005392269,0.0,-0.040322665,0.99885076,-0.025907278,0.0,0.0043447344,0.026103396,0.9996498,0.0,-122.73432,-129.89162,77.85631,1.0
0.9992558,0.038079977,-0.006144604,0.0,-0.03824587,0.99882925,-0.029621532,0.0,0.005009418,0.029834494,0.9995423,0.0,-122.05166,-129.97496,74.886406,1.0
0.99929816,0.03691123,-0.006381682,0.0,-0.03708591,0.99886614,-0.029851574,0.0,0.005272562,0.030067293,0.99953395,0.0,-121.67139,-130.03284,73.547165,1.0
0.9993809,0.034883454,-0.0045850365,0.0,-0.035013348,0.99886733,-0.03221911,0.0,0.0034559222,0.032359697,0.9994703,0.0,-121.10003,-129.89313,69.89043,1.0
0.9993889,0.034941103,-0.001015334,0.0,-0.034955636,0.9988589,-0.03254051,0.0,-0.0001228485,0.032556117,0.9994699,0.0,-121.031425,-129.8399,68.18016,1.0
0.9993837,0.035025697,0.0023568014,0.0,-0.03493207,0.9988734,-0.032120213,0.0,-0.0034791967,0.032018088,0.9994812,0.0,-120.99463,-129.78096,66.57444,1.0
0.9994069,0.034297246,0.0030937605,0.0,-0.03419291,0.9989915,-0.02910031,0.0,-0.004088722,0.028977266,0.9995717,0.0,-120.725685,-129.63101,64.11217,1.0
0.9994133,0.034098376,0.0032116605,0.0,-0.033991173,0.9990016,-0.028988352,0.0,-0.0041969027,0.028862178,0.9995746,0.0,-120.63229,-129.5617,63.026146,1.0
0.9994322,0.03356023,0.0030052813,0.0,-0.03345722,0.9990051,-0.02948755,0.0,-0.003991877,0.02937026,0.9995606,0.0,-120.515884,-129.49342,61.90019,1.0
0.999488,0.031974208,0.001190637,0.0,-0.031922664,0.9990193,-0.03068097,0.0,-0.0021704552,0.03062725,0.9995285,0.0,-120.264496,-129.45502,60.757504,1.0
0.999552,0.029909,0.001098435,0.0,-0.029849635,0.99889815,-0.03621482,0.0,-0.0021803435,0.03616581,0.99934345,0.0,-120.017204,-129.43065,58.317028,1.0
0.99955636,0.02970172,0.0022019465,0.0,-0.029596103,0.99883246,-0.038180243,0.0,-0.003333405,0.038098138,0.9992684,0.0,-120.001976,-129.46693,56.776684,1.0
0.99956256,0.029537983,0.0014835251,0.0,-0.02946519,0.9989131,-0.03611602,0.0,-0.0025487025,0.03605651,0.9993465,0.0,-119.73358,-129.44037,56.264557,1.0
0.99947757,0.03226237,0.0019602445,0.0,-0.032172997,0.99885684,-0.035354275,0.0,-0.0030986364,0.035272736,0.9993729,0.0,-119.89268,-129.6438,54.66962,1.0
0.99945307,0.033054266,0.00095389195,0.0,-0.032998458,0.9988055,-0.036035813,0.0,-0.0021438869,0.035984628,0.9993501,0.0,-119.80454,-129.71136,53.82959,1.0
0.9994381,0.033496033,0.0012137898,0.0,-0.033427473,0.9987445,-0.037309837,0.0,-0.0024620122,0.0372483,0.999303,0.0,-119.71623,-129.81049,52.7368,1.0
0.9994151,0.034075066,0.0028982582,0.0,-0.0339463,0.9987528,-0.036614288,0.0,-0.004142307,0.036494486,0.9993253,0.0,-119.52272,-129.99377,50.979057,1.0
0.9994011,0.034417603,0.0035858823,0.0,-0.03426075,0.9987209,-0.037186358,0.0,-0.0048611737,0.037041232,0.9993019,0.0,-119.45073,-130.00148,49.968628,1.0
0.9993564,0.035505123,0.0051096617,0.0,-0.035289485,0.99867547,-0.037442967,0.0,-0.006432297,0.037238553,0.9992857,0.0,-119.21033,-130.11873,47.308533,1.0
0.9993263,0.03617709,0.006174432,0.0,-0.035916828,0.99863034,-0.03804557,0.0,-0.007542351,0.037798174,0.9992569,0.0,-119.08738,-130.18617,45.802803,1.0
0.99924934,0.03758984,0.009368301,0.0,-0.037209243,0.9985871,-0.037938,0.0,-0.010781177,0.037560932,0.9992362,0.0,-118.97846,-130.43044,42.89645,1.0
0.9992285,0.037882563,0.010366181,0.0,-0.037480198,0.9986273,-0.03658867,0.0,-0.0117379865,0.03617191,0.99927664,0.0,-118.884056,-130.55183,41.745884,1.0
0.99919116,0.038321532,0.012184239,0.0,-0.03786837,0.998653,-0.035470046,0.0,-0.0135271,0.034979958,0.9992965,0.0,-118.84137,-130.70085,40.529797,1.0
0.999138,0.038746223,0.014897014,0.0,-0.038200293,0.9986452,-0.03533372,0.0,-0.01624593,0.03473419,0.99926454,0.0,-118.8114,-130.90912,39.1384,1.0
0.9992068,0.036825385,0.015152754,0.0,-0.036248893,0.99866843,-0.036707,0.0,-0.016484307,0.036128614,0.9992112,0.0,-118.05209,-131.30971,36.960888,1.0
0.9991889,0.03690555,0.016108487,0.0,-0.03629446,0.9986667,-0.036708526,0.0,-0.017441774,0.036094103,0.99919623,0.0,-117.86199,-131.4647,36.08923,1.0
0.99922574,0.034969073,0.018031036,0.0,-0.03428503,0.99872905,-0.036944255,0.0,-0.019300058,0.036297455,0.9991546,0.0,-117.184166,-131.7638,34.126045,1.0
0.9992366,0.034387946,0.018540531,0.0,-0.033675384,0.99873036,-0.037464414,0.0,-0.019805314,0.036811456,0.99912596,0.0,-116.89267,-131.88403,33.018192,1.0
0.9992359,0.033933636,0.019391693,0.0,-0.033202343,0.9987685,-0.036864895,0.0,-0.020618783,0.036192875,0.99913204,0.0,-116.64325,-132.30696,30.916348,1.0
0.99924266,0.033403173,0.019958029,0.0,-0.032659434,0.9988,-0.03649609,0.0,-0.021153128,0.035816632,0.9991345,0.0,-116.42622,-132.5256,29.64809,1.0
0.999244,0.033661317,0.019450262,0.0,-0.032997277,0.99889356,-0.033508185,0.0,-0.02055667,0.032841045,0.99924916,0.0,-116.148865,-133.038,27.348349,1.0
0.99920976,0.033783514,0.020941902,0.0,-0.033068527,0.99888825,-0.033595737,0.0,-0.022053663,0.03287667,0.9992161,0.0,-116.00004,-133.18233,25.978807,1.0
0.99928904,0.031812724,0.020233376,0.0,-0.031112295,0.9989362,-0.03403804,0.0,-0.021294694,0.033384334,0.99921566,0.0,-115.27788,-133.31311,23.296547,1.0
0.9992654,0.0322116,0.020765563,0.0,-0.03147679,0.99889874,-0.03479158,0.0,-0.021863408,0.034112386,0.9991788,0.0,-115.26952,-133.38512,21.975342,1.0
0.9992622,0.03198434,0.021260541,0.0,-0.03115315,0.99877906,-0.03833955,0.0,-0.02246088,0.037648935,0.9990386,0.0,-114.74315,-133.51677,19.199526,1.0
0.99926305,0.03218029,0.020923913,0.0,-0.031345654,0.99874496,-0.039062984,0.0,-0.02215475,0.03837832,0.99901766,0.0,-114.492256,-133.64592,18.049774,1.0
0.99918646,0.034300048,0.021212595,0.0,-0.033451006,0.9986728,-0.039162207,0.0,-0.022527719,0.038420767,0.9990077,0.0,-114.637474,-133.86243,16.92212,1.0
0.9991287,0.035567686,0.02183598,0.0,-0.034643576,0.9985447,-0.04133252,0.0,-0.023274308,0.04054003,0.99890685,0.0,-114.13371,-133.91338,14.316061,1.0
0.99905217,0.03766302,0.021821983,0.0,-0.036753915,0.9984968,-0.040661894,0.0,-0.023320658,0.03982131,0.9989346,0.0,-114.365364,-134.14717,13.222093,1.0
0.9989353,0.039982833,0.02301573,0.0,-0.039019264,0.99840134,-0.040893503,0.0,-0.02461396,0.039951906,0.99889845,0.0,-114.441444,-134.25397,11.974092,1.0
0.9989812,0.039803002,0.021267913,0.0,-0.03896401,0.99849844,-0.038505137,0.0,-0.022768604,0.037637226,0.9990321,0.0,-113.7541,-134.58264,10.117218,1.0
0.9989131,0.04051943,0.023037383,0.0,-0.039612498,0.99847126,-0.038548093,0.0,-0.02456409,0.037593625,0.99899113,0.0,-113.587395,-134.65533,8.969233,1.0
0.998855,0.04173275,0.023388546,0.0,-0.040766627,0.99835306,-0.04036454,0.0,-0.02503456,0.039364856,0.99891126,0.0,-113.29449,-134.79828,6.758117,1.0
0.9988259,0.041943647,0.02423852,0.0,-0.040906128,0.9982873,-0.041822273,0.0,-0.0259512,0.04078167,0.99883103,0.0,-113.13043,-134.92188,5.685556,1.0
0.99876934,0.042415075,0.025706304,0.0,-0.041273337,0.9982037,-0.04342677,0.0,-0.027502056,0.04231234,0.99872583,0.0,-113.0312,-135.0667,4.6105757,1.0
0.998717,0.044093132,0.024901958,0.0,-0.042943705,0.99806595,-0.04494607,0.0,-0.026835617,0.043819025,0.99867904,0.0,-113.01643,-135.48523,2.9731174,1.0
0.99871045,0.044527035,0.024388915,0.0,-0.0433971,0.9980417,-0.045049313,0.0,-0.026347067,0.04393281,0.998687,0.0,-112.92106,-135.68326,2.292754,1.0
0.9987768,0.043922603,0.02270979,0.0,-0.04281304,0.9979661,-0.047230564,0.0,-0.024738079,0.046200518,0.9986258,0.0,-112.406746,-135.78682,0.50742525,1.0
0.99875784,0.044188116,0.023024822,0.0,-0.043030456,0.9978931,-0.04855653,0.0,-0.025121955,0.04750545,0.998555,0.0,-112.29603,-135.8657,-0.37717387,1.0
0.9987902,0.04405829,0.021841561,0.0,-0.04294733,0.99787694,-0.048960708,0.0,-0.023952307,0.04796344,0.99856186,0.0,-112.12956,-135.97997,-1.0544478,1.0
0.99887186,0.042650323,0.020877749,0.0,-0.041567966,0.99789447,-0.049787346,0.0,-0.022957219,0.048863336,0.99854165,0.0,-111.85239,-136.33803,-2.6727867,1.0
0.9989,0.041720685,0.021406762,0.0,-0.040619645,0.9979468,-0.049519964,0.0,-0.023428814,0.048595957,0.9985437,0.0,-111.78895,-136.50279,-3.4361737,1.0
0.99889797,0.038802717,0.026404211,0.0,-0.037506193,0.99814564,-0.047943275,0.0,-0.028215576,0.046900123,0.998501,0.0,-111.33423,-136.63943,-4.9000506,1.0
0.99895096,0.039752465,0.022731192,0.0,-0.038642555,0.998131,-0.047342293,0.0,-0.024570705,0.046414237,0.99862003,0.0,-111.540504,-136.91418,-5.592429,1.0
0.9989852,0.039889276,0.020916872,0.0,-0.03888469,0.99816513,-0.046414994,0.0,-0.022729978,0.045554545,0.99870324,0.0,-111.50825,-137.18195,-6.414531,1.0
0.9990267,0.03939534,0.019841159,0.0,-0.038502935,0.9983107,-0.043512058,0.0,-0.021521766,0.042705767,0.9988558,0.0,-110.92843,-137.55753,-8.0569,1.0
0.99902153,0.039560642,0.019771632,0.0,-0.03866785,0.99829775,-0.043662764,0.0,-0.021465275,0.042855516,0.99885064,0.0,-110.798164,-137.74062,-9.07632,1.0
0.9989972,0.039776687,0.020551715,0.0,-0.038839314,0.9982694,-0.04415579,0.0,-0.022272522,0.0433133,0.9988133,0.0,-110.757805,-137.92574,-10.093829,1.0
0.99896926,0.039757878,0.02190281,0.0,-0.03877096,0.9982887,-0.04377736,0.0,-0.023605812,0.042883046,0.9988012,0.0,-110.76279,-138.34949,-11.58627,1.0
0.9989866,0.039153013,0.022200579,0.0,-0.038117807,0.9982469,-0.045277882,0.0,-0.023934409,0.044385757,0.99872774,0.0,-110.71465,-138.59058,-12.567965,1.0
0.9990093,0.038233813,0.02277161,0.0,-0.037134413,0.99820966,-0.04688894,0.0,-0.024523605,0.04599688,0.99864054,0.0,-110.73077,-139.00508,-14.07014,1.0
0.9990698,0.037442055,0.021390848,0.0,-0.036385693,0.9981938,-0.047804434,0.0,-0.023142112,0.046981648,0.9986276,0.0,-110.75216,-139.21149,-14.9641485,1.0
0.99914986,0.036126964,0.01985945,0.0,-0.035129588,0.998207,-0.048463933,0.0,-0.021574704,0.047725078,0.9986275,0.0,-110.6792,-139.3816,-15.839139,1.0
0.99925417,0.033759996,0.018745286,0.0,-0.03287035,0.9984053,-0.045895647,0.0,-0.02026479,0.045245253,0.99877036,0.0,-110.27844,-139.41652,-15.987678,1.0
0.9992628,0.034175195,0.01749027,0.0,-0.033291556,0.9982664,-0.04853765,0.0,-0.019118683,0.04791959,0.9986682,0.0,-110.52091,-139.80112,-18.165295,1.0
0.99926496,0.03402187,0.017664516,0.0,-0.03311168,0.99822575,-0.049486943,0.0,-0.019316837,0.048865665,0.99861854,0.0,-110.48998,-139.97313,-19.255774,1.0
0.99928313,0.03298362,0.01858232,0.0,-0.032054115,0.9983196,-0.048274808,0.0,-0.020143397,0.04764456,0.9986612,0.0,-109.94325,-140.31317,-21.129688,1.0
0.9992469,0.033258155,0.019990493,0.0,-0.032268595,0.998329,-0.047937248,0.0,-0.021551428,0.04725608,0.99865025,0.0,-109.799515,-140.43076,-22.085367,1.0
0.9991888,0.032332197,0.024009237,0.0,-0.031105505,0.9982738,-0.049818814,0.0,-0.025578525,0.04903158,0.9984696,0.0,-109.54759,-140.7036,-24.442629,1.0
0.99921507,0.03213076,0.02317013,0.0,-0.030909933,0.99820733,-0.05125088,0.0,-0.024775347,0.050494462,0.99841696,0.0,-109.42825,-140.9006,-25.486197,1.0
0.9993177,0.030540021,0.020772915,0.0,-0.02946072,0.9982937,-0.050416276,0.0,-0.022277193,0.04976989,0.99851227,0.0,-108.94714,-141.20206,-26.945318,1.0
0.99929315,0.03026518,0.02229967,0.0,-0.029087408,0.99825597,-0.051370714,0.0,-0.023815455,0.050685763,0.99843067,0.0,-108.88648,-141.30252,-28.098022,1.0
0.9992721,0.030029057,0.023528354,0.0,-0.028748514,0.998181,-0.052993327,0.0,-0.025076894,0.052278347,0.99831766,0.0,-108.82362,-141.41632,-29.381073,1.0
0.9993431,0.028801467,0.021997917,0.0,-0.027636265,0.9982878,-0.05155244,0.0,-0.023445029,0.050910637,0.998428,0.0,-108.47266,-141.74738,-31.037804,1.0
0.99930465,0.028702024,0.023799447,0.0,-0.027416183,0.998234,-0.052699577,0.0,-0.025269989,0.052010443,0.9983268,0.0,-108.43612,-141.87372,-32.36343,1.0
0.99927413,0.028551681,0.025219005,0.0,-0.027178414,0.99821323,-0.053213105,0.0,-0.026693285,0.052489065,0.9982647,0.0,-108.35722,-142.08984,-33.56421,1.0
0.99921155,0.028960174,0.027159816,0.0,-0.027526492,0.9982805,-0.051752493,0.0,-0.028611882,0.050964072,0.99829054,0.0,-108.18295,-142.5054,-35.29824,1.0
0.9992347,0.028866505,0.026396882,0.0,-0.02746284,0.9982655,-0.052074913,0.0,-0.027854249,0.05131013,0.99829423,0.0,-107.96451,-142.6191,-36.18413,1.0
0.9992841,0.02846964,0.024914918,0.0,-0.027125359,0.99824065,-0.052723892,0.0,-0.026372107,0.052010324,0.9982983,0.0,-107.68506,-142.69064,-37.079575,1.0
0.9993332,0.027756736,0.023722107,0.0,-0.026462808,0.99823207,-0.05322045,0.0,-0.02515738,0.05255721,0.99830097,0.0,-107.24608,-142.73552,-38.67828,1.0
0.99931836,0.027790355,0.024300825,0.0,-0.026426924,0.99815124,-0.054733343,0.0,-0.025776936,0.054053836,0.99820524,0.0,-107.0895,-142.8502,-39.666454,1.0
0.9993263,0.027397718,0.024421005,0.0,-0.026026066,0.99815714,-0.054817487,0.0,-0.025877824,0.05414497,0.9981977,0.0,-106.74172,-143.15903,-41.247982,1.0
0.9993003,0.02788057,0.024929954,0.0,-0.026474118,0.9981315,-0.055069443,0.0,-0.026418718,0.054370917,0.9981712,0.0,-106.73142,-143.26387,-42.147255,1.0
0.9992098,0.029147645,0.027020136,0.0,-0.027601352,0.9980529,-0.055934176,0.0,-0.02859782,0.055144187,0.99806875,0.0,-106.82123,-143.351,-43.14096,1.0
0.999285,0.0278106,0.025613254,0.0,-0.026421368,0.99824136,-0.053066757,0.0,-0.027044043,0.05235208,0.99826247,0.0,-106.5289,-143.36787,-44.76355,1.0
0.99931234,0.027211718,0.025186937,0.0,-0.025895214,0.9983528,-0.05119672,0.0,-0.026538579,0.050509296,0.99837095,0.0,-106.442795,-143.30002,-45.464764,1.0
0.99931735,0.027250728,0.024943482,0.0,-0.02593683,0.99833286,-0.05156337,0.0,-0.026307045,0.05088122,0.99835813,0.0,-106.43515,-143.3338,-47.570126,1.0
0.99932355,0.027136687,0.024818046,0.0,-0.025878433,0.9984295,-0.049687292,0.0,-0.026127439,0.04901143,0.9984564,0.0,-106.416794,-143.35654,-48.23928,1.0
0.99927187,0.027998133,0.0259183,0.0,-0.026837276,0.99866647,-0.044102423,0.0,-0.027118515,0.04337474,0.9986908,0.0,-106.50456,-143.20596,-49.257008,1.0
0.9993295,0.027353195,0.024339661,0.0,-0.026350467,0.9988277,-0.040605925,0.0,-0.025421817,0.039937336,0.9988787,0.0,-106.450096,-143.32811,-49.98062,1.0
0.9993749,0.026705176,0.023162743,0.0,-0.02570694,0.9987711,-0.042373456,0.0,-0.024265835,0.04175153,0.9988333,0.0,-106.33704,-143.51077,-50.767914,1.0
0.99939185,0.025930861,0.023313487,0.0,-0.024860421,0.9986736,-0.045088325,0.0,-0.02445174,0.044481322,0.99871093,0.0,-106.121925,-143.64482,-51.829082,1.0
0.99948126,0.023896854,0.021589529,0.0,-0.022839272,0.99858755,-0.0479712,0.0,-0.02270538,0.04745323,0.9986154,0.0,-105.46411,-143.61256,-54.037754,1.0
0.9995179,0.023122592,0.020717701,0.0,-0.022099033,0.99858636,-0.04834156,0.0,-0.021806162,0.047860418,0.998616,0.0,-105.16804,-143.59984,-54.960037,1.0
0.9995805,0.021760061,0.019113118,0.0,-0.020776752,0.99852204,-0.050220095,0.0,-0.02017767,0.049801916,0.99855524,0.0,-104.87085,-143.85403,-57.56116,1.0
0.99956954,0.021714432,0.019727243,0.0,-0.020674132,0.9984595,-0.05148968,0.0,-0.020814927,0.051059674,0.99847865,0.0,-104.90235,-143.97939,-59.010685,1.0
0.99963075,0.01961327,0.018806687,0.0,-0.01861538,0.99848175,-0.051842548,0.0,-0.019794926,0.051473312,0.9984782,0.0,-104.53467,-144.01761,-61.565605,1.0
0.99964964,0.018779939,0.018653149,0.0,-0.017807687,0.9985405,-0.050987795,0.0,-0.019583475,0.050637763,0.9985251,0.0,-104.484634,-144.01126,-62.777756,1.0
0.99973273,0.016458055,0.016236193,0.0,-0.015610923,0.9985771,-0.050990254,0.0,-0.01705228,0.05072316,0.99856716,0.0,-104.09547,-143.93709,-65.22997,1.0
0.9997258,0.01644988,0.016663259,0.0,-0.015579123,0.9985719,-0.051102664,0.0,-0.017480073,0.050829053,0.99855435,0.0,-104.073586,-143.8644,-66.393005,1.0
0.99977833,0.0151717095,0.014596622,0.0,-0.0144199785,0.9986303,-0.05029567,0.0,-0.015339695,0.05007404,0.99862766,0.0,-103.672905,-143.46342,-68.49991,1.0
0.99980605,0.014634589,0.013179255,0.0,-0.013965178,0.99867517,-0.04952699,0.0,-0.013886622,0.04933333,0.99868584,0.0,-103.48758,-143.27007,-69.372604,1.0
0.99981856,0.014309167,0.012572521,0.0,-0.013693786,0.99876595,-0.047739558,0.0,-0.01324011,0.047558732,0.99878067,0.0,-103.30334,-143.05316,-71.161156,1.0
0.9998174,0.01416638,0.012826727,0.0,-0.013549115,0.99880326,-0.046994522,0.0,-0.013477097,0.04681215,0.99881285,0.0,-103.14638,-142.97533,-72.1233,1.0
0.9997774,0.0144994445,0.015330707,0.0,-0.013767582,0.99880886,-0.046811756,0.0,-0.015991211,0.04659026,0.9987861,0.0,-103.07528,-142.74036,-74.28921,1.0
0.9997771,0.014085282,0.01572978,0.0,-0.013336273,0.9988177,-0.046747595,0.0,-0.016369637,0.046527397,0.9987829,0.0,-102.94401,-142.61513,-75.36386,1.0
0.99974847,0.014057778,0.017474603,0.0,-0.013232868,0.9988326,-0.046457563,0.0,-0.018107308,0.046214636,0.9987674,0.0,-103.02361,-142.31061,-77.44711,1.0
0.99973947,0.013755873,0.018214168,0.0,-0.01288462,0.9988063,-0.047116525,0.0,-0.018840551,0.04686957,0.9987233,0.0,-103.04995,-142.21086,-78.59696,1.0
0.99970436,0.01285626,0.02063598,0.0,-0.011802472,0.9986594,-0.050399464,0.0,-0.021256238,0.05014101,0.99851596,0.0,-103.051,-141.79387,-81.33894,1.0
0.9996755,0.012460366,0.022217562,0.0,-0.011333741,0.99867827,-0.050132938,0.0,-0.022812892,0.049864862,0.9984954,0.0,-103.07966,-141.61711,-82.492615,1.0
0.9996775,0.011789234,0.022492345,0.0,-0.01059956,0.99857527,-0.05229768,0.0,-0.023076862,0.052042406,0.9983782,0.0,-102.82824,-141.14067,-85.101974,1.0
0.99964595,0.011779963,0.023858774,0.0,-0.010491273,0.99851614,-0.05343631,0.0,-0.024452854,0.05316708,0.9982862,0.0,-102.750656,-140.83392,-86.4741,1.0
0.999653,0.010335303,0.024230001,0.0,-0.008987513,0.99844104,-0.05508854,0.0,-0.024761586,0.054851655,0.9981874,0.0,-102.4149,-140.43239,-89.01898,1.0
0.99965286,0.0105207255,0.024154363,0.0,-0.009123969,0.99831957,-0.057225477,0.0,-0.024715798,0.05698523,0.99806905,0.0,-102.294586,-140.24782,-90.34132,1.0
0.9996342,0.010213957,0.025042348,0.0,-0.008655077,0.9980642,-0.061586745,0.0,-0.025622886,0.061347477,0.99778754,0.0,-102.00326,-139.62234,-93.10594,1.0
0.9995554,0.010598829,0.027866688,0.0,-0.008799546,0.9979165,-0.06391541,0.0,-0.028486058,0.06364179,0.99756616,0.0,-101.86497,-139.06277,-95.48056,1.0
0.9995403,0.010697856,0.028367156,0.0,-0.008859437,0.9979003,-0.06415973,0.0,-0.028993988,0.063878916,0.99753636,0.0,-101.811325,-138.85628,-96.57873,1.0
0.9995524,0.010402138,0.028048325,0.0,-0.008585747,0.9979053,-0.064119466,0.0,-0.028656542,0.063849956,0.997548,0.0,-101.72381,-138.64711,-97.67482,1.0
0.9994508,0.01011852,0.031554084,0.0,-0.008033553,0.9978191,-0.065516435,0.0,-0.032148223,0.065226965,0.9973525,0.0,-101.799995,-138.0988,-100.301506,1.0
0.99943185,0.009756123,0.032260846,0.0,-0.0076357033,0.9978424,-0.06520933,0.0,-0.032827437,0.064925954,0.99735,0.0,-101.77394,-137.74644,-101.40065,1.0
0.9994435,0.008133905,0.032351464,0.0,-0.0060321186,0.99789673,-0.06454219,0.0,-0.032808412,0.064311124,0.99739045,0.0,-101.390755,-137.20363,-103.42127,1.0
0.99935687,0.008154742,0.034920447,0.0,-0.0058343913,0.9977999,-0.0660404,0.0,-0.035382126,0.065794185,0.99720573,0.0,-101.29387,-136.96115,-104.71751,1.0
0.9993184,0.0084654335,0.03593175,0.0,-0.006026994,0.99770534,-0.067436785,0.0,-0.036420215,0.06717426,0.99707633,0.0,-101.00532,-136.47139,-106.6711,1.0
0.99921143,0.009207507,0.038623173,0.0,-0.0065057077,0.99756044,-0.06950401,0.0,-0.039168943,0.06919793,0.99683374,0.0,-100.96017,-136.19057,-107.93441,1.0
0.99912196,0.009870142,0.040717375,0.0,-0.0069428124,0.9974223,-0.071418785,0.0,-0.041317306,0.07107338,0.996615,0.0,-100.856384,-135.68771,-109.94444,1.0
0.99905205,0.009937669,0.042381488,0.0,-0.0068675415,0.9973824,-0.07198013,0.0,-0.04298588,0.071620844,0.99650526,0.0,-100.808754,-135.51132,-110.9201,1.0
0.99895394,0.010409865,0.044528186,0.0,-0.007098259,0.9972409,-0.07389279,0.0,-0.045174558,0.07349941,0.9962716,0.0,-100.7902,-135.07541,-112.9488,1.0
0.99890995,0.00998757,0.04559811,0.0,-0.006559273,0.9971826,-0.07472473,0.0,-0.04621594,0.07434419,0.99616116,0.0,-100.71566,-134.80356,-114.11612,1.0
0.99886584,0.008351188,0.04687535,0.0,-0.0046846233,0.9969587,-0.07779097,0.0,-0.04738245,0.07748315,0.99586713,0.0,-100.525406,-134.32967,-116.863976,1.0
0.9987782,0.008373764,0.04870276,0.0,-0.004567111,0.9969622,-0.077753216,0.0,-0.04920589,0.07743579,0.9957824,0.0,-100.47507,-134.03648,-118.06431,1.0
0.998627,0.00864492,0.051665902,0.0,-0.0045721876,0.99690896,-0.07843258,0.0,-0.052184198,0.07808867,0.9955797,0.0,-100.02613,-133.28117,-120.648224,1.0
0.9984316,0.009702062,0.055137176,0.0,-0.0052626855,0.9967732,-0.080097005,0.0,-0.055736367,0.07968122,0.99526095,0.0,-99.8945,-132.75977,-122.214325,1.0
0.99831164,0.010578686,0.057114102,0.0,-0.005825232,0.9965524,-0.08276099,0.0,-0.05779267,0.082288556,0.99493146,0.0,-99.74968,-132.079,-124.84955,1.0
0.9983486,0.010530776,0.056473248,0.0,-0.005798092,0.9965058,-0.08332202,0.0,-0.057153326,0.08285698,0.9949212,0.0,-99.587135,-131.8399,-125.92787,1.0
0.9981499,0.009479617,0.060057733,0.0,-0.0044345353,0.99649066,-0.083586514,0.0,-0.060639363,0.08316554,0.9946891,0.0,-99.450836,-131.45988,-127.88657,1.0
0.9981545,0.007943744,0.06020316,0.0,-0.002964263,0.9965988,-0.082353406,0.0,-0.060652543,0.082022965,0.99478316,0.0,-98.91622,-130.92181,-129.72601,1.0
0.9981859,0.007872526,0.059690863,0.0,-0.002889908,0.9965366,-0.08310469,0.0,-0.06013839,0.08278143,0.9947515,0.0,-98.814766,-130.72171,-130.82608,1.0
0.998232,0.007993368,0.058898292,0.0,-0.0030292538,0.99647003,-0.08389468,0.0,-0.05936096,0.08356793,0.9947325,0.0,-98.794624,-130.54398,-131.85129,1.0
0.99805295,0.009082367,0.06170657,0.0,-0.0038368406,0.9964076,-0.084599905,0.0,-0.062253278,0.08419843,0.9945024,0.0,-98.75768,-130.15683,-133.66472,1.0
0.9981237,0.0074851266,0.060770668,0.0,-0.0022666776,0.99633646,-0.085489966,0.0,-0.06118793,0.085191816,0.994484,0.0,-98.28361,-129.84967,-134.65958,1.0
0.9979568,0.008241827,0.063357286,0.0,-0.002742644,0.99625695,-0.086397864,0.0,-0.063832216,0.086047575,0.9942441,0.0,-98.21778,-129.24477,-136.63991,1.0
0.9979463,0.0076108,0.06360173,0.0,-0.002145993,0.99633133,-0.08555257,0.0,-0.06401957,0.085240394,0.99430156,0.0,-98.16027,-129.1123,-137.46655,1.0
0.9978735,0.008540478,0.06461812,0.0,-0.0029408312,0.9962682,-0.08626115,0.0,-0.06511365,0.085887685,0.99417484,0.0,-98.42201,-128.94768,-139.26671,1.0
0.99791527,0.008460259,0.063981034,0.0,-0.0027974285,0.99610907,-0.08808458,0.0,-0.06447732,0.087721966,0.9940561,0.0,-98.433784,-128.84317,-140.54117,1.0
0.9980867,0.007968003,0.0613149,0.0,-0.0025569466,0.99613243,-0.08782751,0.0,-0.061777547,0.08750269,0.9942469,0.0,-98.419914,-128.49335,-142.4588,1.0
0.998103,0.0099203745,0.06076118,0.0,-0.00455222,0.99612266,-0.08785751,0.0,-0.06139721,0.08741425,0.9942782,0.0,-98.5836,-128.2835,-144.47803,1.0
0.99822164,0.010159917,0.058739487,0.0,-0.004960211,0.99610823,-0.08799847,0.0,-0.059404958,0.087550625,0.9943872,0.0,-98.49152,-128.11487,-145.38716,1.0
0.99839216,0.009999314,0.055794623,0.0,-0.005064887,0.99611735,-0.08788917,0.0,-0.056456834,0.087465264,0.9945665,0.0,-98.3451,-127.886536,-146.22935,1.0
0.99836594,0.0098754,0.05628473,0.0,-0.0047436757,0.9958771,-0.090588674,0.0,-0.05694731,0.09017365,0.9942966,0.0,-98.203285,-127.462296,-148.56837,1.0
0.9984595,0.010037285,0.054569673,0.0,-0.005144142,0.99601126,-0.08907931,0.0,-0.05524613,0.08866137,0.99452853,0.0,-98.19597,-127.15384,-150.01634,1.0
0.9982219,0.012176935,0.058350872,0.0,-0.00697509,0.99604857,-0.08853567,0.0,-0.05919838,0.08797124,0.9943624,0.0,-98.63272,-127.063034,-151.04462,1.0
0.9978025,0.015247351,0.06447972,0.0,-0.0094306655,0.9959359,-0.08956986,0.0,-0.06558338,0.08876494,0.9938912,0.0,-99.24209,-126.96878,-152.48376,1.0
0.9980511,0.014267706,0.0607488,0.0,-0.008978823,0.9962148,-0.08646055,0.0,-0.061752476,0.0857466,0.99440145,0.0,-98.65864,-126.46098,-153.87483,1.0
0.9981066,0.015227167,0.059593216,0.0,-0.010123492,0.9963274,-0.085025065,0.0,-0.060669035,0.084260784,0.9945951,0.0,-98.73078,-126.28572,-154.63625,1.0
0.99810016,0.01558802,0.059607226,0.0,-0.010449935,0.9962783,-0.085558884,0.0,-0.060719065,0.08477344,0.99454844,0.0,-98.785774,-126.02469,-156.45117,1.0
0.9983633,0.01407779,0.055429745,0.0,-0.009280729,0.99626327,-0.08586805,0.0,-0.05643144,0.08521309,0.9947634,0.0,-98.465485,-125.85129,-158.03687,1.0
0.9983009,0.01343185,0.056699827,0.0,-0.008397527,0.9960753,-0.08811093,0.0,-0.057660766,0.08748508,0.99449563,0.0,-98.2905,-125.72894,-159.29999,1.0
0.99822503,0.013850115,0.057922397,0.0,-0.008553943,0.9958412,-0.09070339,0.0,-0.058937777,0.090046935,0.99419206,0.0,-98.29418,-125.5903,-161.57344,1.0
0.99820316,0.015028381,0.058005247,0.0,-0.009689655,0.99578124,-0.09124579,0.0,-0.059131823,0.09051979,0.99413764,0.0,-98.368034,-125.47087,-162.72975,1.0
0.9979485,0.018126097,0.06140153,0.0,-0.012401148,0.9956478,-0.09236739,0.0,-0.06280855,0.09141645,0.99383,0.0,-98.56847,-125.121216,-165.32997,1.0
0.9978329,0.019236874,0.06292483,0.0,-0.013386302,0.99565876,-0.09211106,0.0,-0.06442356,0.09106911,0.99375856,0.0,-98.65895,-124.93419,-166.52347,1.0
0.9977433,0.020150498,0.06404841,0.0,-0.014238871,0.9957078,-0.09145063,0.0,-0.06561623,0.090332285,0.9937477,0.0,-98.75227,-124.743515,-167.67084,1.0
0.9978826,0.01875332,0.062278584,0.0,-0.012984978,0.9956958,-0.091767006,0.0,-0.06373145,0.09076401,0.99383104,0.0,-98.44975,-124.132065,-170.01593,1.0
0.9978977,0.019172395,0.061908342,0.0,-0.013504472,0.9957861,-0.090707,0.0,-0.063386545,0.08968026,0.99395156,0.0,-98.69059,-123.95015,-170.95612,1.0
0.9979658,0.018377172,0.06104603,0.0,-0.01276441,0.9957606,-0.091092266,0.0,-0.062461257,0.090127744,0.9939696,0.0,-98.529274,-123.36856,-173.0989,1.0
0.99800676,0.016308628,0.06096316,0.0,-0.010743129,0.9958358,-0.090530045,0.0,-0.062185716,0.089694664,0.99402606,0.0,-98.3883,-122.9827,-174.98563,1.0
0.9979277,0.015032837,0.062563516,0.0,-0.009319425,0.9958409,-0.090631105,0.0,-0.0636658,0.08986024,0.9939174,0.0,-98.22064,-122.79787,-176.01784,1.0
0.9978218,0.0122973835,0.06481036,0.0,-0.006449111,0.9959493,-0.089684896,0.0,-0.06565069,0.08907158,0.9938593,0.0,-97.72557,-122.39282,-178.09097,1.0
0.997883,0.0121951,0.063880324,0.0,-0.0064903004,0.9960317,-0.08876202,0.0,-0.06470934,0.08815951,0.99400234,0.0,-97.74084,-122.251114,-178.94836,1.0
0.9977991,0.01234813,0.06514954,0.0,-0.0065643815,0.99607635,-0.08825462,0.0,-0.06598369,0.087632716,0.99396515,0.0,-97.699715,-121.968155,-180.83842,1.0
0.9977342,0.012656626,0.06607816,0.0,-0.006810873,0.99610126,-0.08795396,0.0,-0.06693374,0.08730462,0.99393046,0.0,-97.60969,-121.84805,-181.76904,1.0
0.9978286,0.015168729,0.06409383,0.0,-0.009370543,0.9959144,-0.08981452,0.0,-0.06519435,0.0890189,0.99389404,0.0,-97.802376,-121.679855,-183.80785,1.0
0.99785,0.015963355,0.063565485,0.0,-0.010135775,0.99580234,-0.09096707,0.0,-0.06475078,0.0901272,0.9938231,0.0,-97.87557,-121.61864,-184.87108,1.0
0.997698,0.016576318,0.065756194,0.0,-0.010440445,0.99565035,-0.09258144,0.0,-0.06700487,0.0916818,0.99353147,0.0,-97.726654,-121.4281,-187.06271,1.0
0.9976814,0.016461238,0.066037096,0.0,-0.01020958,0.9955281,-0.09391266,0.0,-0.06728769,0.09302071,0.99338794,0.0,-97.64228,-121.33736,-188.34956,1.0
0.9977198,0.015948081,0.06558035,0.0,-0.009654453,0.99541247,-0.09518822,0.0,-0.06679753,0.09433804,0.99329674,0.0,-97.55951,-121.270065,-189.67053,1.0
0.9976003,0.016329665,0.06728249,0.0,-0.009801114,0.9953096,-0.09624311,0.0,-0.06853858,0.09535272,0.9930812,0.0,-97.20551,-121.130844,-192.31421,1.0
0.9975924,0.017217934,0.0671789,0.0,-0.010548989,0.99509186,-0.09839153,0.0,-0.06854326,0.09744597,0.9928777,0.0,-96.99518,-121.0112,-193.9413,1.0
0.99730104,0.017165506,0.07138563,0.0,-0.009594887,0.9944182,-0.10507296,0.0,-0.07279083,0.10410444,0.9918991,0.0,-96.42505,-120.55138,-197.08464,1.0
0.997159,0.017258456,0.07332158,0.0,-0.0092807375,0.99413115,-0.10778273,0.0,-0.0747514,0.10679604,0.991467,0.0,-96.02247,-120.1537,-199.71715,1.0
0.9971341,0.016997857,0.07372044,0.0,-0.00886755,0.9939757,-0.109241344,0.0,-0.07513324,0.10827455,0.99127775,0.0,-95.84985,-120.01099,-200.93475,1.0
0.9970052,0.016358843,0.07558446,0.0,-0.008055391,0.9940221,-0.10888196,0.0,-0.07691378,0.10794702,0.99117696,0.0,-95.62646,-119.80754,-202.82864,1.0
0.9969275,0.016366897,0.07660085,0.0,-0.0080159055,0.99410963,-0.10808258,0.0,-0.077918574,0.10713647,0.9911864,0.0,-95.570625,-119.647934,-203.84082,1.0
0.99687237,0.015418737,0.07750958,0.0,-0.0071712453,0.9943851,-0.10557855,0.0,-0.078702286,0.1046925,0.9913856,0.0,-95.37251,-119.27988,-205.58987,1.0
0.99690646,0.014845005,0.07718201,0.0,-0.006637399,0.9943941,-0.105528735,0.0,-0.0783159,0.104689986,0.99141645,0.0,-95.29388,-119.10498,-206.49506,1.0
0.99695987,0.013794059,0.07668666,0.0,-0.005585477,0.9943247,-0.10624115,0.0,-0.07771694,0.10548983,0.99137884,0.0,-95.147446,-118.811615,-207.98582,1.0
0.9969788,0.013121661,0.07655739,0.0,-0.004926837,0.9943258,-0.10626344,0.0,-0.07751734,0.10556521,0.9913864,0.0,-95.09539,-118.706085,-208.6407,1.0
0.9969648,0.012520282,0.07684035,0.0,-0.0043357345,0.99438125,-0.10576942,0.0,-0.07773285,0.10511523,0.99141735,0.0,-95.18684,-118.58133,-209.96538,1.0
0.9969223,0.012426121,0.07740439,0.0,-0.0042639123,0.9944911,-0.10473408,0.0,-0.07827945,0.10408169,0.9914834,0.0,-95.18909,-118.50223,-210.54707,1.0
0.99676025,0.011661832,0.079580545,0.0,-0.0032442345,0.99445695,-0.105094396,0.0,-0.080365025,0.104495734,0.991273,0.0,-95.06334,-118.279236,-212.31912,1.0
0.99665755,0.011571676,0.0808693,0.0,-0.0029866006,0.9944165,-0.10548434,0.0,-0.08163846,0.104890235,0.99112725,0.0,-95.10257,-118.19971,-213.1982,1.0
0.99672174,0.011345085,0.0801062,0.0,-0.0028989736,0.99449176,-0.10477496,0.0,-0.08085366,0.10419926,0.99126446,0.0,-95.20064,-118.06218,-214.49785,1.0
0.99677753,0.011016608,0.079455234,0.0,-0.0026659567,0.99452674,-0.10444805,0.0,-0.08017104,0.10389964,0.9913513,0.0,-95.18832,-117.97092,-215.27667,1.0
0.9967238,0.011400124,0.080072895,0.0,-0.002901259,0.994419,-0.10546323,0.0,-0.080828294,0.1048854,0.9911942,0.0,-95.19587,-117.72806,-217.16898,1.0
0.9966299,0.011167885,0.08126611,0.0,-0.0024697874,0.99432516,-0.106354885,0.0,-0.081992686,0.10579575,0.9910017,0.0,-95.1302,-117.59007,-218.1942,1.0
0.9966055,0.009858929,0.08173253,0.0,-0.0010808095,0.99428463,-0.10675607,0.0,-0.08231788,0.106305346,0.99092025,0.0,-94.89282,-117.39282,-220.10727,1.0
0.99655694,0.009001068,0.0824209,0.0,-0.00018762435,0.99433184,-0.10632099,0.0,-0.08291071,0.10593946,0.99091,0.0,-94.75552,-117.38446,-221.08641,1.0
0.9962807,0.00892198,0.085703485,0.0,0.00023904866,0.99433494,-0.106291935,0.0,-0.08616632,0.10591709,0.9906346,0.0,-94.60413,-117.40236,-223.44194,1.0
0.9961731,0.009798957,0.08685111,0.0,-0.0005830112,0.9944183,-0.105507895,0.0,-0.08740024,0.10505349,0.99061847,0.0,-94.622086,-117.30679,-224.52994,1.0
0.99603146,0.010399989,0.08839162,0.0,-0.0013793558,0.9948338,-0.10150717,0.0,-0.088990614,0.10098242,0.9909002,0.0,-94.67898,-117.04799,-226.18546,1.0
0.99606276,0.010013032,0.08808368,0.0,-0.0009439732,0.99474245,-0.10240412,0.0,-0.08864598,0.10191777,0.99083537,0.0,-94.59698,-116.94194,-227.37178,1.0
0.99602073,0.008513533,0.088714354,0.0,0.00083152764,0.9944958,-0.104773246,0.0,-0.08911808,0.104430094,0.9905313,0.0,-94.2791,-116.69272,-229.96823,1.0
0.99602175,0.008214232,0.088730425,0.0,0.0011478377,0.994477,-0.104948595,0.0,-0.08910244,0.10463294,0.9905113,0.0,-94.179016,-116.55864,-231.05377,1.0
0.99601996,0.008501756,0.08872437,0.0,0.000975533,0.99434096,-0.10623118,0.0,-0.08912544,0.10589493,0.99037516,0.0,-94.04966,-116.26059,-233.2897,1.0
0.9960073,0.008008142,0.08891175,0.0,0.0014917018,0.99433637,-0.10626863,0.0,-0.089259215,0.10597696,0.9903543,0.0,-93.918564,-116.12175,-234.27966,1.0
0.99600273,0.007646645,0.088994265,0.0,0.001899805,0.99429005,-0.1066944,0.0,-0.08930195,0.106437,0.99030113,0.0,-93.729836,-115.88931,-236.16689,1.0
0.9959108,0.008013299,0.08998537,0.0,0.0016690849,0.9942563,-0.107012175,0.0,-0.09032602,0.10672478,0.9901773,0.0,-93.74912,-115.77548,-237.12805,1.0
0.99575144,0.00807317,0.09172726,0.0,0.001915134,0.99411803,-0.10828493,0.0,-0.09206198,0.10800054,0.989879,0.0,-93.727165,-115.5661,-239.3943,1.0
0.99567527,0.008385735,0.09252326,0.0,0.0016891424,0.99411917,-0.10827827,0.0,-0.09288714,0.10796627,0.9898057,0.0,-93.697395,-115.4827,-240.52559,1.0
0.99558175,0.009677877,0.09339837,0.0,0.00053770316,0.9940705,-0.108736515,0.0,-0.093896896,0.10830631,0.9896732,0.0,-93.7244,-115.3145,-242.68121,1.0
0.99557877,0.00948582,0.093450755,0.0,0.0006819787,0.99413157,-0.1081758,0.0,-0.09392851,0.10776125,0.9897297,0.0,-93.60578,-115.19472,-243.60704,1.0
0.995636,0.008801437,0.092905685,0.0,0.0011996999,0.99425316,-0.10704754,0.0,-0.09331395,0.106691845,0.98990375,0.0,-93.334366,-114.96712,-245.56903,1.0
0.99563855,0.008332214,0.09292226,0.0,0.0017271144,0.99418706,-0.107652985,0.0,-0.093279086,0.10734394,0.9898365,0.0,-93.21128,-114.8876,-246.63866,1.0
0.9956442,0.007034133,0.0929686,0.0,0.0030672834,0.9941389,-0.10806688,0.0,-0.09318387,0.10788132,0.989787,0.0,-92.976524,-114.73323,-248.33742,1.0
0.9956828,0.0065973005,0.092586316,0.0,0.0035265174,0.9940621,-0.10875709,0.0,-0.09275403,0.10861407,0.9897473,0.0,-92.873215,-114.65921,-249.19955,1.0
0.9955311,0.005727816,0.094260216,0.0,0.0048757554,0.99370986,-0.11187916,0.0,-0.0943081,0.11183878,0.9892412,0.0,-92.48488,-114.55707,-251.01492,1.0
0.9954606,0.005423871,0.09501963,0.0,0.0053474465,0.99361026,-0.11273866,0.0,-0.095024,0.11273501,0.9890709,0.0,-92.28195,-114.48425,-251.79488,1.0
0.9954527,0.0045982976,0.09514589,0.0,0.006102858,0.99370354,-0.11187505,0.0,-0.09506124,0.11194698,0.98915684,0.0,-91.8975,-114.27617,-252.83766,1.0
0.99538094,0.004094647,0.0959168,0.0,0.0067428374,0.993641,-0.11239225,0.0,-0.09576707,0.11251985,0.98902375,0.0,-91.688446,-114.1956,-253.54681,1.0
0.99539673,0.0034013002,0.09577995,0.0,0.0075780526,0.99344796,-0.114034064,0.0,-0.09554027,0.114234954,0.98884904,0.0,-91.23521,-113.95938,-255.18797,1.0
0.99537766,0.0034766656,0.09597505,0.0,0.0076554655,0.99329215,-0.11537817,0.0,-0.09573242,0.11557959,0.98867416,0.0,-91.033455,-113.769104,-256.1143,1.0
0.99543685,0.0023689326,0.095393084,0.0,0.008944784,0.99297345,-0.11799866,0.0,-0.095002316,0.118313484,0.9884212,0.0,-90.47674,-113.34764,-257.95056,1.0
0.9954604,0.0013122442,0.09516781,0.0,0.00999933,0.9929294,-0.11828474,0.0,-0.09465018,0.11869939,0.9884087,0.0,-90.16356,-113.19661,-258.7159,1.0
0.9952326,0.00046630818,0.09752855,0.0,0.011233406,0.9927853,-0.11937831,0.0,-0.09688056,0.11990477,0.98804706,0.0,-89.77495,-113.10191,-260.34354,1.0
0.9951288,0.0007451635,0.09858005,0.0,0.0111303115,0.99272835,-0.11986033,0.0,-0.09795254,0.1203737,0.98788434,0.0,-89.64028,-113.04027,-261.20895,1.0
0.99495995,0.0017400179,0.10025841,0.0,0.010458952,0.99259484,-0.121021025,0.0,-0.09972655,0.12145966,0.98757386,0.0,-89.41705,-112.75827,-262.92078,1.0
0.9949636,0.0022214164,0.100212105,0.0,0.010064538,0.992488,-0.12192719,0.0,-0.09973018,0.1223217,0.9874671,0.0,-89.366035,-112.60034,-263.67163,1.0
