-0.997103447143	-0.0664911087653	-0.0369287359556	0	0.0700291166068	-0.613140972103	-0.786863528342	0	0.0296768331006	-0.787170353568	0.616021262897	0	636.011911314	61.5726323184	116.966086037	1	1668092910.2	1
-0.997109504544	-0.066477843732	-0.0367882111069	0	0.0699099578187	-0.613138751446	-0.786875808083	0	0.0297534933362	-0.787173175776	0.616013926617	0	635.99546693	61.4448648613	116.974430394	1	1668092911.32	1
-0.997105646471	-0.0665171489959	-0.0368222043588	0	0.0699615346225	-0.613151649477	-0.786861212103	0	0.029762101378	-0.787159831894	0.616030588502	0	636.023228917	61.3617929478	116.990945311	1	1668092911.41	1
-0.99709799428	-0.0665658346542	-0.03694021405	0	0.0700860891051	-0.613187077221	-0.786822437635	0	0.0297242304414	-0.787128069592	0.616072943849	0	636.084507015	61.2140677783	117.017881907	1	1668092911.45	1
-0.997100984603	-0.0665148064812	-0.0369518680969	0	0.0700651967189	-0.61322520093	-0.78679462243	0	0.0296736454414	-0.787102704573	0.616107813539	0	636.098879538	61.0498159	117.012953916	1	1668092911.51	1
-0.997109773045	-0.0664324212079	-0.0368632147343	0	0.0699415927748	-0.613152104973	-0.786862615604	0	0.029670375155	-0.787166623591	0.61602632485	0	636.095289709	60.7661006186	117.004229267	1	1668092911.6	1
-0.997112373987	-0.0664312512222	-0.0367937260876	0	0.0698859171129	-0.613148339795	-0.786870402933	0	0.0297127949305	-0.787169599037	0.616020413626	0	636.091072744	60.6362148318	117.011157076	1	1668092911.64	1
-0.997112783059	-0.0664424974738	-0.0367632513355	0	0.0698710949204	-0.613209267118	-0.786824313106	0	0.0297349666005	-0.787121232233	0.616081194345	0	636.105496481	60.3787205805	117.004505168	1	1668092911.7	1
-0.99710889021	-0.0665455705021	-0.036681435791	0	0.0698746273527	-0.613325568253	-0.786733277102	0	0.0298559704639	-0.787021863518	0.61620223038	0	636.137998547	60.1001577582	116.919486194	1	1668092911.75	1
-0.99709283349	-0.0668961276302	-0.036478989951	0	0.0699361214597	-0.613446347083	-0.786633583733	0	0.0302449023403	-0.78689796884	0.616341436192	0	636.186580983	59.8833460368	116.857381591	1	1668092911.79	1
-0.997085197756	-0.0669440906039	-0.0366013206163	0	0.0700627085836	-0.613458813277	-0.786612739487	0	0.0302056187717	-0.786884256826	0.616360966774	0	636.26884285	59.5898278202	116.880212925	1	1668092911.85	1
-0.997088169932	-0.0668596194721	-0.036672782376	0	0.0700638819867	-0.613379171445	-0.786674589462	0	0.0301025138246	-0.786953430848	0.61627758638	0	636.291063327	59.4190952542	116.932354455	1	1668092911.88	1
-0.997096789338	-0.0666682163333	-0.0367866650316	0	0.0700296960912	-0.61322699248	-0.786796261516	0	0.0298958012606	-0.787088254499	0.616115447684	0	636.296780246	59.1270255525	117.028306501	1	1668092911.94	1
-0.997099677648	-0.0665870948742	-0.0368562241096	0	0.0700324535657	-0.613174083156	-0.786837328577	0	0.0297939396639	-0.787136387164	0.616058941718	0	636.313588398	58.8874161349	117.074289269	1	1668092911.98	1
-0.997107301316	-0.0665008970819	-0.0368044609803	0	0.069936209854	-0.61311633252	-0.786890801635	0	0.0297636100383	-0.787188605088	0.615993622829	0	636.316312732	58.5168140983	117.104795512	1	1668092912.04	1
-0.997104483031	-0.0665345166256	-0.0368222560196	0	0.0699695600451	-0.613079140658	-0.786916988804	0	0.0297821215696	-0.787214835394	0.615959327139	0	636.365856422	58.2635492127	117.09429468	1	1668092912.07	1
-0.997089197792	-0.0666461934235	-0.0370337579568	0	0.0702077679207	-0.613140868171	-0.786847688546	0	0.0297334190867	-0.787157318914	0.616035189499	0	636.516186097	57.8297510501	117.077255149	1	1668092912.13	1
-0.997089640928	-0.0666312029647	-0.0370484188437	0	0.0702099921661	-0.613138334707	-0.786849434049	0	0.0297128698794	-0.787160543212	0.616032040171	0	636.554071824	57.5229537663	117.070596361	1	1668092912.17	1
-0.99709794054	-0.0666158678328	-0.0368508930394	0	0.0700439338511	-0.613118898512	-0.786879282189	0	0.0298246983201	-0.78717692234	0.616005639963	0	636.54687095	57.0736392466	117.047369976	1	1668092912.22	1
-0.99710441578	-0.0665726886008	-0.0367548670411	0	0.0699407811833	-0.613101015291	-0.786902492141	0	0.0298517156285	-0.787194564409	0.615981855975	0	636.565896441	56.6135885253	117.041680172	1	1668092912.28	1
-0.997102993497	-0.0665797729432	-0.0367794728958	0	0.0699647224098	-0.613104261694	-0.78689774453	0	0.0298418434727	-0.787191382802	0.615986338117	0	636.606932884	56.277351471	117.067648909	1	1668092912.32	1
-0.997079359268	-0.0667493857957	-0.037111276267	0	0.070333307407	-0.613156832408	-0.786823921955	0	0.0297650022886	-0.787136070818	0.616060734596	0	636.792570701	55.7344049752	117.134458073	1	1668092912.37	1
-0.997108805201	-0.0664792080719	-0.0368044789878	0	0.069919581199	-0.613031269014	-0.786958675091	0	0.0297540714965	-0.787256757792	0.615907066586	0	636.748187554	54.7721214137	117.16901138	1	1668092912.47	1
-0.997113377649	-0.0663844811986	-0.0368500877912	0	0.0698973942192	-0.613038551285	-0.786954857106	0	0.0296511401374	-0.787259010825	0.615909070463	0	636.791121181	54.3302997982	117.175329458	1	1668092912.51	1
-0.997108147046	-0.0664310665429	-0.0369076813029	0	0.0699712684318	-0.613029428946	-0.78695540295	0	0.0296528628196	-0.78726218745	0.615904930279	0	636.882240633	53.7402047012	117.191161897	1	1668092912.56	1
-0.997102253785	-0.0664783822148	-0.0369833895681	0	0.0700598239715	-0.613019524085	-0.786955380114	0	0.0296439353213	-0.78726599033	0.615900595999	0	636.955347155	53.3069442365	117.209133998	1	1668092912.6	1
-0.997105456179	-0.0665149859801	-0.0368298937381	0	0.0699617222913	-0.613030656329	-0.786955354397	0	0.0297664925501	-0.787254181196	0.615909723416	0	636.974596545	52.8331267219	117.208069259	1	1668092912.66	1
-0.997105457938	-0.0665298672233	-0.0368045412852	0	0.0699513209641	-0.613042641244	-0.786947068059	0	0.0297926490178	-0.787243666235	0.615921985294	0	636.99836302	52.6187947717	117.214580027	1	1668092912.7	1
-0.997090350616	-0.0666399527174	-0.0370121784009	0	0.0701860818356	-0.613118610406	-0.786866826212	0	0.0297439555157	-0.7871750996	0.616011863291	0	637.232368121	51.4263764616	117.28734481	1	1668092912.75	1
-0.997090657324	-0.0666512421494	-0.0369835765903	0	0.0701708668769	-0.613128778663	-0.786860260096	0	0.0297695614001	-0.787166223773	0.616021968278	0	637.277532609	50.9627826187	117.300509235	1	1668092912.79	1
-0.997087920793	-0.0666964323207	-0.0369775862219	0	0.0701951317678	-0.613158372959	-0.786835169952	0	0.0298059127906	-0.787139425143	0.616054546345	0	637.355036808	50.2824484176	117.315527142	1	1668092912.85	1
-0.997086088955	-0.0667296602414	-0.0369654717851	0	0.0702073709683	-0.613191162783	-0.786808400712	0	0.0298365900779	-0.787110991006	0.616089304714	0	637.454392819	49.4822823537	117.339715765	1	1668092912.9	1
-0.997090910994	-0.0666923146893	-0.0369027481734	0	0.070135735727	-0.613215610809	-0.786795735702	0	0.0298439209895	-0.787095109664	0.616109238996	0	637.482584828	49.0142659982	117.341498641	1	1668092912.94	1
-0.997098007536	-0.0666372758012	-0.0368103149918	0	0.0700301680058	-0.613251633712	-0.786777062327	0	0.0298547277391	-0.787071705159	0.616138614131	0	637.524130826	48.324559694	117.344126029	1	1668092913	1
-0.99709079389	-0.0666997570211	-0.0368938273712	0	0.070134491382	-0.613247981322	-0.786770724967	0	0.0298522946014	-0.787069323629	0.616141849128	0	637.65218578	47.5814042038	117.363826625	1	1668092913.03	1
-0.997093312352	-0.0666442732902	-0.0369260220204	0	0.0701236762538	-0.613196559231	-0.786811767642	0	0.0297935319877	-0.787114086667	0.616087508707	0	637.745620438	46.7256925513	117.390023846	1	1668092913.09	1
-0.997093396071	-0.0666370197598	-0.0369360899231	0	0.0701268983661	-0.613189714912	-0.786816754116	0	0.0297822863446	-0.787119996492	0.616080460266	0	637.803489396	46.1476191166	117.402784386	1	1668092913.13	1
-0.997095292392	-0.0665997390622	-0.0369516013942	0	0.0701146825778	-0.613151561708	-0.786847532797	0	0.0297469365909	-0.787152847173	0.616040165784	0	637.895259811	45.2583392554	117.428889589	1	1668092913.18	1
-0.997100766768	-0.0665259450993	-0.0369376205255	0	0.0700567197734	-0.613116103437	-0.786880389606	0	0.0297008864486	-0.787186744722	0.615999116998	0	637.908898691	44.9564571987	117.434243606	1	1668092913.22	1
-0.997091667775	-0.066588441573	-0.0370694312191	0	0.0701974767699	-0.613066242198	-0.786906617443	0	0.0296729065218	-0.787220247869	0.615957596618	0	638.097090578	43.7142240401	117.499689696	1	1668092913.28	1
-0.997092438125	-0.0665625126713	-0.0370959374041	0	0.0702029301753	-0.613081132597	-0.786894583159	0	0.0296348552589	-0.787210876261	0.61597144244	0	638.176790935	43.029421761	117.532308285	1	1668092913.32	1
-0.997089633137	-0.0665936451769	-0.0371150515081	0	0.07023936906	-0.613137440166	-0.786847426011	0	0.0296424309904	-0.787164368254	0.616030488463	0	638.311048581	42.028301157	117.559840432	1	1668092913.37	1
-0.997088956726	-0.0666153372017	-0.0370953761184	0	0.0702373670716	-0.613141469718	-0.786844551353	0	0.0296711502798	-0.787159446116	0.616035455169	0	638.334294418	41.7917360258	117.566895875	1	1668092913.43	1
-0.997106783647	-0.0664810197473	-0.03685496895	0	0.069962769009	-0.613089525218	-0.786909375356	0	0.0297191844292	-0.787211191502	0.615966936442	0	638.379877101	40.5276164858	117.588689356	1	1668092913.46	1
-0.997088655168	-0.0666587427759	-0.0370258794831	0	0.0702106780077	-0.613177362442	-0.78681899769	0	0.0297448538827	-0.787127833122	0.616072317448	0	638.613814063	39.3136393205	117.650594023	1	1668092913.52	1
-0.997100145688	-0.0665592067127	-0.0368941757883	0	0.0700451065367	-0.61317233946	-0.786837581685	0	0.0297487893854	-0.787140116499	0.616056372843	0	638.620927112	38.6255792608	117.658111422	1	1668092913.56	1
-0.997105639672	-0.066498839517	-0.0368548714754	0	0.0699760280826	-0.613151902904	-0.786859680481	0	0.0297275908622	-0.787161154234	0.61603053382	0	638.739704709	37.5137721744	117.67286987	1	1668092913.62	1
-0.997111998355	-0.0664571694424	-0.0367581963104	0	0.0698727944859	-0.613120125513	-0.786893640707	0	0.0297574827374	-0.787189440282	0.615992962669	0	638.775556049	36.8579232685	117.674355221	1	1668092913.65	1
-0.997082142183	-0.0667417059252	-0.0370515904442	0	0.0702855927672	-0.61326667149	-0.786742683551	0	0.0297859774325	-0.787051211462	0.616168202443	0	639.058063316	35.6278171979	117.73412827	1	1668092913.71	1
-0.997101440941	-0.0665745325673	-0.0368311735888	0	0.0700077790027	-0.613249407991	-0.786780816323	0	0.0297928810261	-0.787078764972	0.616132607739	0	639.047274308	34.8613340546	117.729625083	1	1668092913.75	1
-0.997107598565	-0.0664840346992	-0.0368277263006	0	0.0699474378691	-0.613203690128	-0.786821798111	0	0.0297282155287	-0.787122022617	0.616080456236	0	639.149896625	33.679983196	117.764457258	1	1668092913.81	1
-0.997113166459	-0.0663946205398	-0.0368394959847	0	0.0698983983757	-0.613122035629	-0.786889881908	0	0.0296580941588	-0.787193232701	0.615992911893	0	639.241017989	32.8254628331	117.773442499	1	1668092913.84	1
-0.997103306315	-0.0664919302096	-0.0369304912484	0	0.0700278664045	-0.613057291042	-0.786928793427	0	0.029683870582	-0.787235430622	0.615937726163	0	639.414425102	31.6827519839	117.799183317	1	1668092913.9	1
-0.997100474568	-0.066574866551	-0.0368568462112	0	0.0700214060366	-0.613068802521	-0.786920351688	0	0.0297933380783	-0.787219427359	0.615952860905	0	639.506713785	30.844807125	117.844962945	1	1668092913.94	1
-0.997101634657	-0.0665622918243	-0.0368471321876	0	0.0700065582594	-0.6130836284	-0.786910039654	0	0.0297882337545	-0.787208894935	0.615966511581	0	639.636598605	29.6504777756	117.897216469	1	1668092913.99	1
-0.99709717316	-0.0665889559131	-0.036920482672	0	0.0700822355705	-0.613119139068	-0.786875704405	0	0.0297605914594	-0.787179023988	0.616006068623	0	639.815811689	28.3458644334	117.943666316	1	1668092914.05	1
-0.997086819442	-0.0666616273378	-0.0370688990367	0	0.070246936467	-0.613190693352	-0.786805276907	0	0.0297194150613	-0.787117146547	0.616087132803	0	639.973818217	27.4436717829	117.993704011	1	1668092914.09	1
-0.997103036761	-0.0664551535086	-0.0370042700432	0	0.0700681702094	-0.613184762922	-0.786825911727	0	0.029598120424	-0.787139269488	0.616064757274	0	640.046858257	26.0753920268	118.03387287	1	1668092914.14	1
-0.997117264756	-0.0663499912412	-0.0368088351549	0	0.0698450061733	-0.613078530769	-0.786928508268	0	0.0296459473021	-0.787230872088	0.615945386246	0	640.063758036	25.1899666243	118.028186661	1	1668092914.18	1
-0.997102271282	-0.0664738657344	-0.0369895799673	0	0.070065013269	-0.613100830762	-0.78689145961	0	0.0296294255866	-0.787202984499	0.615981741936	0	640.297816052	23.83576651	118.060767494	1	1668092914.23	1
-0.997095928937	-0.066533919514	-0.0370533977956	0	0.0701525830083	-0.613104555639	-0.786880825084	0	0.0296366511563	-0.787195051927	0.615991580028	0	640.435150229	22.9402880943	118.073453861	1	1668092914.27	1
-0.997105713739	-0.0664480961816	-0.0369434269861	0	0.0700138023276	-0.613130937738	-0.786872588812	0	0.0296350535738	-0.787181728623	0.616008654865	0	640.547693173	21.5042290668	118.085614696	1	1668092914.33	1
-0.997116212724	-0.0663369222993	-0.03685938945	0	0.0698777807628	-0.613102866699	-0.786906522432	0	0.0296024098067	-0.787212950981	0.615970304041	0	640.601715575	20.5686881756	118.115650785	1	1668092914.37	1
-0.997111691085	-0.066451881799	-0.0367750152147	0	0.0698826610732	-0.613115777241	-0.786896067834	0	0.0297434013055	-0.787193222528	0.615988750807	0	640.779345704	19.0395134957	118.190666629	1	1668092914.42	1
-0.997111720106	-0.0664584923669	-0.036762431801	0	0.0698781548176	-0.613151366815	-0.786868748831	0	0.0297531843647	-0.787164950931	0.616024414185	0	640.876837668	18.0952407055	118.223118216	1	1668092914.46	1
-0.997110304336	-0.0664793260746	-0.0367642449072	0	0.0698932697853	-0.613173610256	-0.786850158624	0	0.0297663415642	-0.787145916294	0.616048159617	0	640.938181396	17.6269608761	118.239595165	1	1668092914.52	1
-0.997098798836	-0.0664823560058	-0.0370674654511	0	0.0701325970515	-0.613123902407	-0.786867432177	0	0.0295859271383	-0.787184279918	0.61600771493	0	641.334348091	14.9766945784	118.338925264	1	1668092914.58	1
-0.99710006942	-0.0665130892844	-0.0369798415238	0	0.0700790714393	-0.61303589598	-0.786940909772	0	0.0296718578058	-0.787250308444	0.615919294046	0	641.421618654	13.9948710119	118.348892061	1	1668092914.61	1
-0.997108849211	-0.0664547102959	-0.0368462994833	0	0.0699376249617	-0.61303491424	-0.786954136766	0	0.0297087986101	-0.787255930323	0.615910243803	0	641.547577139	12.4418929119	118.3681346	1	1668092914.67	1
-0.997098189534	-0.0665258565346	-0.0370075972574	0	0.0701109177372	-0.613090521159	-0.786895519787	0	0.029659845568	-0.787206691747	0.615975620515	0	641.738346702	11.3290808951	118.424140028	1	1668092914.71	1
-0.997091626455	-0.0665490699806	-0.0371405692673	0	0.0702316703114	-0.613128755866	-0.786854810362	0	0.0295925830679	-0.787174860323	0.616019429819	0	641.936607896	9.96127096203	118.491090247	1	1668092914.77	1
-0.997096733742	-0.0665018846828	-0.0370879365952	0	0.0701636631454	-0.613199737017	-0.786805563193	0	0.0295818181178	-0.787123556101	0.616085499813	0	642.050478112	8.71345968777	118.525932279	1	1668092914.8	1
-0.997103590588	-0.0664934010549	-0.0369184464504	0	0.0700258395044	-0.613230540225	-0.786793836775	0	0.029677155492	-0.787100276454	0.616110658048	0	642.196781903	7.00846511678	118.524979278	1	1668092914.86	1
-0.997107147467	-0.0664581422786	-0.0368863867198	0	0.069974878188	-0.613127771546	-0.786878500087	0	0.0296784564429	-0.787183335735	0.616004499032	0	642.300188768	5.92172072087	118.544193132	1	1668092914.9	1
-0.997110326179	-0.0664296800787	-0.0368536144439	0	0.0699285901132	-0.613053311844	-0.786940777911	0	0.0296829101081	-0.787243818546	0.61592709057	0	642.350912979	5.33175854228	118.555761108	1	1668092914.95	1
-0.997091394342	-0.0665908131012	-0.0370733051467	0	0.0702056119673	-0.61316256964	-0.786830897106	0	0.0296637327883	-0.787145057828	0.616054165338	0	642.686239919	3.2486935196	118.653453717	1	1668092914.99	1
-0.997099017846	-0.0665587407288	-0.0369261776623	0	0.0700707320606	-0.613190210204	-0.786821428305	0	0.0297270193975	-0.787126267555	0.616075156205	0	642.832644245	1.49024570485	118.687656619	1	1668092915.05	1
-0.997114797794	-0.0663893579726	-0.0368034152317	0	0.0698672593921	-0.613136742144	-0.786881077914	0	0.0296750406825	-0.787182155605	0.616006174979	0	642.927750273	-0.0721600111258	118.760521391	1	1668092915.11	1
-0.997114400415	-0.0663533478746	-0.0368790443842	0	0.069902189551	-0.613069861487	-0.786930084641	0	0.0296060522587	-0.787237280423	0.615939045471	0	643.073348976	-1.21755483259	118.797622413	1	1668092915.14	1
-0.997113355624	-0.0663429258938	-0.036925751018	0	0.0699294811962	-0.612986273436	-0.786992752693	0	0.0295764778219	-0.787303234231	0.61585614666	0	643.262062904	-2.7586663325	118.809532743	1	1668092915.2	1
-0.997113061286	-0.0663763104791	-0.0368746792018	0	0.06991129484	-0.61302701985	-0.786962709859	0	0.0296304943979	-0.787268741986	0.615897697747	0	643.366938419	-3.81511233693	118.838819936	1	1668092915.23	1
-0.99709501942	-0.0665174477258	-0.0371076076924	0	0.0701858639242	-0.613122549249	-0.786863853076	0	0.0295886435655	-0.787182439008	0.616010017026	0	643.652022646	-5.45787404434	118.929067314	1	1668092915.29	1
-0.99709846072	-0.0665106607529	-0.0370257238196	0	0.0701155322911	-0.613081282525	-0.786902157363	0	0.0296376820552	-0.787215081273	0.615965862395	0	643.755627598	-6.52369277946	118.955146083	1	1668092915.33	1
-0.997111703721	-0.0664127301596	-0.0368452206256	0	0.0699136012964	-0.613108112921	-0.786899282413	0	0.0296700521129	-0.787202490705	0.615980437864	0	643.861583713	-8.09438106408	118.974743784	1	1668092915.38	1
-0.997113885594	-0.066387727398	-0.0368314243171	0	0.0698899985046	-0.613180551296	-0.786844949313	0	0.0296525482851	-0.787148185496	0.616050685199	0	643.975680297	-9.20125804801	119.00509768	1	1668092915.42	1
-0.9971156631	-0.0663963175559	-0.036767332422	0	0.0698455741046	-0.613202747658	-0.786831562063	0	0.029696930579	-0.787130149235	0.616071568703	0	644.040728365	-9.94785249951	119.018061633	1	1668092915.48	1
-0.997118312677	-0.0663472887427	-0.0367848036088	0	0.0698278985706	-0.613171862982	-0.786857264486	0	0.0296504271184	-0.787158381729	0.616037780525	0	644.220649988	-11.6687348828	119.079155611	1	1668092915.51	1
-0.99710678404	-0.0664328967965	-0.0369418120328	0	0.0700065780776	-0.613222229257	-0.786802083817	0	0.0296160315655	-0.787111893725	0.61609879593	0	644.470537825	-13.2716977871	119.140641328	1	1668092915.57	1
-0.997105198738	-0.0664288542808	-0.0369917615117	0	0.0700452028589	-0.613267614407	-0.786763265389	0	0.0295779682028	-0.787076870606	0.6161453622	0	644.60227496	-14.2903268786	119.168740559	1	1668092915.61	1
-0.99710055547	-0.0664951125803	-0.036998043413	0	0.0700901489988	-0.613242797589	-0.786778619706	0	0.0296281733566	-0.78709061975	0.616125395417	0	644.749039087	-15.435112439	119.202691674	1	1668092915.66	1
-0.997096459486	-0.066546302865	-0.0370176422041	0	0.0701383554081	-0.613273321378	-0.786750631181	0	0.0296533548055	-0.787062570395	0.616160083922	0	644.940137611	-16.9910297384	119.260501791	1	1668092915.72	1
-0.997094104347	-0.0665756193806	-0.0370283642484	0	0.0701647571571	-0.613268877196	-0.78675174127	0	0.0296700825132	-0.787063553994	0.616158022235	0	644.977349061	-17.2500130103	119.270683667	1	1668092915.76	1
-0.997095360918	-0.0665672394529	-0.0370090562349	0	0.0701393267792	-0.613135467752	-0.786857939938	0	0.0296873724026	-0.787168169849	0.616023503146	0	645.243438649	-19.5379901631	119.330291993	1	1668092915.81	1
-0.997098724951	-0.0665692864737	-0.036913883468	0	0.0700622753252	-0.613050113746	-0.786931247463	0	0.0297554161378	-0.787234437554	0.615935491686	0	645.308036466	-20.3835175119	119.341927934	1	1668092915.85	1
-0.997094258172	-0.0665586430533	-0.0370537189306	0	0.07016706731	-0.613076895134	-0.786901065978	0	0.0296582964699	-0.787214493177	0.615965679809	0	645.50079728	-21.7623386372	119.381030292	1	1668092915.91	1
-0.997100795897	-0.0664780067066	-0.0370217862849	0	0.0700919334955	-0.613072764638	-0.786910920312	0	0.0296152782809	-0.787224487702	0.615954935017	0	645.576798229	-22.6837685561	119.401580732	1	1668092915.94	1
-0.997105001011	-0.066407116862	-0.0370363752157	0	0.0700591102937	-0.61305813786	-0.786925288085	0	0.0295520050028	-0.787241891307	0.61593576488	0	645.697806601	-23.8712287923	119.439219334	1	1668092916	1
-0.997110226938	-0.066351998616	-0.0369940797412	0	0.0699906208108	-0.613029260829	-0.786953849391	0	0.0295375480599	-0.787269008168	0.615901778067	0	645.780807068	-24.8452697879	119.461811926	1	1668092916.04	1
-0.997100396974	-0.0664551271748	-0.037073648191	0	0.0701173151476	-0.613035012237	-0.786938076345	0	0.0295686781599	-0.787255822362	0.615917128682	0	645.899930785	-25.5424465674	119.485668702	1	1668092916.1	1
-0.997103913096	-0.0664186399235	-0.0370444964957	0	0.0700737154202	-0.61308662573	-0.786901753041	0	0.0295535087525	-0.787218709549	0.615965292991	0	646.06590942	-27.0606556951	119.541575473	1	1668092916.13	1
-0.997103644172	-0.0664648873654	-0.036970480937	0	0.070045650698	-0.613135183703	-0.786866558004	0	0.029631027776	-0.787177071194	0.616014877539	0	646.206867248	-28.2817602558	119.574091801	1	1668092916.19	1
-0.997103909795	-0.0664901052071	-0.036917358113	0	0.0700198423008	-0.613149172902	-0.786857908508	0	0.0296823887104	-0.787164017569	0.61602905357	0	646.326878058	-29.5072507904	119.610633761	1	1668092916.25	1
-0.997102396609	-0.0664937316552	-0.0369516802947	0	0.0700486788072	-0.613136218069	-0.786865436664	0	0.0296651768707	-0.787173802041	0.616017379836	0	646.425591856	-30.2864429371	119.633737075	1	1668092916.28	1
-0.997099539934	-0.0665199731193	-0.0369805641853	0	0.0700861159093	-0.613094207564	-0.786894760342	0	0.0296716829177	-0.787204259825	0.615978091582	0	646.571150935	-31.4790355593	119.663972251	1	1668092916.34	1
-0.997095159187	-0.0665676328796	-0.0370130186667	0	0.0701391591768	-0.613041229315	-0.786931317442	0	0.0296936755049	-0.787241494518	0.615929449928	0	646.678610655	-32.236523038	119.678340614	1	1668092916.38	1
-0.997102087809	-0.0665188433479	-0.0369148035055	0	0.070032778354	-0.613075090676	-0.786914479826	0	0.0297130653285	-0.787219289627	0.615956941477	0	646.762584897	-33.3465171144	119.703882289	1	1668092916.43	1
-0.997100597239	-0.0665126694429	-0.0369648884149	0	0.0700703336109	-0.613123186831	-0.786873562418	0	0.0296730851382	-0.787182291954	0.616006080823	0	646.858208744	-34.1274619288	119.725195936	1	1668092916.47	1
-0.997106517965	-0.0663988914251	-0.037010072176	0	0.0700374769145	-0.613169994695	-0.786840042558	0	0.0295518707305	-0.78715545521	0.616046220273	0	646.971227387	-35.1634431893	119.738413604	1	1668092916.53	1
-0.997102243704	-0.0664918151541	-0.0369595647837	0	0.0700557815515	-0.613191187947	-0.786821992621	0	0.0296538937862	-0.787131159184	0.616072427103	0	647.182879585	-37.0057817272	119.828389377	1	1668092916.62	1
-0.997101691402	-0.066530353153	-0.0369033131998	0	0.0700353727857	-0.61319488727	-0.786820786839	0	0.0297186082822	-0.787124937051	0.616077162012	0	647.259614799	-37.6550542767	119.850862967	1	1668092916.66	1
-0.997089966796	-0.0666376007408	-0.0370275112642	0	0.070201897585	-0.613255896177	-0.786758484818	0	0.0297203507866	-0.787068386112	0.61614938443	0	647.419939327	-38.4711183775	119.899047703	1	1668092916.72	1
-0.99709484597	-0.0666135832576	-0.0369396703715	0	0.0701137489804	-0.613150315087	-0.786848665221	0	0.0297652023947	-0.787152693497	0.61603953361	0	647.591075925	-40.2236513424	119.902487877	1	1668092916.81	1
-0.997098579337	-0.0666066587593	-0.0368513278533	0	0.0700389788458	-0.613129784903	-0.786871325693	0	0.0298161837192	-0.787169273325	0.616015885202	0	647.664462111	-41.1499781778	119.896492997	1	1668092916.86	1
-0.997111149847	-0.0664385515745	-0.036813227525	0	0.069903469183	-0.61308590093	-0.786917455371	0	0.0297120386287	-0.787217591247	0.615959092713	0	647.684984375	-41.7815489764	119.903232358	1	1668092916.9	1
-0.997105745435	-0.0664490297464	-0.0369405330154	0	0.0700115555692	-0.61311640125	-0.786884086794	0	0.0296388872126	-0.787192954849	0.61599410473	0	647.815449132	-42.6742799111	119.96577437	1	1668092916.96	1
-0.997101650337	-0.0664798348831	-0.0369963552639	0	0.0700766512258	-0.613170486084	-0.78683620767	0	0.0296236681557	-0.787148262019	0.616051987864	0	647.915228023	-43.3012235564	120.006775011	1	1668092916.99	1
-0.997105409034	-0.0664782161662	-0.0368983404081	0	0.0699978854308	-0.613159640623	-0.786851710646	0	0.0296838915841	-0.787156871261	0.616038116431	0	647.935916791	-43.7952831888	120.023203366	1	1668092917.05	1
-0.99710432055	-0.0664950447422	-0.0368972166844	0	0.0700077439965	-0.613168852426	-0.786843638085	0	0.0296969596362	-0.787148263942	0.616048472894	0	647.978653934	-44.1749693513	120.039839877	1	1668092917.09	1
-0.997101603815	-0.0665213826148	-0.0369232220696	0	0.0700419674911	-0.61310093865	-0.786893517256	0	0.0297075585749	-0.787198940627	0.615983208817	0	648.144514144	-45.5120301094	120.06731356	1	1668092917.15	1
-0.997106367491	-0.0664743217069	-0.0368783050145	0	0.0699735614948	-0.612997082735	-0.786980430247	0	0.0297077388509	-0.787283743807	0.615874755053	0	648.175490544	-46.0120697269	120.056349603	1	1668092917.18	1
-0.997115203037	-0.0662881692987	-0.0369752950439	0	0.0699371411107	-0.613049977541	-0.78694253824	0	0.0294972568443	-0.787258296855	0.615917450615	0	648.245957926	-46.8339437909	120.098785195	1	1668092917.24	1
-0.997102481093	-0.0664587936024	-0.0370115809775	0	0.0700737084346	-0.613118182908	-0.786877211377	0	0.0296024492204	-0.787190770074	0.615998680079	0	648.356756571	-47.3335827952	120.13440889	1	1668092917.28	1
-0.997097285048	-0.0665511134915	-0.0369871274799	0	0.0701129170807	-0.613158650775	-0.786842301307	0	0.0296861702385	-0.787151519067	0.616044887549	0	648.482907025	-48.0967507895	120.152368733	1	1668092917.34	1
-0.997094394898	-0.066611488083	-0.0369547243258	0	0.0701245015729	-0.613154213196	-0.786844598188	0	0.0297539675229	-0.787149791594	0.616043735077	0	648.556086057	-48.6809652057	120.16939454	1	1668092917.39	1
-0.997091363799	-0.0666514404112	-0.0369644702544	0	0.070156884458	-0.613154672297	-0.786841353757	0	0.0297791948237	-0.787146052039	0.616047294315	0	648.623332975	-49.1828128503	120.188553682	1	1668092917.43	1
-0.997100628366	-0.066543884435	-0.0369091268375	0	0.0700469796032	-0.613160313585	-0.786846814944	0	0.0297286003023	-0.787150796958	0.61604372041	0	648.659551908	-49.867525446	120.204747661	1	1668092917.49	1
-0.997106402458	-0.0664926684188	-0.036845120625	0	0.0699650263321	-0.61316511224	-0.786850345851	0	0.0297276226418	-0.78715137434	0.616043015286	0	648.67759809	-50.3269733599	120.219499941	1	1668092917.53	1
-0.997101840201	-0.0665630295327	-0.0368423177061	0	0.0700056318635	-0.613148709466	-0.78685957775	0	0.0297858727185	-0.78715824164	0.616031469321	0	648.761517894	-50.9083741771	120.227773694	1	1668092917.58	1
-0.997095934096	-0.0666156158896	-0.0369070580767	0	0.0700895080303	-0.613156894895	-0.786845732412	0	0.029786330905	-0.787147417052	0.616045278457	0	648.843607295	-51.3403830344	120.242284509	1	1668092917.62	1
-0.997091126727	-0.0666731324856	-0.0369324153413	0	0.0701453321945	-0.613164208012	-0.786835007164	0	0.0298150972959	-0.787136819569	0.616057391827	0	648.881221553	-51.5078729538	120.25135223	1	1668092917.68	1
-0.997092152764	-0.0666448696618	-0.0369554857119	0	0.0701439551863	-0.613107855169	-0.786879022768	0	0.0297837444889	-0.787183096289	0.615999763398	0	648.953820606	-52.2616768233	120.265500623	1	1668092917.71	1
-0.997094050446	-0.066594507588	-0.0369945198365	0	0.070141985206	-0.613063228907	-0.786913925261	0	0.0297241937584	-0.787222088598	0.615952779516	0	649.018168515	-52.8207044218	120.273463557	1	1668092917.77	1
-0.9970955993	-0.0665550310332	-0.0370235262212	0	0.0701413492514	-0.61308558861	-0.786896539481	0	0.0296733797433	-0.787208000358	0.615973219342	0	649.050417869	-53.1275671655	120.288871786	1	1668092917.81	1
-0.997097319014	-0.0665048465092	-0.0370676185547	0	0.070146725868	-0.613127466091	-0.786863451029	0	0.0296030878025	-0.787179637508	0.616012860958	0	649.115797041	-53.6735065331	120.308357205	1	1668092917.87	1
-0.997095239757	-0.0665228545087	-0.0370920636474	0	0.0701775354256	-0.613138525237	-0.786852152957	0	0.0296010526986	-0.787169541882	0.616025905375	0	649.151612057	-53.87056833	120.312882913	1	1668092917.9	1
-0.997099568716	-0.0665139424326	-0.0369905020755	0	0.0700910028488	-0.61311452053	-0.786878487663	0	0.0296590194978	-0.787188942442	0.615998268893	0	649.186663121	-54.4133924042	120.306740061	1	1668092917.96	1
-0.99710984385	-0.0663867689448	-0.0369419742513	0	0.0699724775833	-0.613069462626	-0.786924143283	0	0.0295933966162	-0.78723477019	0.61594285831	0	649.179311056	-54.7940028262	120.296798645	1	1668092918.02	1
-0.997106436328	-0.0664483325049	-0.0369233691863	0	0.069996118598	-0.613077741687	-0.786915599544	0	0.0296523679568	-0.787223133917	0.615954900317	0	649.212715771	-55.0911581767	120.305643121	1	1668092918.05	1
-0.997094372832	-0.0666170996658	-0.0369467475134	0	0.0701208382167	-0.613133039301	-0.786861546776	0	0.0297650836953	-0.787165883438	0.616022720896	0	649.297426664	-55.4844989013	120.331223541	1	1668092918.11	1
-0.99709615334	-0.0665311905662	-0.0370523172129	0	0.0701518133617	-0.613151563973	-0.786844269144	0	0.0296309886034	-0.787158670802	0.616038345369	0	649.337845141	-55.7518982456	120.344560944	1	1668092918.15	1
-0.99710011391	-0.0664474485624	-0.0370967691165	0	0.0701359338993	-0.613172259011	-0.786829620333	0	0.0295360478894	-0.787149661354	0.616054459723	0	649.377115906	-56.1162743365	120.3609366	1	1668092918.2	1
-0.997095958849	-0.0665235777085	-0.037071828208	0	0.0701641809403	-0.613196375765	-0.786808293403	0	0.0296089402917	-0.787124435714	0.616083181415	0	649.411732193	-56.3342775078	120.376393046	1	1668092918.24	1
-0.997102518093	-0.0665158143424	-0.0369070451855	0	0.0700279941102	-0.613159193713	-0.786849248347	0	0.0297081000543	-0.787153964196	0.616040573168	0	649.39098765	-56.5821635371	120.370708906	1	1668092918.3	1
-0.997109641838	-0.066432735001	-0.0368658602293	0	0.0699432499522	-0.613135347095	-0.786875499583	0	0.0296704958822	-0.787179634046	0.616009675236	0	649.377343762	-56.7377353068	120.367947749	1	1668092918.34	1
-0.99711490849	-0.0663815237519	-0.0368146550132	0	0.0698709197715	-0.613126944971	-0.786888395403	0	0.0296628238148	-0.787190452404	0.615996166908	0	649.368730367	-56.8930774293	120.3701241	1	1668092918.39	1
-0.997116201399	-0.0663038422188	-0.0369194036999	0	0.0699077388156	-0.613183577032	-0.786840989556	0	0.029532243581	-0.787152883297	0.616050443689	0	649.435961608	-57.4307589892	120.412659896	1	1668092918.49	1
-0.997103420394	-0.0664221116467	-0.0370522343906	0	0.0700877211247	-0.61324037149	-0.786780751715	0	0.0295377165573	-0.787098688693	0.616119447714	0	649.521998214	-57.6204184397	120.442485466	1	1668092918.54	1
-0.997098859953	-0.066482180714	-0.0370681628797	0	0.0701379195287	-0.613254950935	-0.786764989262	0	0.029573559382	-0.78708230284	0.616138712584	0	649.554920625	-57.7111687123	120.450491165	1	1668092918.58	1
-0.99710243298	-0.0665172128087	-0.0369073542914	0	0.0700310112981	-0.613210097138	-0.78680935228	0	0.0297044435651	-0.787114217046	0.616091562597	0	649.533737334	-57.8459153286	120.440156394	1	1668092918.64	1
-0.997108063225	-0.0664420558226	-0.0368919271701	0	0.0699710229849	-0.61317382566	-0.786843060239	0	0.0296582611438	-0.787148883243	0.616049567531	0	649.52154783	-57.9598468917	120.434773063	1	1668092918.73	1
-0.997111439289	-0.0663754542505	-0.036918885907	0	0.0699501577118	-0.613146083734	-0.786866400757	0	0.0295920091254	-0.787176031974	0.616017971544	0	649.520861134	-58.0562264904	120.432394964	1	1668092918.77	1
-0.997113167359	-0.0663641119525	-0.0368927915582	0	0.0699216220869	-0.613121230534	-0.786888318125	0	0.0296014423971	-0.787196355625	0.615991557709	0	649.521336127	-58.1489848554	120.428546648	1	1668092918.86	1
