-0.999423055616	-0.0321563274171	0.0109335584215	0	-0.020333635629	0.308632450726	-0.950964028884	0	0.0272050439706	-0.950637679231	-0.309108239576	0	631.246478155	-60.3345762104	108.055471487	1	1668093091.33	1
-0.999418193323	-0.0323149775769	0.0109077416993	0	-0.020358326307	0.308638048261	-0.950961629825	0	0.027363796906	-0.950630453485	-0.309116365195	0	631.259693944	-60.2278052938	108.07368243	1	1668093092.43	1
-0.999414340757	-0.0324376919049	0.0108987046517	0	-0.0203876289714	0.308636002831	-0.950961713998	0	0.0274832605824	-0.950626963662	-0.309116573407	0	631.265586858	-60.1459698276	108.085455147	1	1668093092.48	1
-0.999415229842	-0.0323928816476	0.0109502139825	0	-0.0204244883376	0.308695328587	-0.950941664228	0	0.0274234534677	-0.950609227256	-0.309176419659	0	631.203161788	-60.0575887017	108.085912902	1	1668093092.58	1
-0.999422567161	-0.0321045621397	0.0111243038576	0	-0.0205018533022	0.308727931932	-0.950929328761	0	0.0270948635674	-0.950608374591	-0.309207877234	0	631.11206824	-59.9533213901	108.097253892	1	1668093092.67	1
-0.999422665433	-0.0321011815767	0.011128133766	0	-0.020505350408	0.308759858144	-0.950918951856	0	0.0270897151593	-0.950598153545	-0.30923984858	0	631.091678204	-59.8123782131	108.106774919	1	1668093092.73	1
-0.999425525173	-0.0320877879683	0.0109114675739	0	-0.0202903162953	0.308594424813	-0.950977344645	0	0.0271474764189	-0.950652366295	-0.309068206431	0	631.140535472	-59.5814534709	108.117987049	1	1668093092.82	1
-0.999424543522	-0.0321328388932	0.0108661984707	0	-0.0202591670693	0.308523834285	-0.951000858116	0	0.0272058646485	-0.950673727498	-0.308997275024	0	631.145969855	-59.4726187567	108.117168799	1	1668093092.86	1
-0.99942487643	-0.0321600075172	0.0107507881583	0	-0.0201554053886	0.308441579744	-0.951029661769	0	0.0272692000182	-0.950699455599	-0.308912396354	0	631.150146869	-59.2803102194	108.116536738	1	1668093092.92	1
-0.99942555752	-0.032147413135	0.0107294402501	0	-0.0201317743702	0.308462239088	-0.951023554112	0	0.0272632984123	-0.950693227595	-0.308932226425	0	631.118416954	-59.1148332542	108.126076958	1	1668093092.95	1
-0.999424888134	-0.0321714329139	0.0107169309748	0	-0.020130170394	0.308561948481	-0.950991180785	0	0.0272879501386	-0.950660025211	-0.309032113171	0	631.060788167	-58.8233990804	108.175795602	1	1668093093.01	1
-0.999425346486	-0.0321502473445	0.0107398858758	0	-0.0201464474799	0.30859665429	-0.950979620382	0	0.0272599305872	-0.950649500771	-0.309067030393	0	631.000357867	-58.5556175212	108.189538003	1	1668093093.07	1
-0.999423901474	-0.0321777420075	0.0107945115663	0	-0.0202068627981	0.308594604517	-0.950979060037	0	0.0272691690481	-0.950649265741	-0.309067025306	0	630.961849638	-58.3348345857	108.190239069	1	1668093093.11	1
-0.999422122629	-0.0321937936194	0.0109108576322	0	-0.0203226794192	0.308599665733	-0.950974952606	0	0.0272483396835	-0.950647080888	-0.309075587135	0	630.897476586	-57.9921984814	108.177653245	1	1668093093.16	1
-0.999421212639	-0.0321983295709	0.0109758393314	0	-0.0203862811302	0.308611873776	-0.95096952558	0	0.0272323931245	-0.95064290911	-0.309089663077	0	630.839558391	-57.7169261794	108.176878256	1	1668093093.2	1
-0.999421925199	-0.0321723485844	0.0109882206272	0	-0.0203910466069	0.308647733807	-0.950957808926	0	0.0272030707787	-0.950632159123	-0.309125342359	0	630.775235679	-57.390840808	108.21478768	1	1668093093.26	1
-0.999422755775	-0.0321315302365	0.0110301878696	0	-0.0204185942243	0.308656083244	-0.950954467558	0	0.0271511411902	-0.950630807421	-0.30913400225	0	630.628041308	-56.69995975	108.224271209	1	1668093093.35	1
-0.999421074446	-0.0321894724147	0.0110180332987	0	-0.0204265324835	0.308711668709	-0.950936351249	0	0.0272087018723	-0.950610849274	-0.309190460432	0	630.576495824	-56.4239066324	108.259783462	1	1668093093.39	1
-0.999419218304	-0.0322822154541	0.0109088641792	0	-0.0203514583237	0.308714345608	-0.95093696805	0	0.0273307084613	-0.950606769363	-0.309192052364	0	630.523076472	-55.9134710005	108.32320248	1	1668093093.44	1
-0.999423875164	-0.0321719181442	0.0108152630129	0	-0.0202251062914	0.308605172178	-0.950975263879	0	0.0272569699298	-0.950646043469	-0.309078044836	0	630.515467714	-55.6624686924	108.320241948	1	1668093093.48	1
-0.999424270019	-0.0321700486573	0.0107802184857	0	-0.02018803601	0.308494980148	-0.951011716059	0	0.0272684531605	-0.95068182471	-0.308966820944	0	630.453675135	-55.2019240675	108.286042019	1	1668093093.54	1
-0.999422493245	-0.0321925680798	0.0108761677318	0	-0.0202873885928	0.308532750154	-0.95099732486	0	0.027259419009	-0.950668792524	-0.309007677684	0	630.3805943	-54.8588053379	108.282430769	1	1668093093.58	1
-0.999423626968	-0.0321180799505	0.0109927133749	0	-0.0203785301586	0.308647794527	-0.950958068829	0	0.0271500735185	-0.950633980467	-0.309124417982	0	630.26477111	-54.2219342629	108.31726471	1	1668093093.63	1
-0.999416983037	-0.0323081980732	0.0110398296122	0	-0.0204832456208	0.308684687669	-0.950943850515	0	0.0273154525294	-0.950615562372	-0.309166495492	0	630.15282095	-53.6560816452	108.351609841	1	1668093093.69	1
-0.999416066929	-0.0323335146897	0.0110451197412	0	-0.0204953263704	0.308656875471	-0.95095254052	0	0.027338558202	-0.950623691397	-0.309139337634	0	630.073773482	-53.2737227436	108.364709203	1	1668093093.73	1
-0.999418733807	-0.0322943689445	0.0109237229151	0	-0.0203636857596	0.30851792977	-0.951000588722	0	0.0273417415519	-0.950670195329	-0.308996222166	0	630.027250911	-52.6975567386	108.372278668	1	1668093093.78	1
-0.999421116112	-0.0322683336765	0.0107830091491	0	-0.0202210450582	0.308494045382	-0.951011406791	0	0.0273609755184	-0.950678844131	-0.308967949664	0	630.002112316	-52.2738271982	108.426100638	1	1668093093.82	1
-0.999422825846	-0.0322522447902	0.0106710044355	0	-0.0201103729586	0.308524568809	-0.951003828287	0	0.0273796803701	-0.950669472357	-0.30899509169	0	629.924971979	-51.6152033835	108.49624217	1	1668093093.88	1
-0.999421713581	-0.0322613964891	0.0107444385363	0	-0.020184875368	0.308586603813	-0.950982062391	0	0.027364417388	-0.950648995417	-0.309059344301	0	629.85043182	-51.3523230241	108.488217175	1	1668093093.92	1
-0.999422192105	-0.0321407707324	0.0110603102461	0	-0.0204515426665	0.308706830365	-0.950937418634	0	0.0271493925536	-0.95061408653	-0.309185773772	0	629.604762146	-50.434394303	108.455473633	1	1668093093.97	1
-0.999423803373	-0.0320426456554	0.01119368582	0	-0.0205475780819	0.308688511609	-0.950941186538	0	0.027015339962	-0.950623290329	-0.309169049838	0	629.476719274	-49.9891447797	108.464679168	1	1668093094.01	1
-0.999425387435	-0.0320587216509	0.0110039944116	0	-0.0203651142924	0.308444592894	-0.951024242246	0	0.0270945431468	-0.950701912276	-0.308920243107	0	629.442874859	-49.411438432	108.482749614	1	1668093094.07	1
-0.999425941377	-0.0320604551307	0.0109487583054	0	-0.0203107399207	0.308362252812	-0.951052112124	0	0.0271150183883	-0.950728567258	-0.308836412321	0	629.355848219	-48.8421766466	108.515675639	1	1668093094.11	1
-0.999424376619	-0.0321348257044	0.0108788262498	0	-0.020269844958	0.308455992609	-0.951022705386	0	0.027205231326	-0.950695710603	-0.308929793967	0	629.272069472	-48.1583675207	108.610324512	1	1668093094.16	1
-0.9994192846	-0.0322672050915	0.0109480178508	0	-0.0203790872398	0.30854108269	-0.950992626665	0	0.0273080212057	-0.950663539716	-0.309019493636	0	629.118576755	-47.3048166886	108.624178483	1	1668093094.22	1
-0.999418393567	-0.0322954343579	0.010947192976	0	-0.0203822404444	0.308374516848	-0.951046607097	0	0.0273386654257	-0.950716636937	-0.308853423338	0	628.90358072	-45.8159928172	108.610850893	1	1668093094.31	1
-0.999419019107	-0.0322995443972	0.0108817483474	0	-0.0203229875731	0.308435943763	-0.951028042158	0	0.0273614026306	-0.950696616619	-0.308913164282	0	628.82067824	-45.1842618392	108.683431246	1	1668093094.35	1
-0.999418765952	-0.0323071341916	0.010876614275	0	-0.0203230241246	0.308524675107	-0.950999132982	0	0.0273684293105	-0.950667499831	-0.309001940547	0	628.753540509	-44.7633426798	108.746768883	1	1668093094.41	1
-0.999423442204	-0.0321432784127	0.0109358110266	0	-0.0203316009107	0.308627429842	-0.950965684934	0	0.0271920643617	-0.950639741615	-0.30910301273	0	628.547723046	-43.7726981154	108.783965836	1	1668093094.44	1
-0.999423078667	-0.0321045335411	0.0110833043208	0	-0.020462386965	0.308712876325	-0.950935176078	0	0.0271077414122	-0.950613322984	-0.309191704021	0	628.328538096	-42.7071605918	108.768606951	1	1668093094.5	1
-0.999424083312	-0.032104277712	0.0109946691356	0	-0.0203764320079	0.308659098252	-0.950954513274	0	0.0271360391114	-0.950630812774	-0.309135497073	0	628.260013774	-42.0900286392	108.774717688	1	1668093094.54	1
-0.999423802641	-0.0321401886073	0.0109151580053	0	-0.0203098437273	0.308587647608	-0.95097913003	0	0.027196297772	-0.950652797706	-0.309062591948	0	628.128375354	-41.1388611206	108.848719686	1	1668093094.6	1
-0.999423239534	-0.0321688977008	0.0108785905672	0	-0.0202853089177	0.308635350604	-0.95096409721	0	0.0272339555452	-0.950636300487	-0.309109898951	0	628.015239045	-40.4434709732	108.930702893	1	1668093094.63	1
-0.99942099184	-0.0322006663092	0.0109877454786	0	-0.0204006867256	0.308693877654	-0.950942571374	0	0.0272292005347	-0.950616189269	-0.30917206726	0	627.811242911	-39.4284279079	108.953675407	1	1668093094.69	1
-0.999418602013	-0.0322528386037	0.0110580548634	0	-0.0204819559232	0.308632748396	-0.950960801025	0	0.0272582408963	-0.950634340493	-0.309113900889	0	627.695517504	-38.7307828595	108.914989877	1	1668093094.73	1
-0.999419567483	-0.0322326566651	0.0110296057106	0	-0.0204477027603	0.308599984182	-0.950972171097	0	0.027248556869	-0.950645661594	-0.309079936237	0	627.679886741	-38.5698985803	108.914095654	1	1668093094.79	1
-0.999423634466	-0.0321888448863	0.0107806657434	0	-0.0201958853744	0.308550819612	-0.950993383315	0	0.02728504824	-0.950663039956	-0.30902307195	0	627.433825516	-36.5900844103	109.086103821	1	1668093094.84	1
-0.9994219638	-0.0322480497439	0.0107634354333	0	-0.0201972126918	0.308530903019	-0.950999920599	0	0.0273469915915	-0.950667552412	-0.309003874196	0	627.317461012	-35.8146023846	109.118767935	1	1668093094.88	1
-0.999420524873	-0.0322545545117	0.0108778528224	0	-0.0203059123891	0.308454942327	-0.951022265717	0	0.027319404321	-0.950691991054	-0.308931148066	0	627.129510052	-34.7946826784	109.098710263	1	1668093094.93	1
-0.999418816027	-0.0322526731504	0.0110392369493	0	-0.0204598375162	0.308487650371	-0.951008357498	0	0.0272670257256	-0.950681442035	-0.30896823628	0	626.975508359	-34.1198798595	109.099974524	1	1668093094.97	1
-0.999419306243	-0.0322383855445	0.0110349591006	0	-0.0204531406099	0.308549961984	-0.950988250908	0	0.0272534570149	-0.950661685886	-0.309030160138	0	626.757232712	-32.753677983	109.206084993	1	1668093095.03	1
-0.999424943671	-0.032139250283	0.0108135725325	0	-0.0202093161124	0.308462868409	-0.951021765728	0	0.0272294602892	-0.950693331352	-0.308934984721	0	626.69123336	-32.0143749809	109.241144264	1	1668093095.07	1
-0.999421935168	-0.0321866761456	0.0109424397394	0	-0.0203503609594	0.308592997163	-0.950976382705	0	0.0272320830141	-0.950649411452	-0.309069632374	0	626.444793294	-30.8360964182	109.248263036	1	1668093095.12	1
-0.999419651114	-0.0321988616249	0.0111211005067	0	-0.0205288798751	0.3087599699	-0.950918506511	0	0.0271846603271	-0.950594865857	-0.309241775219	0	626.243646941	-29.912629829	109.27437461	1	1668093095.16	1
-0.99942307503	-0.0321914613937	0.0108251669517	0	-0.0202405191936	0.308602465444	-0.950975687925	0	0.0272726655116	-0.950646193604	-0.309076003278	0	626.145921039	-28.6948474792	109.37661144	1	1668093095.22	1
-0.999422810277	-0.0322127753337	0.0107845470526	0	-0.0202077349435	0.308576956731	-0.950984628549	0	0.0273060664517	-0.950653733934	-0.309049808077	0	626.02209931	-27.8543517778	109.432821669	1	1668093095.25	1
-0.999421265343	-0.0321943895254	0.010983811531	0	-0.0203938329873	0.308653405852	-0.95095591107	0	0.0272252654355	-0.950629572851	-0.30913134617	0	625.819256255	-26.934175267	109.447286223	1	1668093095.31	1
-0.999425649765	-0.0321144321111	0.0108215514981	0	-0.0202074271109	0.308399648182	-0.951042298372	0	0.0272047503636	-0.950714674584	-0.308871457979	0	625.604443487	-25.2894877563	109.467634213	1	1668093095.37	1
-0.999424496296	-0.0321329700227	0.0108658924723	0	-0.0202585432091	0.308510264112	-0.951005181658	0	0.0272064603874	-0.950678078142	-0.308983694625	0	625.432060709	-24.3781463255	109.570632881	1	1668093095.4	1
-0.999420064349	-0.0322278057643	0.0109926955704	0	-0.0204105481987	0.308580641932	-0.950979114201	0	0.0272558996337	-0.950652035041	-0.309059481851	0	625.228751585	-23.391228845	109.613309714	1	1668093095.46	1
-0.999419307695	-0.0322305091498	0.0110600076311	0	-0.0204743992998	0.308545362386	-0.95098933407	0	0.0272382763948	-0.950663471375	-0.309026080433	0	625.045288574	-22.3495549871	109.595524842	1	1668093095.5	1
-0.999422012925	-0.032179110522	0.0109637128357	0	-0.020364445677	0.308460460337	-0.951019213037	0	0.0272210238724	-0.950692751311	-0.308937475195	0	624.849038709	-20.8620481089	109.661665549	1	1668093095.56	1
-0.999420807716	-0.0322363794071	0.0109051831681	0	-0.0203275991579	0.308500159683	-0.951007124049	0	0.0272927191332	-0.950677929409	-0.308976758239	0	624.673954786	-19.7396207037	109.744883412	1	1668093095.59	1
-0.999421895011	-0.0322100673085	0.0108834258841	0	-0.0202960129374	0.308404482284	-0.951038833948	0	0.027276467486	-0.950709865608	-0.308879918796	0	624.444090772	-18.2555261626	109.741762829	1	1668093095.65	1
-0.999422900133	-0.0321763958896	0.0108891643189	0	-0.0202921527977	0.308442301941	-0.95102661751	0	0.0272419030844	-0.950698718635	-0.308917224113	0	624.286102475	-17.3018426234	109.779236187	1	1668093095.69	1
-0.999425256743	-0.0321251921688	0.0108217022835	0	-0.0202145415831	0.308526446184	-0.951000929778	0	0.0272123247608	-0.950673122077	-0.308998521574	0	624.06177732	-15.7800757388	109.884134913	1	1668093095.74	1
-0.999426102641	-0.0320947920215	0.0108347662665	0	-0.0202179631626	0.308540308223	-0.950996381091	0	0.0271790665293	-0.950669661347	-0.309012128706	0	623.892390418	-14.7672869482	109.905061809	1	1668093095.78	1
-0.999424642573	-0.0321192654284	0.0108949350262	0	-0.0202831504968	0.308552835735	-0.950990889236	0	0.0271835017418	-0.950664748115	-0.309026793028	0	623.791398306	-14.2681489001	109.899322135	1	1668093095.84	1
-0.999426384737	-0.032123155467	0.0107240282597	0	-0.020124205481	0.308639470758	-0.950966189837	0	0.0272381759568	-0.95063651328	-0.309108883367	0	623.505081831	-12.2315347327	110.076702111	1	1668093095.87	1
-0.999425469301	-0.0321274510842	0.0107956025313	0	-0.0201906189437	0.308533948598	-0.950999009765	0	0.0272223771191	-0.950670613971	-0.309005361474	0	623.243770622	-10.7249535452	110.096012378	1	1668093095.93	1
-0.999421527276	-0.0322354979391	0.0108378468577	0	-0.0202618657377	0.308451435407	-0.951024249084	0	0.0273138147382	-0.950693725693	-0.308926159686	0	622.97974344	-9.20704442795	110.133225199	1	1668093095.99	1
-0.999421440395	-0.0322410699833	0.0108280990624	0	-0.0202538301242	0.308434490887	-0.951029890366	0	0.0273225109002	-0.950699020734	-0.308909055841	0	622.810992732	-8.20317182201	110.191821381	1	1668093096.02	1
-0.999421921227	-0.0322012190219	0.0109062298519	0	-0.020317901352	0.308506339808	-0.951005309488	0	0.0272588492753	-0.9506771065	-0.308982253871	0	622.610122118	-7.06853787742	110.241205098	1	1668093096.08	1
-0.999422120453	-0.0321777587409	0.0109553378964	0	-0.0203563191613	0.308469252186	-0.951016480054	0	0.0272221915906	-0.950689915135	-0.308946014474	0	622.354395677	-5.60307577695	110.229165606	1	1668093096.12	1
-0.999424765623	-0.0321453245923	0.0108075659506	0	-0.0202057540998	0.308471937408	-0.951018805138	0	0.0272369895415	-0.95069013324	-0.308944016146	0	622.14336658	-4.0542902708	110.334607017	1	1668093096.17	1
-0.999425212085	-0.0321289111915	0.0108129513973	0	-0.020205934762	0.308476269212	-0.951017350387	0	0.02721967018	-0.950689258242	-0.308948164271	0	621.974925054	-3.00033298903	110.367820185	1	1668093096.21	1
-0.999424241898	-0.0321254213897	0.010912683928	0	-0.0203017258146	0.308545123031	-0.950992977024	0	0.0271840486376	-0.950667033694	-0.309019685495	0	621.68374853	-1.37670148804	110.417453081	1	1668093096.27	1
-0.999420358907	-0.0322210035975	0.0109855134213	0	-0.0204056124849	0.308720229345	-0.950933907039	0	0.0272486644014	-0.95060694044	-0.309198782506	0	621.476562232	-0.277411472108	110.521125768	1	1668093096.31	1
-0.999423851378	-0.032153410978	0.0108694741564	0	-0.0202720168253	0.308641582729	-0.950962386404	0	0.0272218912849	-0.950634816112	-0.309115570487	0	621.26066254	1.21273529414	110.584861053	1	1668093096.36	1
-0.999425435939	-0.0321158148842	0.010835043389	0	-0.0202262162302	0.308592418467	-0.950979320542	0	0.0271978385015	-0.950652049627	-0.309064689901	0	621.19444662	1.6762945018	110.592434766	1	1668093096.4	1
-0.999427183049	-0.0320488722892	0.0108728710873	0	-0.020240386476	0.308553433727	-0.95099168663	0	0.0271233067678	-0.950666972252	-0.309025364073	0	620.854524549	3.65299790017	110.673005081	1	1668093096.46	1
-0.999427325062	-0.0320349570849	0.0109002761547	0	-0.0202603512944	0.308489949269	-0.951011845861	0	0.0271029662907	-0.950688037864	-0.308962319393	0	620.629775777	4.96367857319	110.705546159	1	1668093096.51	1
-0.999425944514	-0.0320343071992	0.0110286904476	0	-0.0203839557587	0.308546664365	-0.950990820106	0	0.0270614202234	-0.950669662156	-0.309022520228	0	620.168713941	7.63685152645	110.78326157	1	1668093096.61	1
-0.999426679667	-0.0320531951062	0.0109044827647	0	-0.0202713856774	0.308538563052	-0.950995810651	0	0.02711799781	-0.950671631473	-0.309011433836	0	620.092973401	8.33589084902	110.854117096	1	1668093096.65	1
-0.999426630102	-0.0320486736616	0.0109239896255	0	-0.0202890358031	0.308555853409	-0.95098986113	0	0.02710726381	-0.950666191614	-0.309029167445	0	619.8124842	10.0017529831	110.919652152	1	1668093096.7	1
-0.999427855992	-0.031993689902	0.0109718748016	0	-0.0203161306277	0.308504308186	-0.951005983095	0	0.0270413027596	-0.950684760171	-0.308977784636	0	619.663177779	10.9092642446	110.9042131	1	1668093096.74	1
-0.999428190125	-0.0319807234369	0.0109788346769	0	-0.0203208218274	0.308577371882	-0.950982169241	0	0.027025269321	-0.950661478971	-0.309050797568	0	619.425765394	12.3209641669	110.976959999	1	1668093096.8	1
-0.999427285492	-0.0320363457607	0.0108944314203	0	-0.0202598252926	0.308650833503	-0.950959537443	0	0.0271027759585	-0.950635708618	-0.309123128235	0	619.290881067	13.2323662612	111.066750893	1	1668093096.84	1
-0.999424746974	-0.0321295845459	0.0108532084561	0	-0.0202477153906	0.308590283998	-0.950979457713	0	0.0272054511404	-0.950652225335	-0.309063328134	0	619.108836411	14.5682355951	111.103563376	1	1668093096.89	1
-0.999423643627	-0.0321607644123	0.0108624580129	0	-0.0202659826367	0.308584021309	-0.950981100805	0	0.0272323691029	-0.950653203927	-0.309057947381	0	618.978087625	15.390268482	111.125136608	1	1668093096.93	1
-0.999423358815	-0.0321875147775	0.0108127599129	0	-0.020227399498	0.308599472498	-0.950976982749	0	0.0272727717033	-0.950647322353	-0.309072590748	0	618.779887114	16.6995939976	111.19123976	1	1668093096.98	1
-0.999422893701	-0.0322263846487	0.0107435028515	0	-0.0201743011512	0.308626954719	-0.950969272716	0	0.02733048596	-0.950637126471	-0.309098976444	0	618.589951406	17.9832783051	111.270859738	1	1668093097.04	1
-0.999424838427	-0.0321164090993	0.0108837016349	0	-0.0202733634484	0.308615066808	-0.950970868129	0	0.0271829668866	-0.950644625021	-0.309088681992	0	618.411706878	18.8368226384	111.256712559	1	1668093097.08	1
-0.99942383655	-0.0320999508609	0.0110260803117	0	-0.0204056470016	0.308681987792	-0.950946378186	0	0.0271217929163	-0.950623484829	-0.309159158832	0	618.158662294	20.0742972754	111.290840969	1	1668093097.13	1
-0.999427457994	-0.032044452091	0.0108562130272	0	-0.0202260466621	0.308653763529	-0.950959338292	0	0.027122210552	-0.950634501453	-0.309125186678	0	618.096917498	20.7612455433	111.373166434	1	1668093097.17	1
-0.999429707108	-0.0319987005177	0.0107894325504	0	-0.0201460979484	0.308575487473	-0.950986557279	0	0.0271009132416	-0.950661517004	-0.309044147778	0	617.916022872	21.9663467945	111.414582351	1	1668093097.23	1
-0.99943005258	-0.0319259641996	0.0109653063498	0	-0.0202903888854	0.308555041685	-0.950989991372	0	0.0269779350643	-0.950670528689	-0.30902698152	0	617.734193752	22.7708139721	111.385911918	1	1668093097.27	1
-0.99942719925	-0.0320431090793	0.010887963865	0	-0.0202491405035	0.308419283818	-0.951035006843	0	0.0271160261484	-0.95071069194	-0.30889146115	0	617.597280495	23.8813003309	111.407726984	1	1668093097.33	1
-0.99942318452	-0.0321802656553	0.0108507730711	0	-0.0202587810019	0.30851070181	-0.951005125419	0	0.0272560076991	-0.950676384431	-0.308984679433	0	617.469734846	24.6837345701	111.499343066	1	1668093097.36	1
-0.9994211687	-0.03224282946	0.0108465798047	0	-0.0202775426651	0.308628612368	-0.950966377499	0	0.0273143590362	-0.950635945183	-0.309103785729	0	617.286695995	25.7958141164	111.617966061	1	1668093097.42	1
-0.999420537441	-0.0322139548882	0.0109935403332	0	-0.0204087138505	0.308638507901	-0.950960446062	0	0.0272411597404	-0.950633757046	-0.309117107704	0	617.125240724	26.5306002479	111.606201901	1	1668093097.46	1
-0.999422167648	-0.0321267995351	0.0110960207509	0	-0.020477305407	0.308569559643	-0.950981261408	0	0.0271281659983	-0.95065904384	-0.309049140174	0	616.93546227	27.5425772837	111.5828584	1	1668093097.51	1
-0.999424772705	-0.0320808744202	0.01099788408	0	-0.0203668804466	0.308470546284	-0.951015843941	0	0.0271168846118	-0.950692774686	-0.308946491097	0	616.861647516	28.196045698	111.589931879	1	1668093097.55	1
-0.99942465606	-0.0321035902879	0.0109418580189	0	-0.0203211384983	0.308489636797	-0.951010625741	0	0.0271553979774	-0.950685811084	-0.308964529469	0	616.765751264	28.8422715784	111.639978216	1	1668093097.61	1
-0.999429494874	-0.0319923334089	0.0108283865894	0	-0.0201801306763	0.308538211319	-0.95099794063	0	0.0270835955941	-0.95067383546	-0.309007786345	0	616.568178374	30.176369233	111.747450818	1	1668093097.66	1
-0.999432896279	-0.0318855325605	0.0108245176466	0	-0.0201418347978	0.308481850577	-0.951016929669	0	0.0269845417779	-0.950695656969	-0.30894914678	0	616.493286798	30.6775089628	111.736950429	1	1668093097.7	1
-0.999424872114	-0.0320585888354	0.0110530520794	0	-0.0204160244523	0.308594737572	-0.950974484545	0	0.0270759881592	-0.950653213796	-0.309071765356	0	616.250570871	31.8051935061	111.75004942	1	1668093097.76	1
-0.999421219897	-0.0321423355269	0.0111393178875	0	-0.0205268528696	0.308694100274	-0.950939840269	0	0.0271267964975	-0.950618120817	-0.309175216932	0	616.122748489	32.4643055223	111.788486022	1	1668093097.79	1
-0.999422450847	-0.0321591470445	0.0109835362421	0	-0.0203824583536	0.308646675561	-0.950958434424	0	0.0271918982733	-0.950633001261	-0.309123886763	0	616.062794156	33.0497235485	111.8186603	1	1668093097.85	1
-0.999425791638	-0.0321116926055	0.0108146127085	0	-0.0202041219677	0.308544255053	-0.950995421741	0	0.0272012571514	-0.950667823976	-0.309015870464	0	616.018036855	33.6866612827	111.845570699	1	1668093097.89	1
-0.999429441382	-0.032005108427	0.0107894023729	0	-0.0201504449444	0.308658737012	-0.950959327419	0	0.0271053652318	-0.950634211202	-0.309127554334	0	615.85463463	34.7130280647	111.94425953	1	1668093097.94	1
-0.99942600618	-0.032094405598	0.010842487854	0	-0.0202293243145	0.308684613747	-0.950949259089	0	0.0271732885853	-0.950622801401	-0.309156686011	0	615.748470301	35.2671342732	111.952299804	1	1668093097.98	1
-0.999422003601	-0.0321452794581	0.0110610434182	0	-0.0204552504537	0.308762961808	-0.950919044553	0	0.0271523111265	-0.950595666615	-0.309242036623	0	615.529093205	36.1645651763	111.94403189	1	1668093098.04	1
-0.999425414115	-0.0320692812363	0.0109698321274	0	-0.0203417585097	0.308650895841	-0.950957787341	0	0.0271107481326	-0.950634588062	-0.309125904832	0	615.48432488	36.6548498699	111.93995639	1	1668093098.08	1
-0.999425378947	-0.0321424674912	0.0107586986258	0	-0.0201600184331	0.308529379909	-0.951001130289	0	0.027248171786	-0.950671583347	-0.309000088792	0	615.443325465	37.4044824717	111.988105134	1	1668093098.13	1
-0.999426806543	-0.0320317633912	0.010958160563	0	-0.0203188955059	0.308646361087	-0.950959869634	0	0.0270786698291	-0.95063738974	-0.309120288522	0	615.260268335	38.1853184105	112.023105753	1	1668093098.19	1
-0.999425125876	-0.0321038823695	0.0109012090342	0	-0.0202883405046	0.308692706756	-0.950945499625	0	0.0271638428748	-0.950619919572	-0.309166570093	0	615.198741453	38.5934071857	112.078963787	1	1668093098.23	1
-0.99941945591	-0.0322878121696	0.0108751492657	0	-0.020323197232	0.308787445994	-0.950913939154	0	0.0273448010803	-0.950582890096	-0.309264369751	0	615.056211648	39.4396154835	112.170138519	1	1668093098.28	1
-0.999425045425	-0.0320945241709	0.0109347640123	0	-0.0203182684656	0.308723939988	-0.950934692513	0	0.0271439253406	-0.950610077481	-0.309198535539	0	614.978950987	39.8435475494	112.143266141	1	1668093098.32	1
-0.999428640745	-0.0320297288648	0.0107923422045	0	-0.0201561795481	0.308494953051	-0.951012390101	0	0.0271312994215	-0.950686565866	-0.308964290656	0	614.929187442	40.4096216143	112.095717004	1	1668093098.38	1
-0.99942545755	-0.0320953509963	0.0108959655959	0	-0.0202762601021	0.308536904627	-0.950996320079	0	0.0271606763915	-0.950670787307	-0.309010398911	0	614.820381781	40.8365529092	112.101250036	1	1668093098.41	1
-0.999423986041	-0.0320943921755	0.0110320693673	0	-0.0204096780085	0.308684253651	-0.950945629816	0	0.0271145369997	-0.950622975759	-0.309161474322	0	614.658271251	41.511747089	112.168105653	1	1668093098.47	1
-0.999423270684	-0.0321002322827	0.0110763665931	0	-0.0204534948286	0.308678949871	-0.950946334818	0	0.0271065718425	-0.950624460957	-0.309157489895	0	614.586776166	41.9168748691	112.179022063	1	1668093098.51	1
-0.999420029462	-0.0322366136539	0.010974510251	0	-0.0203954176435	0.308561982546	-0.95098559135	0	0.027270204915	-0.950657844934	-0.309040499709	0	614.534889247	42.4865734532	112.186792924	1	1668093098.57	1
-0.999421226817	-0.0322174627696	0.0109220945765	0	-0.0203401391322	0.308580204087	-0.950980874009	0	0.0272678042322	-0.950652585575	-0.309056906947	0	614.490357714	42.8710688892	112.240756081	1	1668093098.61	1
-0.999422690146	-0.0321749456709	0.0109148955853	0	-0.0203214871093	0.308627519607	-0.950965948046	0	0.0272285668505	-0.950638681494	-0.309103177263	0	614.441919217	43.1613591482	112.289874926	1	1668093098.66	1
-0.999425000429	-0.0320559914753	0.0110500247763	0	-0.0204129765316	0.308617205743	-0.950967281585	0	0.0270739507244	-0.950646019754	-0.309094106006	0	614.30097731	43.7408739422	112.281464956	1	1668093098.7	1
-0.999425490171	-0.0320540140602	0.0110068003452	0	-0.0203693449492	0.308550251824	-0.950989842412	0	0.0270869688299	-0.950667766396	-0.309025917993	0	614.243672684	44.1924390092	112.280207586	1	1668093098.76	1
-0.999426709429	-0.0320405119115	0.0109411829504	0	-0.0203016619724	0.30851348581	-0.951003348475	0	0.0270950815331	-0.950680222861	-0.30898708585	0	614.199139398	44.6380756349	112.307982681	1	1668093098.81	1
-0.999425626827	-0.0320652005276	0.0109675504791	0	-0.0203352570113	0.308543959263	-0.950992740733	0	0.0271097549028	-0.950669498817	-0.309018786793	0	614.130386528	44.9595744007	112.323038877	1	1668093098.85	1
-0.999423838937	-0.0320905425984	0.0110560123847	0	-0.0204288552558	0.30859954691	-0.950972698137	0	0.0271053025352	-0.950650600876	-0.309077309667	0	614.017251885	45.3892520272	112.328314842	1	1668093098.91	1
-0.999424803331	-0.0320428224111	0.0111035740341	0	-0.0204596663954	0.30861027239	-0.950968476787	0	0.0270450668885	-0.95064868727	-0.309088350861	0	613.966031626	45.6531476998	112.329008838	1	1668093098.94	1
-0.999421821628	-0.0321264307776	0.0111350173497	0	-0.0205155676472	0.308614946883	-0.950965859231	0	0.0271146342418	-0.950644402921	-0.309095593264	0	613.90730184	46.0405985859	112.337243094	1	1668093099	1
-0.999420123314	-0.032192804737	0.0110951955346	0	-0.0204977123186	0.308597440406	-0.950971914695	0	0.0271904429078	-0.95064783495	-0.309078361326	0	613.833274845	46.6473417218	112.370878726	1	1668093099.09	1
-0.999421201895	-0.0321547155759	0.0111027520953	0	-0.0204929401061	0.308590442819	-0.950974161744	0	0.0271521632177	-0.950651328526	-0.309070785602	0	613.804775229	46.7852163996	112.369352224	1	1668093099.13	1
-0.999423005502	-0.0321010273835	0.0110972665217	0	-0.020471840305	0.308616187674	-0.950966295008	0	0.0271022289879	-0.950644803237	-0.309095289572	0	613.736074169	47.1102486048	112.389110891	1	1668093099.19	1
-0.999423441904	-0.0320919238255	0.0110859501713	0	-0.0204581905506	0.30861409615	-0.95096730418	0	0.0270970838568	-0.950645809007	-0.30909270397	0	613.702509101	47.292176187	112.395851738	1	1668093099.23	1
-0.99942387883	-0.0320965623935	0.0110361481016	0	-0.02041137332	0.308584175027	-0.950978088835	0	0.0271174733855	-0.950655401894	-0.309061516716	0	613.675609923	47.5522258469	112.414890506	1	1668093099.28	1
-0.999427927774	-0.0320157729336	0.0108995482001	0	-0.0202540700545	0.308501796787	-0.951008096803	0	0.0270847362122	-0.95068481861	-0.308973762286	0	613.694882317	47.7271798686	112.43342108	1	1668093099.34	1
-0.999428517632	-0.0320215037454	0.0108304743585	0	-0.0201891742069	0.30846906771	-0.951020137993	0	0.0271121918159	-0.950695269443	-0.308939265123	0	613.698685432	47.8542319344	112.440539711	1	1668093099.38	1
-0.999427235236	-0.0320600838616	0.0108335188685	0	-0.0202033944965	0.308447682307	-0.951026747275	0	0.0271484111698	-0.950700894581	-0.308918734965	0	613.66978638	48.0486213941	112.428571651	1	1668093099.43	1
-0.99942699125	-0.0320624453764	0.0108459760111	0	-0.0202163820037	0.308461433673	-0.951021945356	0	0.0271465760547	-0.950696318447	-0.308932877266	0	613.648647461	48.1687046112	112.434000551	1	1668093099.47	1
-0.999428195688	-0.032021087649	0.0108632327691	0	-0.020221450408	0.308512557201	-0.951005385319	0	0.0271007068654	-0.950681192778	-0.308983649468	0	613.618987117	48.3253917126	112.459832912	1	1668093099.53	1
-0.999429326329	-0.031960983364	0.0109353008515	0	-0.0202718297029	0.308526237249	-0.950999860203	0	0.0270210015283	-0.950678768109	-0.308998067499	0	613.565700977	48.4716216499	112.439715568	1	1668093099.62	1
-0.999425427039	-0.0320938219203	0.0109019588407	0	-0.02028041185	0.308499000701	-0.951008499764	0	0.027158204993	-0.950683124676	-0.308972613877	0	613.556334436	48.6062990533	112.436496894	1	1668093099.71	1
-0.999428760589	-0.0319753514802	0.0109395247394	0	-0.0202805685355	0.308535251365	-0.950996630339	0	0.0270332772583	-0.950675296458	-0.309007490628	0	613.525208636	48.7054194981	112.449151015	1	1668093099.9	1
