-0.999794048021	-0.00928219974396	-0.0180473613145	0	0.0149264315309	0.266186616812	-0.963805943278	0	0.0137502004618	-0.963876823433	-0.265993244464	0	647.325005783	-64.4767023435	104.837185897	1	1668093160.64	1
-0.999792923496	-0.00942373911086	-0.0180383463396	0	0.0148799560327	0.266196484452	-0.963804011106	0	0.0138843044124	-0.963872763216	-0.26600112754	0	647.327274863	-64.3691858156	104.833486984	1	1668093161.45	1
-0.999792316745	-0.00950627033322	-0.0180248826231	0	0.0148448239358	0.266208714187	-0.963801037083	0	0.013960591002	-0.963868504183	-0.266012314837	0	647.323147151	-64.2926823774	104.828252561	1	1668093161.51	1
-0.999795777999	-0.00932584695889	-0.0179275204641	0	0.0147978713033	0.266285794368	-0.96378048889	0	0.0137619477428	-0.963848986786	-0.266093414284	0	647.272674216	-64.1653226384	104.814483317	1	1668093161.61	1
-0.99979645171	-0.0093250646185	-0.0178912390906	0	0.0147620129166	0.266362671911	-0.963759828131	0	0.0137526827769	-0.963827769	-0.266170797737	0	647.236246198	-63.9569746721	104.820610849	1	1668093161.7	1
-0.999795537135	-0.00944983797313	-0.0178778243806	0	0.0147167197709	0.266303699157	-0.963776852045	0	0.0138684342107	-0.96384286716	-0.266110175623	0	647.217767656	-63.6785130981	104.835581723	1	1668093161.79	1
-0.999794193698	-0.00945545013456	-0.0179492446439	0	0.0147853334882	0.26621605991	-0.963799991777	0	0.0138915294328	-0.963867010851	-0.266021467755	0	647.244378859	-63.5719250745	104.836302865	1	1668093161.83	1
-0.9997940308	-0.00939843100243	-0.0179880273479	0	0.014838607724	0.266166050521	-0.963812977914	0	0.0138461283646	-0.96388137585	-0.265971768461	0	647.24654758	-63.4843473186	104.832108092	1	1668093161.89	1
-0.999796285442	-0.0092286023267	-0.0179499788567	0	0.0148463806902	0.26621684892	-0.963798805639	0	0.0136731212103	-0.963868976277	-0.266025607489	0	647.184162328	-63.2711275588	104.83600826	1	1668093161.92	1
-0.999795342998	-0.00919221375241	-0.0180194563807	0	0.0149223041484	0.266268094842	-0.963783420337	0	0.013657382961	-0.963855139622	-0.266076440779	0	647.159208129	-63.069160425	104.884088404	1	1668093161.98	1
-0.999798492929	-0.00914532912617	-0.0178713407402	0	0.014792192017	0.266255719346	-0.963788969191	0	0.0135724663964	-0.96385906818	-0.266066781905	0	647.111090822	-62.5068082243	104.856506642	1	1668093162.08	1
-0.999803205906	-0.00890482564877	-0.0177286469899	0	0.0147182360265	0.266284773212	-0.963782077666	0	0.0133031294759	-0.963853295448	-0.266101300694	0	647.082746212	-62.1478096024	104.864364631	1	1668093162.13	1
-0.999798839953	-0.00906936585839	-0.0178896161092	0	0.0148306372349	0.266211512847	-0.96380055316	0	0.0135034696437	-0.963871977595	-0.266023455855	0	647.120248261	-61.9079642307	104.90023704	1	1668093162.17	1
-0.999794286369	-0.00914410242075	-0.0181043855894	0	0.0150193462336	0.266101328531	-0.963828044394	0	0.0136309449453	-0.963901689378	-0.265909249599	0	647.142947929	-61.5765869164	104.930585767	1	1668093162.23	1
-0.999793378654	-0.00915089082948	-0.0181505266664	0	0.0150631433539	0.266021964172	-0.963849250733	0	0.0136485373185	-0.963923521939	-0.265829159425	0	647.128665615	-61.3575673391	104.911496763	1	1668093162.27	1
-0.99979572607	-0.00916231878114	-0.018017832591	0	0.0149316784004	0.266058612737	-0.963841285546	0	0.0136247376392	-0.96391335241	-0.265867445414	0	647.041947444	-60.9620508309	104.878264761	1	1668093162.33	1
-0.999795519014	-0.00921427051277	-0.0180012949258	0	0.0149017715471	0.266068623997	-0.963838929233	0	0.0136706235805	-0.963910065233	-0.265876905705	0	647.017806146	-60.6651780213	104.880380152	1	1668093162.36	1
-0.999794963537	-0.0092688204612	-0.0180045739917	0	0.0148895232068	0.266132271869	-0.963821561971	0	0.0137250430148	-0.963891979313	-0.265939691573	0	646.976082545	-60.1777130835	104.929454049	1	1668093162.42	1
-0.999794792676	-0.00934162206404	-0.0179739204144	0	0.0148399911886	0.266174578783	-0.963810552418	0	0.0137877987843	-0.963879547857	-0.265981333378	0	646.937700669	-59.8109057597	104.946786268	1	1668093162.46	1
-0.99979714684	-0.00932809008351	-0.017849143472	0	0.0147227620973	0.266212502906	-0.963801860712	0	0.0137421548458	-0.963869197506	-0.266021172515	0	646.865703361	-59.3447739732	104.933527213	1	1668093162.52	1
-0.999797086379	-0.00935679246769	-0.0178390883878	0	0.0147053191869	0.266221007262	-0.963799835132	0	0.0137672184961	-0.963866599841	-0.266029393168	0	646.835939971	-58.9477054935	104.95399954	1	1668093162.55	1
-0.99979395674	-0.00946783938722	-0.0179571685493	0	0.0147893137846	0.266241605131	-0.963792919992	0	0.0139059269419	-0.963859856863	-0.266046718572	0	646.81517728	-58.402833276	105.030539933	1	1668093162.61	1
-0.999792916634	-0.00950315903492	-0.0179941829544	0	0.0148162671497	0.266194547615	-0.963805424276	0	0.0139491724752	-0.963872465389	-0.265998624478	0	646.781952635	-57.8294197671	105.057634483	1	1668093162.67	1
-0.999793798462	-0.0095034769025	-0.0179451853353	0	0.0147695200852	0.266155106905	-0.963817042546	0	0.0139358303142	-0.963883358167	-0.265959865224	0	646.740991391	-57.4569877246	105.0329071	1	1668093162.71	1
-0.999794962757	-0.00938005700478	-0.017943784347	0	0.0148018276302	0.266096757809	-0.963832604629	0	0.0138156541976	-0.963900649593	-0.265903363849	0	646.67671882	-56.900211662	105.010994392	1	1668093162.76	1
-0.99979585625	-0.00931830108753	-0.0179293490952	0	0.0148046735253	0.26607417013	-0.963838911937	0	0.0137518320714	-0.9639075432	-0.265881892999	0	646.6340762	-56.5066112023	105.001967622	1	1668093162.8	1
-0.999799031559	-0.00933968342948	-0.0177380079245	0	0.0146122220881	0.266235359911	-0.963797259741	0	0.0137240756649	-0.963862787689	-0.26604538492	0	646.483573936	-55.3382805286	105.037486275	1	1668093162.89	1
-0.999796807001	-0.00922076355799	-0.0179276307764	0	0.0148290179179	0.26606997173	-0.963839728273	0	0.0136572658728	-0.963909656332	-0.26587916437	0	646.519372499	-54.7482079814	105.051319719	1	1668093162.95	1
-0.999793896603	-0.00924076332852	-0.0180790023285	0	0.0149710425033	0.265970518444	-0.963864981535	0	0.0137152532113	-0.963936911587	-0.265777348239	0	646.543049101	-54.3863282409	105.065153123	1	1668093162.99	1
-0.999792392934	-0.00932235088494	-0.0181183197624	0	0.0149861461229	0.266047611753	-0.963843400488	0	0.0138056135007	-0.963914815106	-0.265852671276	0	646.475709509	-53.5213986609	105.119881568	1	1668093163.05	1
-0.9997896752	-0.00938250459658	-0.0182382673528	0	0.0150855948665	0.266061438232	-0.963838084756	0	0.0138956553584	-0.963910442035	-0.265863931307	0	646.468554878	-52.9908325497	105.175603287	1	1668093163.08	1
-0.999793212814	-0.00928268827714	-0.0180942549623	0	0.0149716633193	0.266176025995	-0.963808200829	0	0.0137629497781	-0.963879761035	-0.265982002462	0	646.375504768	-52.1508945296	105.189417615	1	1668093163.14	1
-0.99979415725	-0.00940598800366	-0.0179775115528	0	0.0148250265292	0.266265978111	-0.963785602317	0	0.0138521354061	-0.963853711277	-0.26607172282	0	646.29273627	-51.5911976487	105.180437096	1	1668093163.18	1
-0.999793581827	-0.00939023422233	-0.0180177784941	0	0.0148690496105	0.266195409455	-0.963804420178	0	0.0138465764084	-0.963873358199	-0.266000835368	0	646.238240879	-50.8213727864	105.166555042	1	1668093163.23	1
-0.999792473101	-0.00935425587244	-0.0180994935801	0	0.0149592264447	0.266068371413	-0.96383816331	0	0.0138316097489	-0.963908814605	-0.265873213091	0	646.206057106	-50.0150397458	105.200659921	1	1668093163.29	1
-0.99979398088	-0.00937784782101	-0.0180016972433	0	0.0148574873619	0.26615032669	-0.963817034952	0	0.0138296778819	-0.96388592112	-0.265956162304	0	646.129133421	-49.4165587517	105.227077011	1	1668093163.33	1
-0.999794303771	-0.00943955208935	-0.0179493430905	0	0.0147893950568	0.266233574312	-0.963795013979	0	0.0138765761262	-0.963862289188	-0.266039213412	0	646.026197079	-48.4781606266	105.259857727	1	1668093163.38	1
-0.999794557246	-0.00942202919664	-0.0179481602688	0	0.014791259335	0.266350198304	-0.963762897482	0	0.0138610314062	-0.963830309331	-0.266156107101	0	645.939730009	-47.8424969328	105.323954465	1	1668093163.42	1
-0.999793849262	-0.00936730480991	-0.0180161990392	0	0.0148726704018	0.266262586726	-0.963785856193	0	0.0138250458345	-0.963855051097	-0.266068371511	0	645.928377117	-47.4417631438	105.321408758	1	1668093163.48	1
-0.999793064666	-0.00927485427736	-0.0181038412518	0	0.0149851723513	0.266022064958	-0.963850401637	0	0.013755648298	-0.963922290457	-0.265828036723	0	645.891711878	-46.4873465373	105.270495803	1	1668093163.51	1
-0.999795407287	-0.00941523196598	-0.017902234258	0	0.0147519038897	0.266133147781	-0.963823383914	0	0.0138390055711	-0.963890291505	-0.265939807085	0	645.759263387	-45.4045802649	105.296458498	1	1668093163.57	1
-0.999795790334	-0.00942576176903	-0.0178765053719	0	0.0147239345438	0.26615903418	-0.963816707658	0	0.0138426638176	-0.96388306367	-0.265965893397	0	645.727832656	-45.0787756005	105.31752118	1	1668093163.61	1
-0.999795486154	-0.0094959640769	-0.0178563791989	0	0.0146847952839	0.266232754627	-0.963796944733	0	0.0139060969913	-0.963862015472	-0.266038855707	0	645.60584772	-43.6505171208	105.418890289	1	1668093163.67	1
-0.999791762351	-0.00948773743368	-0.0180661265863	0	0.0148906509803	0.266130435412	-0.96382197616	0	0.0139524653858	-0.963890317551	-0.26593374188	0	645.62258077	-43.0328794653	105.467119434	1	1668093163.7	1
-0.999791897573	-0.00934121359012	-0.0181356396943	0	0.0149977363887	0.266053887237	-0.963841477312	0	0.0138285083672	-0.963912894903	-0.265858423931	0	645.557542431	-41.9741761401	105.444763867	1	1668093163.76	1
-0.999797198035	-0.00910396093911	-0.0179643638208	0	0.0148952023354	0.266089972772	-0.963833145699	0	0.0135547992675	-0.96390522462	-0.265900399529	0	645.419071644	-40.9256744604	105.41179999	1	1668093163.82	1
-0.999796418952	-0.00917690989897	-0.0179679336138	0	0.0148793126283	0.266084153797	-0.96383490053	0	0.0136260659391	-0.963906089274	-0.265893444705	0	645.350055345	-40.174910533	105.429255629	1	1668093163.86	1
-0.999792853611	-0.00932218937768	-0.0180941036624	0	0.0149633653846	0.266011580439	-0.963853741007	0	0.0137984190107	-0.963924782291	-0.265816980036	0	645.310865469	-39.0876640834	105.485735668	1	1668093163.91	1
-0.999792475036	-0.0093270053564	-0.018112530639	0	0.0149800025445	0.266000906008	-0.963856428526	0	0.0138077944242	-0.963927681432	-0.265805979879	0	645.310514913	-39.0007553789	105.491129863	1	1668093163.95	1
-0.999796213949	-0.00930896350449	-0.017912629097	0	0.0147880470952	0.266283395182	-0.963781326198	0	0.0137416522065	-0.963849824989	-0.266091470273	0	645.094067362	-36.9532518888	105.629876498	1	1668093164.01	1
-0.999793679179	-0.00935763547311	-0.0180308312806	0	0.0148912650106	0.266128983595	-0.96382247567	0	0.0138175501701	-0.963892045865	-0.265934719743	0	645.079177936	-36.1820997445	105.596499178	1	1668093164.05	1
-0.999791719417	-0.00939316726436	-0.0181174464295	0	0.0149664360764	0.266049787398	-0.963843052606	0	0.0138737254652	-0.96391349954	-0.265853797252	0	645.014817794	-34.9790452165	105.584407925	1	1668093164.1	1
-0.99979333126	-0.0093863600069	-0.0180334483799	0	0.0148856595362	0.266162366321	-0.96381328049	0	0.0138465096843	-0.963882516328	-0.265967635081	0	644.939867763	-34.3421245667	105.618813666	1	1668093164.14	1
-0.999791828	-0.00942701564919	-0.0180963791416	0	0.0149330475863	0.266333468504	-0.963765313238	0	0.0139050559001	-0.963834872758	-0.266137245863	0	644.830443088	-32.8342315368	105.768249844	1	1668093164.2	1
-0.999790494271	-0.00934170744595	-0.0182126278029	0	0.0150695867784	0.26620965499	-0.963797347292	0	0.0138518904714	-0.96386988325	-0.2660131069	0	644.843426115	-32.5036699171	105.778586568	1	1668093164.24	1
-0.999793936239	-0.00933364693214	-0.0180260061585	0	0.0148926333736	0.266153082679	-0.96381569051	0	0.0137936232126	-0.963885568074	-0.265959239181	0	644.640150508	-30.7364012925	105.730124778	1	1668093164.29	1
-0.999795365737	-0.00937092413982	-0.0179285971075	0	0.0147882282977	0.266194518736	-0.963805908716	0	0.0138042244944	-0.963873791631	-0.2660014643	0	644.540801388	-29.8652351294	105.729802642	1	1668093164.35	1
-0.999795529356	-0.00943529978843	-0.0178834076581	0	0.0147262478889	0.266283550846	-0.963782182104	0	0.0138556885922	-0.963848529172	-0.266090163834	0	644.434746699	-28.8192755855	105.77968155	1	1668093164.39	1
-0.999793041022	-0.00938739596092	-0.0180488491666	0	0.0148991757637	0.266235707274	-0.963792809858	0	0.013852743951	-0.96386224847	-0.266040741902	0	644.404135838	-27.6768818446	105.86521903	1	1668093164.44	1
-0.999792366234	-0.00949297013237	-0.0180324476335	0	0.014854932172	0.266259842135	-0.963786878269	0	0.0139504563729	-0.963854574801	-0.266063533127	0	644.269153381	-26.1407869488	105.937096097	1	1668093164.48	1
-0.999796034837	-0.00935312075561	-0.0179011007192	0	0.0147675564755	0.266117876304	-0.96382740993	0	0.0137785561159	-0.963895137811	-0.265925470008	0	644.108965302	-24.8110432486	105.871502549	1	1668093164.54	1
-0.999795590428	-0.00930340490976	-0.0179492679232	0	0.0148282618753	0.266043433046	-0.963846938709	0	0.0137423903027	-0.963916122116	-0.265851103397	0	644.050386085	-23.8733895234	105.880390458	1	1668093164.58	1
-0.999796616076	-0.0092712762599	-0.0179105649521	0	0.0147974328107	0.266189032476	-0.963807278896	0	0.0137033013517	-0.963876268454	-0.265997700698	0	643.919129059	-22.520260435	105.960584395	1	1668093164.63	1
-0.999795266349	-0.00930006103935	-0.0179697984687	0	0.0148455567986	0.26628116435	-0.963781049219	0	0.013748261739	-0.963850522505	-0.266088585421	0	643.831985714	-21.3732619226	106.050805729	1	1668093164.67	1
-0.999795374508	-0.00931300470524	-0.0179597440818	0	0.0148327505038	0.266258969573	-0.963787475243	0	0.0137576259931	-0.963856578855	-0.266066340051	0	643.752198023	-20.3772853464	106.062415077	1	1668093164.73	1
-0.999796178608	-0.00931373299779	-0.0179134406026	0	0.014788007953	0.266252465121	-0.96378991967	0	0.0137459444838	-0.963858348004	-0.2660604615	0	643.704888577	-19.9483068205	106.052957037	1	1668093164.76	1
-0.999793350249	-0.00938523660489	-0.0180334958435	0	0.0148877151471	0.266043424538	-0.963846106063	0	0.0138435843854	-0.963915373108	-0.265848718226	0	643.552417374	-17.4061936306	106.066822878	1	1668093164.82	1
-0.999793729395	-0.00920105055422	-0.0181065715735	0	0.0150064799077	0.266089366112	-0.963831557672	0	0.0136862205633	-0.963904455086	-0.265896403328	0	643.499442349	-16.354889507	106.167304497	1	1668093164.86	1
-0.999795581294	-0.00937834572743	-0.0179123102317	0	0.014769280682	0.266283217913	-0.963781683249	0	0.0138084169617	-0.963849211815	-0.26609027223	0	643.287294176	-14.7367146044	106.213916682	1	1668093164.91	1
-0.999793981776	-0.00924947428684	-0.0180667308471	0	0.0149559574682	0.266035361925	-0.963847206972	0	0.0137215032018	-0.963918875674	-0.26584222301	0	643.239791131	-13.2395298377	106.165748026	1	1668093164.97	1
-0.999795712162	-0.00916608010263	-0.0180128413641	0	0.0149250760535	0.266113121139	-0.963826199445	0	0.0136280152558	-0.963898197495	-0.265921959287	0	643.142502396	-12.130423049	106.202982369	1	1668093165.01	1
-0.99979675287	-0.00918021099821	-0.0179480553187	0	0.0148558243031	0.266328148009	-0.963767885101	0	0.0136277082182	-0.963838677998	-0.266137643044	0	643.011606297	-10.9018332597	106.30464112	1	1668093165.06	1
-0.999792284326	-0.00917044845257	-0.0182011377425	0	0.0151043817886	0.266187863816	-0.963802811772	0	0.0136834355005	-0.963877541156	-0.265994059581	0	642.979582171	-9.41676122688	106.367965461	1	1668093165.1	1
-0.999791502464	-0.00916652969388	-0.0182468707563	0	0.0151505754857	0.266113244554	-0.963822724324	0	0.0136906219625	-0.963898198888	-0.265918879875	0	642.967140341	-9.07088966071	106.363432928	1	1668093165.16	1
-0.99979716312	-0.00939309469341	-0.0178172314449	0	0.0146738850323	0.26627083554	-0.963786604632	0	0.013797097348	-0.963852511221	-0.266078986887	0	642.629851632	-6.65860112479	106.35841711	1	1668093165.2	1
-0.999793108307	-0.00934794832658	-0.0180647375186	0	0.0149253975241	0.26620684306	-0.963800345994	0	0.0138185339623	-0.96387058821	-0.266012247725	0	642.575592913	-5.084629145	106.466545321	1	1668093165.25	1
-0.999792089693	-0.0092952046053	-0.0181475296302	0	0.0150193417702	0.266199608848	-0.963800862434	0	0.0137896345949	-0.963873084791	-0.26600466038	0	642.516882346	-4.00994711686	106.529158654	1	1668093165.29	1
-0.999794176064	-0.00922144231574	-0.0180729390136	0	0.0149678732946	0.266143441616	-0.963817280068	0	0.0136977199083	-0.963889357888	-0.265950630574	0	642.359411034	-2.37507846869	106.506078301	1	1668093165.35	1
-0.999793987696	-0.00923472717324	-0.0180744282575	0	0.014966550969	0.266088133624	-0.963832492877	0	0.0137101377703	-0.96390445994	-0.265895106137	0	642.286987194	-1.42955274665	106.502539875	1	1668093165.38	1
-0.999794832411	-0.00932917730471	-0.0179796971065	0	0.0148481814897	0.266223328684	-0.963797017115	0	0.0137780382433	-0.963866233309	-0.26603018582	0	642.107040175	0.390270980182	106.597266691	1	1668093165.44	1
-0.99979431338	-0.00933057800711	-0.0180088474475	0	0.0148756708124	0.266240395359	-0.96379191661	0	0.0137873716758	-0.963861525142	-0.266046829217	0	641.993582779	2.04937111485	106.698490813	1	1668093165.5	1
-0.999796868046	-0.00930505094806	-0.0178805310878	0	0.0147592469804	0.266207003963	-0.963802957688	0	0.0137280846034	-0.963871008994	-0.266015584664	0	641.87472037	3.13724169331	106.681662038	1	1668093165.54	1
-0.999796227336	-0.00941195183744	-0.0178569094101	0	0.0147089727056	0.266140358607	-0.963822005725	0	0.0138239395994	-0.963888310339	-0.265947692061	0	641.73347407	4.71326842449	106.666740249	1	1668093165.59	1
-0.999793079423	-0.00927308250085	-0.0181044925701	0	0.0149864534968	0.266009499094	-0.963853870247	0	0.0137538985661	-0.963925785846	-0.26581548973	0	641.74391011	5.63548340701	106.696543052	1	1668093165.63	1
-0.999794395518	-0.00921687418649	-0.0180636499073	0	0.0149584875045	0.266259507374	-0.963785387592	0	0.0136926288181	-0.963857356504	-0.266066883576	0	641.572561607	7.34720745232	106.840086375	1	1668093165.69	1
-0.999795364317	-0.00928303500496	-0.0179755182293	0	0.0148553473362	0.266299861282	-0.963775818437	0	0.01373357911	-0.963845565328	-0.266107456694	0	641.45471114	8.42776338299	106.854582847	1	1668093165.73	1
-0.999795433011	-0.00921824335645	-0.0180037180337	0	0.0149024170453	0.266113197875	-0.96382660186	0	0.0136757976645	-0.963897716406	-0.265921383752	0	641.36967959	9.87317350313	106.815229824	1	1668093165.78	1
-0.999794219084	-0.00934238830325	-0.0180057915376	0	0.0148717294168	0.266089621046	-0.963833536121	0	0.0137956916913	-0.963903004736	-0.265895930944	0	641.301890271	10.9994039269	106.844900535	1	1668093165.82	1
-0.999792827852	-0.00940115612029	-0.018055325344	0	0.0149034321461	0.266119960383	-0.963824777	0	0.013865875629	-0.963894112579	-0.26592470961	0	641.201193356	12.4749593889	106.930701549	1	1668093165.88	1
-0.999790208386	-0.00935045846025	-0.0182219795823	0	0.0150781602812	0.266077799885	-0.963833555023	0	0.0138608164753	-0.96390617052	-0.26588099905	0	641.177702796	13.4952137835	107.012495303	1	1668093165.92	1
-0.999791607722	-0.00928332106386	-0.0181798126385	0	0.0150556793237	0.266055791662	-0.963839994052	0	0.0137845352442	-0.963912900656	-0.265860587363	0	641.047653953	14.8938283609	107.017689149	1	1668093165.97	1
-0.999793429823	-0.00929082406975	-0.0180775239837	0	0.0149554119195	0.266032859319	-0.963847959827	0	0.0137641388869	-0.963919196302	-0.265838954624	0	640.942537271	15.8437231111	106.987086452	1	1668093166.01	1
-0.999795221205	-0.00921666893584	-0.01801798796	0	0.0149173757862	0.266058604421	-0.963841504227	0	0.0136771707151	-0.963912833944	-0.265866623637	0	640.811514782	17.2359469313	107.016638953	1	1668093166.07	1
-0.999794852907	-0.00922974590595	-0.0180286733782	0	0.0149240613762	0.266067238214	-0.963838906186	0	0.0136928579108	-0.963910268457	-0.265874913544	0	640.770999022	17.7504226761	107.03830432	1	1668093166.12	1
-0.999795866787	-0.00930425159671	-0.0179329143192	0	0.0148080494691	0.266339379734	-0.963765493998	0	0.013743423187	-0.963834373376	-0.266147240832	0	640.56097702	19.6047963374	107.184018617	1	1668093166.16	1
-0.999793156397	-0.00923930921762	-0.0181206342032	0	0.0150086150842	0.266177653752	-0.963807216043	0	0.0137281441267	-0.963879748619	-0.265983918426	0	640.553280135	20.5785831162	107.189010814	1	1668093166.22	1
-0.999794111971	-0.00926302850423	-0.0180529170365	0	0.0149376740766	0.266131126689	-0.963821065411	0	0.0137323669879	-0.963892316339	-0.265937967923	0	640.434027621	21.8054249328	107.160569481	1	1668093166.26	1
-0.999797164281	-0.00929894569975	-0.017867358748	0	0.0147477361126	0.266237790168	-0.963794638028	0	0.0137191587198	-0.96386256878	-0.266046639727	0	640.266074457	23.1042522208	107.176664471	1	1668093166.31	1
-0.99979633953	-0.00920355268164	-0.017962646924	0	0.0148659250404	0.266170733431	-0.963811343502	0	0.0136515379939	-0.963882004224	-0.265979696154	0	640.245481018	23.9278439084	107.205791143	1	1668093166.35	1
-0.999793282426	-0.00922930871854	-0.0181159010713	0	0.0150075556131	0.266117369697	-0.963823774023	0	0.0137164091243	-0.963896435794	-0.265923852232	0	640.206543369	25.2246534578	107.26963049	1	1668093166.41	1
-0.999793328603	-0.00925369569402	-0.0181026231008	0	0.0149869745607	0.266208849183	-0.963798894425	0	0.0137377448973	-0.963870973516	-0.266015142412	0	640.122002363	26.0732605444	107.324982241	1	1668093166.45	1
-0.99979361654	-0.0092876128589	-0.0180660651675	0	0.0149417811621	0.26627266486	-0.963781848569	0	0.013761812676	-0.963852958769	-0.266078946531	0	640.063363459	26.6435518579	107.35938068	1	1668093166.5	1
-0.999793196552	-0.0093434120222	-0.0180609437328	0	0.0149218930121	0.266279945855	-0.963780160017	0	0.0138143283652	-0.963850415693	-0.26608546457	0	639.944920076	28.0593398443	107.387579219	1	1668093166.54	1
-0.999791950881	-0.00931915376374	-0.0181427551892	0	0.0150089717981	0.266157403304	-0.963812674971	0	0.0138107951778	-0.963884506131	-0.265962164182	0	639.88463929	29.1542604111	107.363970579	1	1668093166.6	1
-0.999796252065	-0.00927034434047	-0.0179301727757	0	0.0148149806781	0.266301248687	-0.963775967008	0	0.0137093861069	-0.963845258135	-0.266109653146	0	639.72009151	30.3373703919	107.396672535	1	1668093166.65	1
-0.999796746988	-0.00925217939484	-0.0179116297454	0	0.0148015310175	0.266329949243	-0.963768231385	0	0.0136873949049	-0.963837496581	-0.266138874536	0	639.661850483	30.933921771	107.419928461	1	1668093166.69	1
-0.999796072147	-0.00925963870232	-0.0179483503063	0	0.014835452037	0.266295199152	-0.963777418694	0	0.0137037211614	-0.963847081356	-0.26610351515	0	639.5785387	32.1888132134	107.447984281	1	1668093166.75	1
-0.99979298491	-0.00926675680097	-0.0181123331457	0	0.0149926713382	0.266221139843	-0.963795316258	0	0.0137531998632	-0.963867404702	-0.266027101274	0	639.576556645	32.9040700164	107.483014629	1	1668093166.79	1
-0.999793465741	-0.00915122075454	-0.0181450530478	0	0.0150542807292	0.266268804883	-0.963781208572	0	0.0136512737038	-0.963855352499	-0.266076050585	0	639.489658183	33.9234471588	107.558714002	1	1668093166.84	1
-0.999794002723	-0.00922159069282	-0.0180818838706	0	0.0149746697132	0.266268956355	-0.96378248602	0	0.0137022123941	-0.963854680638	-0.266076010781	0	639.421983062	34.6303411342	107.5685774	1	1668093166.88	1
-0.999792468695	-0.0094196997562	-0.0180654889581	0	0.014906995965	0.266210328516	-0.963799763878	0	0.0138878521225	-0.963868976325	-0.266014653703	0	639.347973632	35.6552101143	107.566564389	1	1668093166.94	1
-0.999793058169	-0.00939971204739	-0.0180405027843	0	0.0148885466444	0.266187114884	-0.963806359912	0	0.013861677763	-0.963875530714	-0.265992084634	0	639.289260881	36.3385108574	107.564832229	1	1668093166.98	1
-0.999790676433	-0.00935740428602	-0.0181961355662	0	0.0150512747327	0.266087661619	-0.963831378717	0	0.0138606708208	-0.963903445635	-0.265891115782	0	639.263454843	37.2941878975	107.591117452	1	1668093167.03	1
-0.999790941572	-0.00935444096306	-0.0181825710236	0	0.0150385588776	0.266117197684	-0.963823403673	0	0.0138546862288	-0.963895310669	-0.265920881927	0	639.208541676	37.9499387556	107.624039462	1	1668093167.07	1
-0.99979282523	-0.00936960007166	-0.0180692033141	0	0.0149244569667	0.266170996135	-0.963810261558	0	0.0138400353391	-0.963880277967	-0.265976018454	0	639.107259697	38.7575480472	107.63541115	1	1668093167.13	1
-0.999792966223	-0.00934195107518	-0.0180754787502	0	0.0149379836732	0.266162386851	-0.963812420854	0	0.0138149303244	-0.963882919236	-0.265967735751	0	639.041053324	39.4651196905	107.643065305	1	1668093167.16	1
-0.999792988543	-0.00918854611044	-0.0181545825924	0	0.015054219075	0.266221363152	-0.963794392336	0	0.0136889693084	-0.963868141762	-0.266027921502	0	638.995743665	40.3206740437	107.735220713	1	1668093167.22	1
-0.999792670688	-0.00919258975779	-0.0181668268287	0	0.0150652547165	0.266198504273	-0.963800415954	0	0.0136958811549	-0.963874355967	-0.266004833821	0	638.934281634	41.1940156353	107.757187928	1	1668093167.28	1
-0.999793922859	-0.00918070606845	-0.0181067065454	0	0.0150106103772	0.266188976839	-0.963804005786	0	0.0136681809872	-0.96387715487	-0.26599631034	0	638.870166676	41.7324813637	107.744000972	1	1668093167.31	1
-0.999795505555	-0.00920958087198	-0.0180048864398	0	0.0149039163159	0.266249638872	-0.963788924626	0	0.0136698419742	-0.963860134447	-0.266057928269	0	638.760071217	42.5761390653	107.759077444	1	1668093167.37	1
-0.999796347922	-0.00922235433645	-0.0179499741164	0	0.0148465816603	0.266319677993	-0.963770403168	0	0.0136686726403	-0.963840634119	-0.26612852207	0	638.695947466	43.1469814384	107.796212578	1	1668093167.41	1
-0.999795680313	-0.00927257542623	-0.0179630590265	0	0.0148457259833	0.266327492119	-0.963768321527	0	0.0137206171937	-0.963838026299	-0.266135411777	0	638.679830133	43.3474981084	107.807615299	1	1668093167.46	1
-0.999793278973	-0.00927567394095	-0.0180921408893	0	0.0149714390948	0.266178936326	-0.963807325376	0	0.0137557444213	-0.963878986187	-0.265985045453	0	638.6398694	44.3451018879	107.792876086	1	1668093167.5	1
-0.999794685563	-0.00915188296307	-0.0180767111632	0	0.0149903644987	0.266117237788	-0.963824041715	0	0.0136313906332	-0.963897191804	-0.265925417175	0	638.594479131	45.0742029389	107.78784189	1	1668093167.56	1
-0.999794312076	-0.00913518059732	-0.0181069242638	0	0.0150244155426	0.266083492048	-0.963832869678	0	0.0136227619684	-0.963906687586	-0.265891513587	0	638.574448378	45.5282607529	107.79836685	1	1668093167.6	1
-0.999795248494	-0.00920219148815	-0.0180193104914	0	0.0149212079026	0.266148114876	-0.963816565781	0	0.0136651140853	-0.963888175672	-0.265956322639	0	638.498813367	46.2378293379	107.83492251	1	1668093167.65	1
-0.99979564574	-0.00923589472141	-0.0179831126133	0	0.0148769338453	0.266178403619	-0.963808999511	0	0.0136883277257	-0.963879548022	-0.265986603988	0	638.470400616	46.4980160841	107.851125555	1	1668093167.69	1
-0.999796404157	-0.00937550277952	-0.0178675542158	0	0.0147269586295	0.266278568592	-0.963783606033	0	0.0137937033161	-0.963850519098	-0.26608628282	0	638.351784032	47.4244631989	107.89429129	1	1668093167.75	1
-0.999793218514	-0.00925805719709	-0.0181046248405	0	0.014988233449	0.266173837607	-0.963808477002	0	0.0137420021757	-0.963880565902	-0.265980039445	0	638.373548979	47.95174591	107.932476791	1	1668093167.8	1
-0.999792568852	-0.00916583947139	-0.0181874323058	0	0.0150935808516	0.266104190809	-0.963826071841	0	0.0136740506225	-0.963900681087	-0.265910649927	0	638.368823895	48.3135433193	107.936970003	1	1668093167.84	1
-0.99979780327	-0.0091027442242	-0.0179318479308	0	0.0148625034248	0.266209461034	-0.963800675935	0	0.0135468009171	-0.963872253773	-0.266020338046	0	638.230360229	48.9099913932	107.922846777	1	1668093167.9	1
-0.999797377159	-0.00926042009318	-0.0178742020838	0	0.0147645150503	0.266242194797	-0.96379311917	0	0.013683958657	-0.963861699767	-0.266051518076	0	638.17906578	49.2246612799	107.922283328	1	1668093167.94	1
-0.999797405718	-0.0092761294467	-0.0178629110811	0	0.0147495602673	0.266233921397	-0.963795577791	0	0.0136960224998	-0.96386380528	-0.266043167094	0	638.129929395	49.8407001893	107.934706567	1	1668093167.99	1
-0.999797761924	-0.00920648192301	-0.0178778779246	0	0.0147822484627	0.266252704253	-0.9637898478	0	0.0136332037403	-0.963859263899	-0.266062771928	0	638.104790077	50.1892165556	107.962211111	1	1668093168.03	1
-0.999797137782	-0.00919697193471	-0.0179181645597	0	0.0148234501404	0.266264533294	-0.963785966319	0	0.0136349220178	-0.96385609691	-0.266074191842	0	638.078147834	50.6715291711	107.997870196	1	1668093168.09	1
-0.99979545327	-0.0093348898948	-0.0179433092418	0	0.0148110143908	0.266263587165	-0.963786509118	0	0.0137744406751	-0.963855078839	-0.266070858771	0	638.057663312	50.9996531175	108.011499509	1	1668093168.12	1
-0.999797348406	-0.00928562825738	-0.0178594593536	0	0.0147433781609	0.266256317264	-0.963789423332	0	0.0137046619636	-0.963857495429	-0.266065467559	0	638.00742693	51.4741272358	108.002722859	1	1668093168.18	1
-0.999795835015	-0.00929114695934	-0.0179410482582	0	0.0148217676555	0.266171524003	-0.963811639228	0	0.0137303922097	-0.963880860134	-0.265979479268	0	638.018983715	51.7451418164	107.994579498	1	1668093168.22	1
-0.999793813766	-0.00926991923706	-0.01806887173	0	0.0149523895191	0.266050315564	-0.963843256117	0	0.0137418938394	-0.96391461446	-0.265856842371	0	638.040825174	52.0919499396	107.984907027	1	1668093168.28	1
-0.999793315476	-0.00923093129495	-0.0181123223051	0	0.0150049520498	0.266027221729	-0.963848666425	0	0.0137156507464	-0.963921286744	-0.265833735237	0	638.038163357	52.3333131328	107.996862717	1	1668093168.31	1
-0.999793671485	-0.00937421046538	-0.0180208949169	0	0.0148773049408	0.266126454734	-0.963823325717	0	0.0138309057686	-0.963892550195	-0.265932080658	0	637.966344399	52.7367701412	108.023873917	1	1668093168.37	1
-0.999794544894	-0.00947091185467	-0.0179192260129	0	0.0147525854933	0.266194190469	-0.963806451292	0	0.0138981899363	-0.963872856474	-0.265999787269	0	637.901140779	53.1240634877	108.035416807	1	1668093168.43	1
-0.999795622036	-0.00945101013331	-0.0178705675473	0	0.0147106762967	0.266215178274	-0.963801331157	0	0.0138663473362	-0.963867273953	-0.266021743081	0	637.877502502	53.2571344025	108.036689407	1	1668093168.46	1
-0.999795004677	-0.00942094823138	-0.0179222584387	0	0.0147690044094	0.266180866296	-0.963809964791	0	0.0138505532603	-0.963877069534	-0.265987160942	0	637.86732707	53.5883995062	108.04423215	1	1668093168.52	1
-0.999797217208	-0.00925153687766	-0.0178843701981	0	0.0147773383001	0.266194636764	-0.963805937026	0	0.0136774912203	-0.963874857743	-0.266003953518	0	637.81831207	54.0254310111	108.052779717	1	1668093168.61	1
-0.999798237787	-0.0092373788534	-0.0178346439378	0	0.0147328999789	0.266213640176	-0.963801371406	0	0.0136509027474	-0.963869746591	-0.26602384416	0	637.784630603	54.1924948653	108.047210626	1	1668093168.65	1
-0.999797778235	-0.00928891712964	-0.0178375429218	0	0.0147215119677	0.266248135961	-0.96379215741	0	0.0137017396149	-0.963859795586	-0.26605754106	0	637.755776285	54.4122456806	108.06421122	1	1668093168.71	1
-0.999796450684	-0.00928994820355	-0.0179078761898	0	0.0147894310187	0.266219306536	-0.963798958653	0	0.0137211259127	-0.963867685684	-0.266027731871	0	637.765677308	54.5251760386	108.072273457	1	1668093168.75	1
-0.999793294652	-0.00926876886654	-0.0180952100708	0	0.0149770566445	0.266121458735	-0.963823124616	0	0.0137489984257	-0.963894930896	-0.265927633575	0	637.785286006	55.0228526965	108.094357467	1	1668093168.99	1
-0.999793837541	-0.00923387408387	-0.0180833112061	0	0.0149747401109	0.266130444793	-0.963820688947	0	0.0137123302041	-0.963892789709	-0.265937305183	0	637.775577803	55.1111607771	108.100003229	1	1668093169.09	1
