-0.999984292519	-0.00535497904125	0.00163048303091	0	-0.0043405452401	0.557848017062	-0.829931685983	0	0.00353477848023	-0.829925800232	-0.55786251994	0	635.538549712	-69.2204089511	112.880940696	1	1668093258.24	1
-0.999983865617	-0.0053762678495	0.00181086004679	0	-0.00450210555802	0.557843107183	-0.829934120482	0	0.00345184994647	-0.82992896007	-0.557858334238	0	635.498929663	-69.2073778016	112.766912275	1	1668093258.96	1
-0.999983803129	-0.00546077604687	0.00161166257593	0	-0.00438392987748	0.557850993556	-0.829929571611	0	0.00363297000339	-0.829923172881	-0.557865891275	0	635.54908962	-69.1465204576	112.894577177	1	1668093259.05	1
-0.999983656439	-0.00551514905777	0.00147554717479	0	-0.00430140199565	0.557867136224	-0.82991902485	0	0.00375405250816	-0.829911892323	-0.557881766618	0	635.579121427	-69.0887133817	112.987915284	1	1668093259.11	1
-0.999984537879	-0.00536849564395	0.00144799212941	0	-0.00419670385981	0.557870017409	-0.829917718456	0	0.00364762426436	-0.829910968946	-0.557883923318	0	635.564528653	-69.0011569531	112.978789694	1	1668093259.2	1
-0.999984538678	-0.00536589083588	0.00145398479998	0	-0.00420036364587	0.557901217225	-0.829896716778	0	0.00364196948958	-0.829890006891	-0.557915134229	0	635.544027938	-68.8155852543	112.972754056	1	1668093259.3	1
-0.999984385949	-0.00540144708465	0.00145660459227	0	-0.00422250784138	0.557936630541	-0.829872889615	0	0.00366975803217	-0.829866019251	-0.557950707772	0	635.530183795	-68.7097380398	112.992753858	1	1668093259.33	1
-0.999983226663	-0.00556480083835	0.00159723266826	0	-0.00443001961273	0.557854864628	-0.82992666764	0	0.00372737837197	-0.829919848458	-0.557870167346	0	635.464937097	-68.5551324959	112.995340742	1	1668093259.39	1
-0.999984405249	-0.00540151900345	0.00141659756096	0	-0.0041866452064	0.557324659165	-0.83028409909	0	0.00369529615839	-0.830277087361	-0.557338583716	0	635.524789551	-68.4325320443	112.882008996	1	1668093259.48	1
-0.999984869538	-0.0053267571148	0.00138458406731	0	-0.00411963368801	0.55760858311	-0.830093821488	0	0.00364962416545	-0.830086937807	-0.557622082228	0	635.495834981	-68.1356462674	112.921503864	1	1668093259.54	1
-0.999984778718	-0.00534165244262	0.001369614098	0	-0.0041160441696	0.557724517845	-0.830015879359	0	0.00366981932984	-0.830008913094	-0.557738024017	0	635.485650373	-67.9983726414	112.948078239	1	1668093259.58	1
-0.999983709104	-0.00553418177035	0.00141414889648	0	-0.00426128397479	0.557923835567	-0.829881267249	0	0.00380368490921	-0.829873732471	-0.557938316927	0	635.424008334	-67.5748991544	113.031053936	1	1668093259.64	1
-0.999983963393	-0.00548332520407	0.00141213635303	0	-0.00423061084812	0.557781823777	-0.829976817295	0	0.00376337974038	-0.829969492377	-0.557796079897	0	635.383525496	-67.1278094067	112.964949043	1	1668093259.73	1
-0.999983968403	-0.00549506473221	0.00134644938687	0	-0.00418266706608	0.557785129414	-0.829974792459	0	0.00380978530943	-0.829967167771	-0.557799185911	0	635.378470172	-66.8941384559	112.994020477	1	1668093259.77	1
-0.999983862891	-0.00550217842093	0.00143040984357	0	-0.00425670218337	0.557875351828	-0.829913884695	0	0.00376830180888	-0.829906539185	-0.557889758016	0	635.304447363	-66.5182795373	113.052509087	1	1668093259.83	1
-0.999983750826	-0.0055063080033	0.00146561223299	0	-0.00428844321757	0.557919511546	-0.829883951072	0	0.0037519309449	-0.829876779212	-0.557934067581	0	635.257206708	-66.238933204	113.12047671	1	1668093259.86	1
-0.999984273927	-0.00545604233089	0.0013022769381	0	-0.00412403001518	0.557744076011	-0.830002747357	0	0.00380218153511	-0.829995053996	-0.557757802415	0	635.29517502	-65.9105935382	113.096341104	1	1668093259.92	1
-0.999984529563	-0.00539878606156	0.00134085569229	0	-0.00412400270438	0.557718564492	-0.830019881064	0	0.00373327586455	-0.830012566209	-0.55773219983	0	635.256315084	-65.6289650715	113.053839489	1	1668093259.96	1
-0.999983770044	-0.00547507285273	0.00156271834526	0	-0.00435144404632	0.557882739334	-0.829908331905	0	0.00367203253616	-0.829901700041	-0.557897520511	0	635.123747652	-65.1613187047	113.049426334	1	1668093260.01	1
-0.999983509035	-0.00551142193291	0.00159110472874	0	-0.00439547282222	0.557923535614	-0.829880638	0	0.00368617536575	-0.829874013699	-0.557938580293	0	635.09061695	-64.9607126297	113.061797872	1	1668093260.05	1
-0.999983985525	-0.00549086998329	0.00139396063462	0	-0.00421990980832	0.557825288317	-0.829947743223	0	0.00377949015783	-0.829940276124	-0.557839508704	0	635.094751765	-64.3779675773	113.097632054	1	1668093260.11	1
-0.999983852645	-0.00553134046987	0.00132483135903	0	-0.00418520348351	0.557844570806	-0.829934950124	0	0.00385155125982	-0.829927042192	-0.557858697629	0	635.076547821	-64.0396398191	113.152685674	1	1668093260.17	1
-0.999983783095	-0.0055489278871	0.00127176747047	0	-0.0041507374293	0.557788994303	-0.829972386769	0	0.00389610235171	-0.829964229209	-0.557802987735	0	635.02992763	-63.5197169443	113.199322198	1	1668093260.2	1
-0.999984647704	-0.00532250829943	0.00152831604053	0	-0.0042373656141	0.55778742311	-0.829972989664	0	0.00356509872567	-0.829966759664	-0.557801423881	0	634.915491967	-62.9919100463	113.13615598	1	1668093260.26	1
-0.999984331153	-0.00533959850794	0.00166238646098	0	-0.00435843448212	0.557847237198	-0.829932135936	0	0.00350420384681	-0.829926434232	-0.557861785589	0	634.829475942	-62.5726567659	113.126043037	1	1668093260.3	1
-0.999984288109	-0.00532245393747	0.00176359175822	0	-0.00443307361006	0.557903119209	-0.829894261405	0	0.00343314673035	-0.829889026464	-0.557917944208	0	634.741664789	-61.9829836727	113.152680856	1	1668093260.35	1
-0.999985155606	-0.00514786229769	0.0017634534088	0	-0.00433565011427	0.557921854709	-0.829882078303	0	0.00328832094097	-0.8298774762	-0.557935913195	0	634.719637021	-61.5570600018	113.242234989	1	1668093260.39	1
-0.999985184911	-0.0051504688217	0.00174079454138	0	-0.00431831766734	0.557926743456	-0.829878888617	0	0.00330309546618	-0.829874176961	-0.557940738615	0	634.716840646	-61.4816642643	113.260841869	1	1668093260.45	1
-0.999984792454	-0.00526942338782	0.00161265150317	0	-0.00427807469593	0.557864138503	-0.82992121008	0	0.00347360905411	-0.829915531189	-0.557878210547	0	634.677563247	-60.8729911691	113.261254629	1	1668093260.49	1
-0.999983248137	-0.00556305119595	0.00160125824776	0	-0.00443249899619	0.557882711068	-0.829907975858	0	0.00372349885296	-0.829901163541	-0.557898021518	0	634.534704764	-59.802390944	113.238805677	1	1668093260.54	1
-0.999983158619	-0.00560513794661	0.00151126227766	0	-0.00438116801974	0.557856799967	-0.829925677766	0	0.00380876262226	-0.829918304474	-0.557871956804	0	634.505851977	-59.3572297222	113.276312036	1	1668093260.58	1
-0.999983203197	-0.00561471982931	0.00142949989723	0	-0.00431861608955	0.557845569333	-0.829933506575	0	0.00386242654704	-0.829925762346	-0.557860453822	0	634.456121649	-58.6345773884	113.372092139	1	1668093260.64	1
-0.999983407811	-0.00552031091741	0.00163009935612	0	-0.00443269064527	0.557901584304	-0.829895220579	0	0.00367189304975	-0.829888724789	-0.557916811661	0	634.315502005	-57.864440848	113.365771471	1	1668093260.69	1
-0.99998484402	-0.00527302275382	0.00160534918428	0	-0.0042735037261	0.557748552632	-0.829999046213	0	0.00348115860907	-0.829993263356	-0.557762614727	0	634.203825329	-56.6464230183	113.352398372	1	1668093260.79	1
-0.999984454277	-0.00533851573406	0.00161478721145	0	-0.00431807831488	0.557794399661	-0.829967945844	0	0.00353006299255	-0.829962001533	-0.557808776127	0	634.143161384	-56.0743421577	113.41647934	1	1668093260.83	1
-0.999983643764	-0.00544381777884	0.00175594471855	0	-0.00449429662951	0.557868911148	-0.829916917949	0	0.00353832376351	-0.829911229646	-0.557884250944	0	634.029441973	-55.4124290335	113.40703218	1	1668093260.88	1
-0.999983691065	-0.00549106976775	0.00155268237273	0	-0.00435186856179	0.557843337829	-0.829934799785	0	0.00369112651565	-0.829928071485	-0.557858151255	0	633.927120158	-53.8614686342	113.558700468	1	1668093260.98	1
-0.999983828957	-0.0054875613706	0.00150614367363	0	-0.00431104909488	0.557796362581	-0.829966689305	0	0.0037143351924	-0.829959724565	-0.55781098878	0	633.875981624	-53.2039642496	113.569038209	1	1668093261.02	1
-0.999984514927	-0.00538210640322	0.00140104567219	0	-0.00416456370718	0.557694177383	-0.830036016341	0	0.00368602357561	-0.830029034233	-0.557707966351	0	633.816451613	-52.34615	113.564932709	1	1668093261.07	1
-0.999984262122	-0.00539811696947	0.00153265985901	0	-0.00428330091788	0.557826234814	-0.829946726647	0	0.00362517957747	-0.829940217875	-0.557840574005	0	633.685356732	-51.6907909666	113.60712032	1	1668093261.11	1
-0.999983726223	-0.00543727491909	0.00171068343541	0	-0.004453220333	0.55789678526	-0.829898332619	0	0.0035580525271	-0.829892496855	-0.557911934932	0	633.523454208	-50.7044377781	113.572403495	1	1668093261.16	1
-0.999983972565	-0.00541707719343	0.00167283748084	0	-0.00441040427358	0.557874270619	-0.829913855331	0	0.00356239365399	-0.829907851304	-0.55788919691	0	633.495711784	-50.3574723045	113.581003429	1	1668093261.22	1
-0.999983995679	-0.00544855899273	0.00153504839132	0	-0.00431355164599	0.557856859894	-0.829926008942	0	0.00366553179698	-0.829919316401	-0.55787142502	0	633.396050939	-49.0807933198	113.673450633	1	1668093261.26	1
-0.999984444132	-0.00538683647384	0.00141741363068	0	-0.00418091870757	0.55772077324	-0.83001801525	0	0.00368072736302	-0.830011106518	-0.557734642138	0	633.342297762	-48.1130073696	113.652876088	1	1668093261.31	1
-0.999983517597	-0.00552584668346	0.00155042626425	0	-0.00436963797942	0.557898917263	-0.829897377779	0	0.00372092802569	-0.829890497288	-0.557913874651	0	633.206731972	-47.3647184953	113.739104496	1	1668093261.35	1
-0.999984024429	-0.00549670786137	0.00132270668436	0	-0.00416363139596	0.557735891398	-0.830008049514	0	0.00382457940206	-0.830000285584	-0.557749864149	0	633.185659991	-46.3222879288	113.786483171	1	1668093261.41	1
-0.999984128361	-0.00547602961268	0.00132467264437	0	-0.00415363612545	0.557714640837	-0.830022363685	0	0.00380643896362	-0.830014693323	-0.557728534796	0	633.178284562	-46.1982759169	113.779669173	1	1668093261.44	1
-0.999983992414	-0.00545246675809	0.00149679260263	0	-0.00428373364999	0.557795896963	-0.829967050538	0	0.00369050417642	-0.829960217698	-0.557810337104	0	632.950749959	-44.4556333544	113.885289676	1	1668093261.5	1
-0.999984202167	-0.00541132355362	0.00150628953562	0	-0.00426848430839	0.557754830726	-0.829994728152	0	0.00365126999842	-0.829988085723	-0.557769129467	0	632.874113695	-43.741592317	113.89786547	1	1668093261.54	1
-0.999984184355	-0.00540270590205	0.00155257661299	0	-0.00430223637914	0.557787835663	-0.829972387652	0	0.00361811695171	-0.82996596915	-0.557802266066	0	632.703700263	-42.553215769	113.92711327	1	1668093261.6	1
-0.999983849855	-0.00549128430417	0.00147590642674	0	-0.00428781826294	0.557748930739	-0.829998677024	0	0.0037345438323	-0.829991571296	-0.557763459871	0	632.637027793	-41.7524896854	113.970009637	1	1668093261.64	1
-0.999983432639	-0.00549617832684	0.00168960454633	0	-0.00446826725111	0.557821701391	-0.829948705519	0	0.00361911345817	-0.829942570309	-0.557837037539	0	632.450938964	-40.5432888102	113.960705695	1	1668093261.69	1
-0.999983762469	-0.00543953608949	0.00168790087822	0	-0.00443522242086	0.557816341998	-0.829952522597	0	0.00357305199183	-0.829946566315	-0.557831420052	0	632.373840278	-39.7303356258	113.993289159	1	1668093261.73	1
-0.999983695274	-0.00545077957363	0.00171932930682	0	-0.00446744614272	0.557791762143	-0.829968973633	0	0.00356489735163	-0.829963069539	-0.557807002918	0	632.244947734	-38.5047358308	114.030701171	1	1668093261.79	1
-0.999983602409	-0.00550801306864	0.00156652850869	0	-0.00437265108529	0.55781051574	-0.829956808251	0	0.00369758932882	-0.829950051291	-0.557825454338	0	632.150068952	-37.2524602021	114.15773577	1	1668093261.84	1
-0.999983371906	-0.00556067791652	0.00155644273165	0	-0.0043939165843	0.557873393938	-0.829914531256	0	0.00374650933072	-0.829907490412	-0.557888527015	0	632.038311775	-36.3526971755	114.214508338	1	1668093261.88	1
-0.999984145256	-0.00542022143745	0.00151900609069	0	-0.004284098587	0.557778106173	-0.829979029187	0	0.00365142283237	-0.829972398634	-0.557792489737	0	631.929516267	-35.0827202106	114.19593552	1	1668093261.94	1
-0.999983969982	-0.00543034786167	0.0015962596745	0	-0.00435402646026	0.557814693278	-0.829954076159	0	0.00361654328803	-0.829947743117	-0.557829401609	0	631.810478266	-34.1796159248	114.205101462	1	1668093261.97	1
-0.99998351133	-0.00548833261796	0.00169174873089	0	-0.00446595487382	0.557892325207	-0.829901332066	0	0.00361095476545	-0.829895197237	-0.557907635128	0	631.632936689	-32.8005060317	114.246162381	1	1668093262.03	1
-0.999983740817	-0.00547864655646	0.00160847489754	0	-0.00439137883142	0.557883371337	-0.829907834369	0	0.00364935302913	-0.829901327141	-0.557898336545	0	631.563618199	-31.8860500407	114.320238729	1	1668093262.07	1
-0.999984965445	-0.00528659529908	0.00143442368436	0	-0.00413900135064	0.557692812531	-0.830037035712	0	0.00358815982558	-0.830030551095	-0.557706326167	0	631.503067304	-30.615998641	114.322949219	1	1668093262.12	1
-0.999984845135	-0.00532936866773	0.00135797890103	0	-0.00409959914246	0.557737012376	-0.830007532163	0	0.00366607875793	-0.830000578216	-0.557750425295	0	631.41466216	-29.6528142248	114.42613304	1	1668093262.16	1
-0.99998436134	-0.005396918782	0.00148143959705	0	-0.00424033519094	0.557876765131	-0.829913016522	0	0.00365247196118	-0.829906279267	-0.557890913457	0	631.215169216	-28.1537825456	114.530432425	1	1668093262.22	1
-0.999983803518	-0.0054872535913	0.00153189479431	0	-0.00433257037983	0.55786970854	-0.829917305092	0	0.00369931063498	-0.829910442206	-0.557884429647	0	631.089645324	-27.1573471218	114.506395332	1	1668093262.26	1
-0.999983140918	-0.00558543220232	0.00160935189374	0	-0.00445180010315	0.557908231599	-0.829890783321	0	0.00373736488823	-0.829883893695	-0.557923672308	0	630.895281283	-25.6559627774	114.506041948	1	1668093262.31	1
-0.999983277657	-0.00558119021987	0.00152592087115	0	-0.00438031432519	0.557932510148	-0.829874802722	0	0.00378029750034	-0.829867578614	-0.557947618467	0	630.746416063	-24.1295978552	114.610153591	1	1668093262.37	1
-0.999983609416	-0.00552522074475	0.00147859971868	0	-0.00430981662072	0.557926675304	-0.829878984881	0	0.00376037512573	-0.829871815746	-0.557941361236	0	630.654935736	-23.1468792135	114.66699848	1	1668093262.41	1
-0.999984772716	-0.00536600940421	0.00126101455839	0	-0.00403974983903	0.557779993784	-0.829978934411	0	0.00375037008883	-0.829971454081	-0.557793196581	0	630.576299083	-21.6827348778	114.736986888	1	1668093262.46	1
-0.999984833664	-0.005362467484	0.00127661675507	0	-0.00405084149863	0.557813998301	-0.829956162052	0	0.00373844952074	-0.829948697467	-0.5578272464	0	630.515063589	-21.1822022499	114.778690436	1	1668093262.5	1
-0.999983582322	-0.00551571220929	0.00155124662119	0	-0.00436467692744	0.557902987096	-0.829894689911	0	0.00371202029701	-0.829887840788	-0.55791790345	0	630.206454431	-19.0318048891	114.786795332	1	1668093262.56	1
-0.999983599743	-0.00550915651998	0.00157616977454	0	-0.00438154624645	0.557870323791	-0.829916602572	0	0.00369281028995	-0.829909866059	-0.557885303776	0	630.102680149	-17.9636047262	114.798756959	1	1668093262.6	1
-0.999983339736	-0.00554721243987	0.0015689623583	0	-0.00439705727507	0.557920689171	-0.829882529275	0	0.00372825757693	-0.82987568122	-0.557935808997	0	629.91819028	-16.3187205702	114.906137441	1	1668093262.65	1
-0.999984042697	-0.00544124261009	0.00154409801699	0	-0.00431721831748	0.557913606015	-0.829887889851	0	0.00365407776851	-0.829881243218	-0.557928173445	0	629.804075154	-15.3107592957	114.95342906	1	1668093262.69	1
-0.999984893976	-0.00530143525306	0.00142853714266	0	-0.00414290995205	0.557811994362	-0.829956923911	0	0.00360316788331	-0.829950364822	-0.557825549206	0	629.674490582	-13.8216545586	114.998004616	1	1668093262.74	1
-0.999985148625	-0.00525105868509	0.00146861944878	0	-0.00414805484681	0.557813576874	-0.82995593729	0	0.0035389059684	-0.829949677797	-0.55782706671	0	629.53940304	-12.7206976728	115.021179035	1	1668093262.78	1
-0.999984229966	-0.00537676265877	0.0016249971264	0	-0.00434822835116	0.557873613861	-0.829914539402	0	0.00355570101819	-0.829908508041	-0.557888192764	0	629.327017608	-11.3086333434	115.022602171	1	1668093262.84	1
-0.999984718659	-0.00525286218676	0.00171467763163	0	-0.00435347855396	0.557857637811	-0.829925206919	0	0.00340296389332	-0.829920016452	-0.557871989266	0	629.200666975	-9.99123369092	115.079386107	1	1668093262.88	1
-0.999984271356	-0.0053631428376	0.00161750365822	0	-0.00433423271316	0.55782606268	-0.829946478742	0	0.00354890648409	-0.829940505899	-0.55784055486	0	629.131099705	-9.07378331908	115.138120514	1	1668093262.93	1
-0.999983972466	-0.00544051540885	0.00157270370159	0	-0.00434028391923	0.557848455898	-0.82993149989	0	0.00363790854044	-0.829925007924	-0.557863123537	0	628.876193434	-6.68145202252	115.25777896	1	1668093262.99	1
-0.999984022308	-0.00545328802417	0.00150983984671	0	-0.00429512804598	0.557827067971	-0.829946159853	0	0.00368364856239	-0.829939327007	-0.557841560777	0	628.792958652	-5.81615330159	115.293442865	1	1668093263.03	1
-0.999984480191	-0.00537287544857	0.00145143897568	0	-0.00420173729415	0.557804646449	-0.829961567715	0	0.00364971997836	-0.829954844504	-0.557818582372	0	628.617334687	-4.13884327741	115.357332556	1	1668093263.08	1
-0.9999848169	-0.00532679189567	0.00143833171999	0	-0.0041651896035	0.557822720436	-0.829949760303	0	0.00361856476447	-0.829943079453	-0.55783641711	0	628.504048282	-3.08279619033	115.430141118	1	1668093263.12	1
-0.999984501341	-0.00535123093571	0.0015505608669	0	-0.00427200165482	0.557828016363	-0.82994561989	0	0.00357624528642	-0.829939341866	-0.557842219671	0	628.298352847	-1.49634484991	115.43069178	1	1668093263.18	1
-0.999984340118	-0.00535475643351	0.00160822642192	0	-0.00432166575545	0.557783069338	-0.82997545885	0	0.00354732945996	-0.829969466086	-0.557797492121	0	628.21988944	-0.750550355088	115.409743515	1	1668093263.21	1
-0.999984259575	-0.00535215375072	0.00168225018956	0	-0.00438171705265	0.557802003529	-0.829962478776	0	0.00350372890975	-0.829956790586	-0.557816676486	0	628.017452836	1.12747524378	115.487048123	1	1668093263.27	1
-0.999983663157	-0.00547069525455	0.00164894177325	0	-0.00442030510728	0.557825214951	-0.829946650945	0	0.00362058754965	-0.829940404633	-0.55784029099	0	627.897522624	2.14878251537	115.538000287	1	1668093263.31	1
-0.999984210906	-0.00537429423599	0.0016622844286	0	-0.00437743317488	0.557792065133	-0.829969261001	0	0.00353322762064	-0.829963370934	-0.557806765263	0	627.736289368	3.57249173264	115.561517067	1	1668093263.36	1
-0.99998451834	-0.0052953653156	0.0017292991526	0	-0.00438906935879	0.557802522133	-0.829962171683	0	0.00343028314395	-0.829956850357	-0.557817109692	0	627.616734935	4.54745639135	115.593960147	1	1668093263.4	1
-0.999984070265	-0.00534968500185	0.00178558330236	0	-0.00446643760239	0.557879199786	-0.829910088697	0	0.00344366502903	-0.829904890763	-0.557894220948	0	627.420741348	6.03940873061	115.670975955	1	1668093263.46	1
-0.999983764442	-0.00545112130585	0.00164047318835	0	-0.00440219059837	0.557784337282	-0.829974177769	0	0.00360931898689	-0.829967983474	-0.557799295767	0	627.329351823	7.42515994976	115.724858058	1	1668093263.51	1
-0.999984007855	-0.00540198182873	0.00166954691917	0	-0.00439877077089	0.557754955165	-0.829993995835	0	0.00355242832587	-0.829988080272	-0.557769801664	0	627.242826313	8.40060544989	115.753353075	1	1668093263.55	1
-0.999984074344	-0.00540008206337	0.00164771345033	0	-0.00437964400829	0.557770407814	-0.829983756416	0	0.00356291196721	-0.829977732223	-0.557785168694	0	627.097457477	9.90532287631	115.864780182	1	1668093263.61	1
-0.999983895919	-0.00541861682258	0.00169841538298	0	-0.00443205032357	0.557767846672	-0.829985213962	0	0.00355001555751	-0.829979340587	-0.557782869617	0	626.985017072	10.7986826033	115.867052751	1	1668093263.65	1
-0.999984399216	-0.00534313817968	0.00160430419003	0	-0.0043116900688	0.557725656359	-0.830014071642	0	0.00354018983859	-0.830008111388	-0.557740014538	0	626.865336609	12.1088039753	115.924644417	1	1668093263.7	1
-0.999984603539	-0.00530192205843	0.00161453695646	0	-0.00429714008962	0.557712794222	-0.830022792721	0	0.00350033722462	-0.830017019981	-0.557727010939	0	626.789282659	12.8513324699	115.945027954	1	1668093263.74	1
-0.999984013788	-0.00535665626062	0.00181701377885	0	-0.00449640427423	0.557882587283	-0.829907731729	0	0.00343182898259	-0.829902613623	-0.557897748292	0	626.542960161	14.3524325707	116.014120004	1	1668093263.8	1
-0.999984131255	-0.00535350126179	0.00175028154611	0	-0.00443940808998	0.557915122824	-0.829886126136	0	0.00346630045431	-0.829880739635	-0.557930039512	0	626.462804943	15.2121406549	116.110928479	1	1668093263.83	1
-0.999984157309	-0.00536838257126	0.00171040803814	0	-0.00441452721181	0.557898146369	-0.829897752155	0	0.00350092048665	-0.829892100481	-0.557912990445	0	626.326711657	16.5475546744	116.151472259	1	1668093263.89	1
-0.999983756577	-0.00547613662737	0.00159950164603	0	-0.00438248036786	0.557870155179	-0.829916738372	0	0.00365236854158	-0.829910212971	-0.55788507634	0	626.269676315	17.3634718713	116.191231302	1	1668093263.93	1
-0.999983271796	-0.00552828124269	0.00171011377893	0	-0.00450347144334	0.557890890082	-0.829902119807	0	0.00363384780973	-0.829895910957	-0.557906445849	0	626.119196231	18.6225935367	116.209317502	1	1668093263.98	1
-0.999983112627	-0.00552979817091	0.00177517476412	0	-0.00455841906158	0.557910409947	-0.829888615645	0	0.00359876872705	-0.829882733527	-0.557926207485	0	626.074426593	18.8526548797	116.20282439	1	1668093264.02	1
-0.999983837734	-0.00544809523028	0.00163756672894	0	-0.00439824838686	0.557827584753	-0.829945246452	0	0.00360810516386	-0.829938999508	-0.557842520512	0	625.991697575	20.0388849095	116.256558528	1	1668093264.08	1
-0.99998379134	-0.00543959845514	0.00169609311752	0	-0.00444242492124	0.557907791434	-0.829891107285	0	0.00356796618337	-0.82988514613	-0.557922900286	0	625.783667918	21.7467712349	116.33204681	1	1668093264.13	1
-0.999983945748	-0.00537691071286	0.00177241627122	0	-0.00447105529278	0.557963972518	-0.829853067722	0	0.003473152187	-0.829847720231	-0.557979070324	0	625.677811549	22.5355258763	116.376727618	1	1668093264.17	1
-0.999984678056	-0.00528611382574	0.00166256365206	0	-0.00432870361184	0.557846283219	-0.829933070747	0	0.00345960780002	-0.829927493549	-0.5578606008	0	625.606663505	23.5915341581	116.382718129	1	1668093264.23	1
-0.999984803506	-0.00525470462577	0.00168650542853	0	-0.00433090967167	0.557811832252	-0.829956214699	0	0.00342036415381	-0.829950848619	-0.55782609597	0	625.56064398	23.9833521368	116.359716236	1	1668093264.27	1
-0.999984985549	-0.00520841569292	0.00172178556324	0	-0.00433416366641	0.557761060921	-0.829990318764	0	0.0033625317385	-0.829985261654	-0.557775243424	0	625.49282593	24.5607664234	116.325818809	1	1668093264.32	1
-0.999985005807	-0.00526709842675	0.00149742472419	0	-0.00418059601067	0.557737780508	-0.830006677294	0	0.00353655976647	-0.830000495377	-0.557751438251	0	625.402560659	26.085659374	116.4842848	1	1668093264.36	1
-0.999983830827	-0.00546703892372	0.00155232498334	0	-0.00433799067686	0.55780472613	-0.829960840608	0	0.00367157039098	-0.829954191065	-0.557819433621	0	625.26422403	26.9843324914	116.507899897	1	1668093264.41	1
-0.999984517543	-0.00529894417217	0.00168447412187	0	-0.00435354663416	0.557718770604	-0.830018512802	0	0.00345880311375	-0.830013039572	-0.557733218027	0	625.167393911	27.8052734489	116.445691214	1	1668093264.45	1
-0.999984518429	-0.00527750631932	0.00174543484053	0	-0.00439250235348	0.557793983129	-0.829967747273	0	0.00340662565588	-0.8299626234	-0.557808546434	0	625.034317619	28.8152019486	116.523826108	1	1668093264.51	1
-0.999984039218	-0.00535370023101	0.00179396180641	0	-0.00447566262553	0.557887519827	-0.82990445797	0	0.00344226811932	-0.829899278436	-0.557902587918	0	624.947798712	29.3627392435	116.591150711	1	1668093264.55	1
-0.999983683158	-0.00543406557209	0.00177644572064	0	-0.00450592869596	0.557885741157	-0.829905590899	0	0.00351866073949	-0.82990000722	-0.557901109839	0	624.825908856	30.4014289768	116.599419239	1	1668093264.6	1
-0.999983512368	-0.00546036700881	0.00175217169144	0	-0.00450064434006	0.557920007078	-0.829882430071	0	0.00355397248365	-0.829876714408	-0.557935407601	0	624.736364611	31.3948535336	116.635497025	1	1668093264.66	1
-0.999983869327	-0.0054626726192	0.00158509933802	0	-0.00436311045796	0.557893771776	-0.829901000258	0	0.00364907622754	-0.829894445428	-0.557908581895	0	624.722065687	32.0018301872	116.700357224	1	1668093264.7	1
-0.999984932735	-0.00528920006522	0.00149955780675	0	-0.00419489029979	0.557789907839	-0.829971677309	0	0.00355336587802	-0.829965380472	-0.55780366677	0	624.686619482	32.7624396059	116.696676205	1	1668093264.76	1
-0.999984735043	-0.0053102599601	0.00149665964956	0	-0.00420453304576	0.557847670498	-0.829932607745	0	0.00357233271321	-0.829926314272	-0.55786150668	0	624.506553312	34.300717772	116.775113309	1	1668093264.85	1
-0.999984430085	-0.00535535513427	0.00155294577564	0	-0.00427683536256	0.55795036068	-0.829863251558	0	0.00357778968948	-0.829857016136	-0.557964590416	0	624.421058335	34.9016569208	116.858209045	1	1668093264.89	1
-0.999984325829	-0.00533814579806	0.00167425103443	0	-0.00436787099382	0.557943102521	-0.829867656145	0	0.00349586261064	-0.829862006322	-0.557957686849	0	624.328981718	35.6910660587	116.854281263	1	1668093264.94	1
-0.999984744492	-0.00528045572884	0.0016247923997	0	-0.00429416392327	0.557834397746	-0.82994118306	0	0.00347609128454	-0.829935487744	-0.557848559496	0	624.334615881	35.907348666	116.806705076	1	1668093264.98	1
-0.999984307606	-0.00536226569692	0.00163999934019	0	-0.0043524963541	0.557854619154	-0.829927338237	0	0.00353535588266	-0.829921399138	-0.557869188392	0	624.210830762	36.9288729774	116.83892852	1	1668093265.04	1
-0.999983966699	-0.00543785932768	0.00157912867182	0	-0.00434453620097	0.557938914169	-0.829870645782	0	0.00363166467159	-0.829864202967	-0.557953594188	0	624.155933887	37.3940444317	116.932231903	1	1668093265.08	1
-0.999984722773	-0.00530427379899	0.00152902807373	0	-0.00422811779293	0.557862421408	-0.829922583565	0	0.00354922321482	-0.829916443249	-0.557876347783	0	624.108391756	38.1325942047	116.942291373	1	1668093265.13	1
-0.999984992749	-0.00522930675095	0.00165678009392	0	-0.00429206152591	0.5578105064	-0.829957321655	0	0.00341586244607	-0.829951907845	-0.557824559089	0	624.00929883	38.7984029785	116.873513647	1	1668093265.19	1
-0.999984588733	-0.00528635200854	0.00172175333002	0	-0.00437804700935	0.557868869368	-0.829917656484	0	0.00342664428018	-0.829912324548	-0.557883392109	0	623.93002211	39.2522253544	116.892990774	1	1668093265.22	1
-0.999984175055	-0.00534182231228	0.00174868575695	0	-0.0044320426626	0.558026202188	-0.829811431426	0	0.00345694446966	-0.829806101523	-0.558041061959	0	623.816792876	39.9611970519	117.020050949	1	1668093265.28	1
-0.999984578546	-0.00534255411211	0.00152092757464	0	-0.00424282258771	0.557885257265	-0.82990726144	0	0.0035853091173	-0.829900903863	-0.557899317743	0	623.862082143	40.315612481	117.038295207	1	1668093265.32	1
-0.999984640326	-0.00531922394709	0.00154732685392	0	-0.00425156222487	0.557846424269	-0.829933271587	0	0.00355145824703	-0.829927130621	-0.55786047925	0	623.808578366	40.9395560212	117.043651628	1	1668093265.38	1
-0.99998415098	-0.00536389176496	0.00172288237608	0	-0.00442241307455	0.557906142182	-0.829892315206	0	0.00349020768023	-0.829886743424	-0.557921009944	0	623.708809913	41.369492656	117.025692427	1	1668093265.41	1
-0.999983365523	-0.00550057676005	0.00172756542372	0	-0.00450274376536	0.557943688174	-0.829866564901	0	0.00360088593595	-0.829860564628	-0.557959182288	0	623.615397927	41.9320416001	117.029574584	1	1668093265.47	1
-0.999983821131	-0.00542789847222	0.00170059933077	0	-0.00443977340229	0.557936165374	-0.829871988733	0	0.00355563809315	-0.829866115673	-0.557951238144	0	623.596922076	42.2996736808	117.070250015	1	1668093265.51	1
-0.99998419565	-0.00536588029513	0.00167065231189	0	-0.0043801497844	0.557895329642	-0.829899735259	0	0.00352111605856	-0.829893959416	-0.557910022503	0	623.600051412	42.4496817843	117.067764677	1	1668093265.57	1
-0.999985287476	-0.00521167672934	0.00151255710179	0	-0.00416251922867	0.557805322029	-0.82996140922	0	0.00348175573215	-0.829955472077	-0.557818802372	0	623.590720537	43.0884606911	117.111347249	1	1668093265.6	1
-0.999985310951	-0.00519246523899	0.0015627362093	0	-0.00419365164173	0.557854148415	-0.8299284364	0	0.00343757198592	-0.829922775487	-0.557867722445	0	623.50937704	43.550709763	117.127468199	1	1668093265.66	1
-0.99998499719	-0.00523948993046	0.00158970219896	0	-0.00424224571487	0.557845718369	-0.829933798948	0	0.00346164493709	-0.829928115166	-0.557859583341	0	623.475453193	43.7867460233	117.108926953	1	1668093265.7	1
-0.999984824021	-0.00525746894786	0.00165618623239	0	-0.00430723932208	0.557797984674	-0.829965610429	0	0.00343967168564	-0.829960119169	-0.557812156019	0	623.437769473	44.3080429665	117.094392758	1	1668093265.75	1
-0.999984207507	-0.00540265292721	0.00152837850022	0	-0.00428203956472	0.557766932174	-0.829986508484	0	0.00363170494639	-0.829980000228	-0.557781274262	0	623.425845443	44.6750478301	117.120803354	1	1668093265.81	1
-0.999984050893	-0.00545258790471	0.00147490580971	0	-0.00426562698248	0.557797390832	-0.829966198061	0	0.00370275764532	-0.829959244867	-0.557811750979	0	623.384602535	44.9822973316	117.159343322	1	1668093265.85	1
-0.999984450472	-0.00529014981627	0.00178188285509	0	-0.00443021028843	0.557901565305	-0.829895372479	0	0.00339609905151	-0.829890305712	-0.557916309922	0	623.258388304	45.3754777057	117.147079001	1	1668093265.9	1
-0.999984326468	-0.00528993265696	0.00182127765674	0	-0.00446301290538	0.55795040564	-0.829862242849	0	0.00337377510082	-0.829857406567	-0.557965282162	0	623.216571657	45.6153601665	117.178801665	1	1668093265.94	1
-0.999984324264	-0.00532792648999	0.00170680870228	0	-0.00438935003478	0.557981745661	-0.829841558403	0	0.0034690134786	-0.829836088424	-0.557996398869	0	623.204395217	45.9673844718	117.263556437	1	1668093266	1
-0.999984347225	-0.00532143098242	0.00172590055852	0	-0.00440160853755	0.557994181788	-0.829833177625	0	0.00345286567424	-0.82982779331	-0.558008872904	0	623.173590565	46.1762287801	117.269205743	1	1668093266.04	1
-0.999984246215	-0.00534640345163	0.00170878930558	0	-0.00440119545831	0.557959177893	-0.829856722112	0	0.0034833172067	-0.829851172474	-0.557973919391	0	623.155122175	46.3566670101	117.241585277	1	1668093266.09	1
-0.99998425822	-0.00537218754411	0.00162976039747	0	-0.00434976862321	0.557907782665	-0.829891586821	0	0.00354904692717	-0.829885581715	-0.557922359003	0	623.157835386	46.5498281468	117.233688739	1	1668093266.13	1
-0.999984169701	-0.00539040506465	0.00159108051882	0	-0.00432785577654	0.557906215431	-0.829892639466	0	0.00358584980523	-0.829886453812	-0.557920732055	0	623.141194328	46.8257108191	117.263961717	1	1668093266.18	1
-0.999984425424	-0.00532253853084	0.00165745285691	0	-0.00434506840121	0.557904993697	-0.82989337085	0	0.00349250424042	-0.829887713191	-0.557919450912	0	623.124210701	46.9817309605	117.266728043	1	1668093266.22	1
-0.999984228951	-0.00536214535065	0.00166184604029	0	-0.00437067104657	0.557874764915	-0.8299136063	0	0.00352304053028	-0.829907806112	-0.557889410254	0	623.107181753	47.1696194364	117.249424973	1	1668093266.28	1
-0.999983972177	-0.00542502410829	0.00163702747758	0	-0.00438499404549	0.55784336391	-0.829934728592	0	0.00358916046916	-0.829928554531	-0.557858196636	0	623.087356888	47.3376853008	117.227500468	1	1668093266.34	1
-0.999984020654	-0.0054270158535	0.00161132249312	0	-0.00436472062963	0.557834001077	-0.829941167019	0	0.00360517086079	-0.829934855794	-0.557848750229	0	623.078138442	47.4425397897	117.231616924	1	1668093266.37	1
-0.999983931592	-0.00542394171974	0.00162186006961	0	-0.00437189519627	0.5578554157	-0.829926541148	0	0.00359678916245	-0.829920375301	-0.557870188262	0	623.052974765	47.5652267505	117.243896648	1	1668093266.43	1
-0.999984126964	-0.00538272780581	0.00167457781189	0	-0.00439274379439	0.557884269925	-0.829907165635	0	0.00353291441357	-0.829901319225	-0.557899050864	0	623.007179275	47.7191029737	117.242365408	1	1668093266.52	1
-0.999984075765	-0.00538076651281	0.00170293914456	0	-0.00441517813601	0.557880246992	-0.829909720556	0	0.00351551027516	-0.829904019623	-0.557895119021	0	623.005558214	47.8336784631	117.253099248	1	1668093266.62	1
-0.99998387278	-0.00541082061476	0.00174088236828	0	-0.00446350664061	0.557900344719	-0.829896005293	0	0.00351913073666	-0.829890343163	-0.557915484118	0	622.981219369	47.9144524174	117.249187038	1	1668093266.75	1
