-0.999205097772	-0.0181057836328	0.0355160945887	0	-0.0391756356112	0.61092569276	-0.790718114916	0	-0.00738115868898	-0.791480901928	-0.611149359815	0	640.877416532	-68.2447843617	109.507368877	1	1668093312.99	1
-0.999202265102	-0.0181859946018	0.0355553038707	0	-0.0392555304786	0.61094021461	-0.790702973191	0	-0.00734251256642	-0.791467876804	-0.611166723395	0	640.869012756	-68.1648720861	109.495524025	1	1668093314.52	1
-0.999197018986	-0.0182057499581	0.0356916724151	0	-0.0393750154956	0.610995177651	-0.790654506946	0	-0.00741300578318	-0.791424962318	-0.611221403265	0	640.823698224	-68.0639378784	109.449870254	1	1668093314.62	1
-0.999194156841	-0.0182315150573	0.0357581776149	0	-0.0394429765039	0.611039698907	-0.790616680375	0	-0.00743552482317	-0.791389977634	-0.611266402439	0	640.797188155	-67.9721321566	109.442998272	1	1668093314.67	1
-0.99919442615	-0.0182316251809	0.0357502769297	0	-0.0394364004143	0.611082176475	-0.790584151964	0	-0.00743270167571	-0.791357161631	-0.611308901858	0	640.786295872	-67.8992103508	109.483699302	1	1668093314.71	1
-0.99919611004	-0.01827297928	0.0356830502318	0	-0.0394079274338	0.611139746655	-0.790541149929	0	-0.00736183070939	-0.791311794562	-0.611368542853	0	640.785708147	-67.7606946029	109.579662198	1	1668093314.77	1
-0.999199507377	-0.0182387897799	0.0356048902563	0	-0.0393253875211	0.611119491963	-0.790560883547	0	-0.00733998385696	-0.791328206378	-0.611347537458	0	640.808169277	-67.6345157845	109.599050074	1	1668093314.82	1
-0.999201144506	-0.0182020200652	0.0355787919396	0	-0.0392824816857	0.611093567514	-0.790583138041	0	-0.00735184115854	-0.791349119486	-0.611320384316	0	640.820775643	-67.5433622376	109.579442242	1	1668093314.86	1
-0.999198837172	-0.0182257407921	0.0356298426299	0	-0.039337163282	0.611119687898	-0.790560104451	0	-0.00736553669782	-0.791328332019	-0.611347036813	0	640.803733718	-67.3564377848	109.55673987	1	1668093314.92	1
-0.999197200263	-0.0182601133278	0.0356596401848	0	-0.0393815496502	0.611137596402	-0.79054416939	0	-0.00735759713352	-0.791313776443	-0.611366059974	0	640.795554845	-67.2108176027	109.548676154	1	1668093314.95	1
-0.999195862318	-0.0183264122784	0.0356626987528	0	-0.0394240948388	0.611181987138	-0.790507696858	0	-0.00730927917862	-0.791277939585	-0.611412997289	0	640.799542389	-66.9492171818	109.611249032	1	1668093315.01	1
-0.999199656087	-0.0183068239727	0.0355649563704	0	-0.0393353945907	0.611119601754	-0.790560235916	0	-0.00726175842043	-0.791326513775	-0.611350614865	0	640.84176483	-66.7991179565	109.606631896	1	1668093315.05	1
-0.999203034174	-0.0182388580793	0.0355057109314	0	-0.0392475037216	0.611060347692	-0.790610467387	0	-0.00727631314787	-0.791373875241	-0.611289178492	0	640.87437648	-66.5400180811	109.58924896	1	1668093315.11	1
-0.999204606319	-0.0181867671122	0.035487290199	0	-0.0392014356787	0.611025132614	-0.790639898961	0	-0.0073043997499	-0.791402224288	-0.611252089485	0	640.889006737	-66.3668878656	109.591459997	1	1668093315.14	1
-0.999208296157	-0.0181579191313	0.0353975695333	0	-0.0391134220049	0.610959877855	-0.790694645536	0	-0.00726905216054	-0.791453242522	-0.611186422631	0	640.914100259	-66.0920208562	109.67000069	1	1668093315.2	1
-0.999202418606	-0.0181907085697	0.0355466895982	0	-0.0392506405546	0.611047526693	-0.79062014034	0	-0.00733872535854	-0.791384837418	-0.611274181387	0	640.866228863	-65.4654427061	109.670075869	1	1668093315.29	1
-0.999200706126	-0.0182401961588	0.035570668839	0	-0.0392993618189	0.611098526984	-0.790578395979	0	-0.00731690332668	-0.79134437117	-0.611326898949	0	640.858254539	-65.0814798959	109.715987572	1	1668093315.35	1
-0.999196842585	-0.0182596481465	0.035667718303	0	-0.0393874660644	0.61116317672	-0.790523926387	0	-0.0073640465111	-0.79129393282	-0.611391539125	0	640.825194656	-64.7828944598	109.720622855	1	1668093315.39	1
-0.999196486165	-0.0182488213765	0.0356843241618	0	-0.0393941007827	0.611148305737	-0.790535178221	0	-0.00738208643514	-0.791305716716	-0.61137613291	0	640.835752614	-64.3624795475	109.70155932	1	1668093315.44	1
-0.999197239279	-0.0182440325048	0.0356647076477	0	-0.0393762909665	0.611082152384	-0.790587126105	0	-0.00737051534867	-0.791356871263	-0.611310000857	0	640.847907954	-64.0950330118	109.712759547	1	1668093315.48	1
-0.999201340025	-0.01824670386	0.035548956039	0	-0.0392873164411	0.610974412162	-0.790674872555	0	-0.00729228202261	-0.791440025475	-0.611203318982	0	640.89314659	-63.6447006799	109.760877344	1	1668093315.54	1
-0.999206927935	-0.0181526055937	0.0354408618891	0	-0.0391448813953	0.610906641153	-0.790734375948	0	-0.00729721858671	-0.791494545174	-0.611132712208	0	640.93298746	-63.347820801	109.795559146	1	1668093315.57	1
-0.9992048577	-0.0181443865114	0.0355037880815	0	-0.039189333275	0.610940551092	-0.790706006599	0	-0.00734390377913	-0.791468577538	-0.611165806361	0	640.907333036	-63.0495691474	109.801925212	1	1668093315.63	1
-0.999194373419	-0.0182657622128	0.0357351438762	0	-0.0394454653058	0.611061662921	-0.790599620388	0	-0.00739550215713	-0.791372251421	-0.611289866209	0	640.82628351	-62.4693093936	109.79034126	1	1668093315.67	1
-0.999193462877	-0.0182601662791	0.0357634787214	0	-0.0394643896064	0.611069616255	-0.790592530788	0	-0.0074176562001	-0.791366240484	-0.611297380971	0	640.819380936	-61.9355779217	109.797195582	1	1668093315.72	1
-0.999200421859	-0.018234576737	0.0355808932785	0	-0.0393055771455	0.610931410831	-0.790707185191	0	-0.0073192593105	-0.791473495675	-0.611159649324	0	640.898947789	-61.5799757308	109.793599408	1	1668093315.76	1
-0.99920337089	-0.0182710933806	0.0354798653931	0	-0.0392478391481	0.610941254089	-0.790702500274	0	-0.00722914079562	-0.79146508524	-0.611171652105	0	640.917263746	-61.0105133879	109.88967894	1	1668093315.81	1
-0.999202620086	-0.0183348869405	0.0354675461175	0	-0.039276664434	0.610987650346	-0.790665174898	0	-0.00717346804316	-0.791427769278	-0.61122059709	0	640.907119948	-60.6033632009	109.961675368	1	1668093315.85	1
-0.999192724866	-0.0182915864633	0.0357679418992	0	-0.0394867705291	0.611107754512	-0.790561925821	0	-0.0073974606178	-0.791336059665	-0.611336689024	0	640.822144676	-59.9217476447	109.94511314	1	1668093315.91	1
-0.999194980313	-0.0180847995743	0.0358097309136	0	-0.0393943796861	0.611010490495	-0.790641684311	0	-0.00758152969273	-0.791415899504	-0.611231052781	0	640.850398608	-59.333860934	109.872497151	1	1668093315.96	1
-0.999199140549	-0.0180034514056	0.0357356616019	0	-0.0392865886518	0.610952542691	-0.790691913608	0	-0.00759768419325	-0.79146253869	-0.61117052364	0	640.89049512	-58.8874939022	109.897085883	1	1668093316	1
-0.999197868328	-0.0181164361125	0.0357138161842	0	-0.0393373808973	0.611054829294	-0.790610317887	0	-0.0075001132266	-0.791380977808	-0.611277316785	0	640.875527795	-58.1351021043	110.04448091	1	1668093316.06	1
-0.99919728429	-0.0181992191182	0.0356861705043	0	-0.0393657512221	0.611096560555	-0.790576500934	0	-0.00741975693484	-0.791346769586	-0.611322472231	0	640.872151447	-57.6420222978	110.116811804	1	1668093316.1	1
-0.9991955993	-0.0182040470004	0.0357328736022	0	-0.0394059762026	0.61105764087	-0.790604739076	0	-0.00744270245447	-0.79137680222	-0.611283431828	0	640.87615661	-56.8970196608	110.068547674	1	1668093316.15	1
-0.999199215573	-0.0181377652808	0.0356651214282	0	-0.0393128727361	0.610950480123	-0.790692164952	0	-0.00744827987354	-0.791461043811	-0.611174272085	0	640.923425505	-56.4298824368	110.028020373	1	1668093316.19	1
-0.999201821896	-0.0181851042161	0.0355667164044	0	-0.0392637342123	0.610974219571	-0.790676172638	0	-0.00735179191971	-0.791441580512	-0.61120057766	0	640.937936091	-55.6386324989	110.139383633	1	1668093316.25	1
-0.999204150951	-0.0182247517159	0.0354820492769	0	-0.0392210164962	0.610965865508	-0.790684839481	0	-0.00726833253016	-0.791447169446	-0.611194405865	0	640.960244197	-55.1301414751	110.203630566	1	1668093316.28	1
-0.999202796953	-0.0182725528223	0.0354936846559	0	-0.0392601744555	0.61088947033	-0.790741771208	0	-0.00723377445546	-0.791504950419	-0.611119876634	0	640.978799822	-54.2486487454	110.147397976	1	1668093316.34	1
-0.999197021012	-0.0181714868158	0.0357079714165	0	-0.0393669447318	0.611000836038	-0.790650449025	0	-0.00745026115202	-0.791421331931	-0.61122558695	0	640.906297761	-53.6899332118	110.159184964	1	1668093316.38	1
-0.999195326802	-0.0181565793984	0.0357649213055	0	-0.0394024151696	0.611047195459	-0.790613012798	0	-0.00749930813452	-0.791385971045	-0.611270886681	0	640.886212273	-53.4757490481	110.190868125	1	1668093316.43	1
-0.999196268932	-0.0181457404561	0.0357439147951	0	-0.0393786858622	0.611098655511	-0.790574405827	0	-0.00749757014377	-0.791346475404	-0.611322027389	0	640.890282931	-51.921263559	110.354469867	1	1668093316.49	1
-0.999195067054	-0.0181501067691	0.0357748280056	0	-0.0394058332326	0.611097619283	-0.790573818129	0	-0.00751295422476	-0.791347155059	-0.611320932266	0	640.880303294	-51.6154756752	110.335797371	1	1668093316.53	1
-0.999198973484	-0.0181040495199	0.035689504621	0	-0.0393110863428	0.610999962791	-0.790654054978	0	-0.00749232165528	-0.791423637752	-0.611222198823	0	640.939388015	-50.3818592115	110.362956427	1	1668093316.59	1
-0.999202657617	-0.0180385029247	0.0356178410496	0	-0.0392148553134	0.61094756592	-0.790699192348	0	-0.00749757640871	-0.791465509948	-0.61116781837	0	640.978881168	-49.7551260788	110.406875296	1	1668093316.62	1
-0.999200189601	-0.0180826264714	0.0356659513044	0	-0.0392794664388	0.610989221045	-0.790663898952	0	-0.00749428510212	-0.791432404221	-0.611210802716	0	640.958610484	-49.4112561478	110.430402692	1	1668093316.68	1
-0.99919150292	-0.0182290538577	0.035834746592	0	-0.0395011458513	0.611133235911	-0.790541573788	0	-0.00748905642892	-0.791317860347	-0.611359178011	0	640.887064792	-48.0232221717	110.514302237	1	1668093316.72	1
-0.99919579647	-0.0182476281195	0.0357054274763	0	-0.0394105896505	0.611089677257	-0.790579771482	0	-0.00739309466355	-0.791351074509	-0.611317357672	0	640.933838207	-46.9966841155	110.605622834	1	1668093316.78	1
-0.999196008218	-0.0182692220362	0.0356860351261	0	-0.0394087296249	0.611064722024	-0.790598961575	0	-0.00736277896878	-0.791369737759	-0.611293422517	0	640.946569823	-46.3010166449	110.620727325	1	1668093316.81	1
-0.999205541118	-0.0180571775915	0.035526510231	0	-0.0391544389566	0.61090212012	-0.790737230835	0	-0.00742465664643	-0.791500124079	-0.611123830681	0	641.039743144	-45.2887895837	110.636087495	1	1668093316.87	1
-0.999202727174	-0.0181168451272	0.0355774227084	0	-0.0392305553546	0.61096456985	-0.790685378956	0	-0.00741187584971	-0.791450653595	-0.611188178742	0	641.028663264	-44.5475616024	110.737699723	1	1668093316.91	1
-0.999200067988	-0.0181956856947	0.0356118551859	0	-0.0393056026044	0.611005159137	-0.790650286595	0	-0.00737265878251	-0.791417510109	-0.611231569382	0	641.00779337	-43.6558348258	110.780716005	1	1668093316.96	1
-0.999201770133	-0.0182797164238	0.0355196530942	0	-0.039284353589	0.610969444382	-0.790678839452	0	-0.00724801236375	-0.791443087888	-0.611199866087	0	641.038359722	-42.6080316046	110.843709265	1	1668093317	1
-0.99919299905	-0.0182837189552	0.0357633300624	0	-0.0394785910448	0.611080274676	-0.790583498294	0	-0.00739942334624	-0.791357418129	-0.611308960339	0	640.946470114	-41.4543923427	110.835767862	1	1668093317.06	1
-0.999194325516	-0.0182064109616	0.0357656130839	0	-0.0394335130987	0.611041621526	-0.790615615682	0	-0.00745996361204	-0.791389042267	-0.611267278321	0	640.954348994	-40.3074212005	110.846610199	1	1668093317.12	1
-0.999195519402	-0.0182721212818	0.0356982800274	0	-0.0394201360981	0.611070428737	-0.790593985616	0	-0.0073682667065	-0.791365266289	-0.611299147632	0	640.967038786	-39.4706745657	110.96788998	1	1668093317.15	1
-0.999195951471	-0.0182754060572	0.0356860063643	0	-0.0394125487683	0.611054387654	-0.790606881187	0	-0.00735745628398	-0.791377644151	-0.611283341007	0	640.979078229	-39.1268667343	110.988292632	1	1668093317.21	1
-0.999191840523	-0.0182039634918	0.0358357613429	0	-0.0394876067683	0.611033757765	-0.790618957517	0	-0.00750439093213	-0.791395149863	-0.61125880073	0	640.97514647	-37.4353014995	111.023521612	1	1668093317.25	1
-0.999201411184	-0.0181110730156	0.0356154905448	0	-0.0392582241221	0.610854636108	-0.790768796869	0	-0.0074341580898	-0.791535556466	-0.611077843373	0	641.079050344	-36.2438366187	111.047284505	1	1668093317.3	1
-0.999195836661	-0.0182276712066	0.0357123779513	0	-0.0394052987423	0.61094425871	-0.790692249487	0	-0.00740574270609	-0.791463711723	-0.611171244567	0	641.030011076	-35.3350840876	111.094508096	1	1668093317.34	1
-0.999194840991	-0.0183361310955	0.0356858832711	0	-0.039449408306	0.611071545303	-0.790591776253	0	-0.00731025652182	-0.791362988091	-0.611302876931	0	641.020650623	-33.9767588695	111.257874917	1	1668093317.4	1
-0.99919694415	-0.0183728765895	0.0356090632901	0	-0.0394107303904	0.611107822959	-0.790565747029	0	-0.00723609948981	-0.791334168861	-0.611341126357	0	641.046737971	-33.117587932	111.340314463	1	1668093317.44	1
-0.999201649548	-0.0182785448506	0.0355252914334	0	-0.039287543146	0.611026230828	-0.790634927398	0	-0.00725530656308	-0.791399347733	-0.611256509601	0	641.098799185	-31.7755476157	111.383129286	1	1668093317.49	1
-0.999201840228	-0.0182401230936	0.0355396734232	0	-0.0392756212514	0.61100673446	-0.790650586699	0	-0.00729349339371	-0.791415286623	-0.611235418352	0	641.104087076	-30.8814329467	111.411291078	1	1668093317.53	1
-0.999202125704	-0.0181819704192	0.0355614388583	0	-0.0392575790812	0.610977224759	-0.790674286631	0	-0.00735129034346	-0.791439406596	-0.6112034946	0	641.112090382	-29.5281762882	111.453914394	1	1668093317.59	1
-0.99920240742	-0.0181238168549	0.0355832019649	0	-0.0392395390853	0.610947713082	-0.790697985757	0	-0.00740908799034	-0.791463522006	-0.611171568663	0	641.120093689	-28.1749196297	111.49653771	1	1668093317.64	1
-0.999202596443	-0.0180843551338	0.0355979684115	0	-0.039227298939	0.610927686244	-0.790714066795	0	-0.00744830808719	-0.791479883381	-0.611149903464	0	641.125524485	-27.2566414122	111.525460578	1	1668093317.68	1
-0.999203471345	-0.018047205938	0.0355912802365	0	-0.0391993907309	0.610921024916	-0.790720519952	0	-0.00747318123213	-0.79148582906	-0.611141842705	0	641.138946381	-26.4034752271	111.576265547	1	1668093317.74	1
-0.999200418299	-0.0180635026105	0.0356689949097	0	-0.0392703787984	0.610969681057	-0.790679430622	0	-0.00751027263874	-0.791447914737	-0.611190508059	0	641.124073931	-24.7030215261	111.688700618	1	1668093317.78	1
-0.999196900172	-0.0181297286811	0.0357326805003	0	-0.0393606330972	0.611036923252	-0.79062288312	0	-0.00750017071578	-0.791394432889	-0.611259810588	0	641.098902658	-23.2301495977	111.789072284	1	1668093317.83	1
-0.999199793547	-0.0181044813182	0.0356636646545	0	-0.0392907432516	0.611023036646	-0.790637024804	0	-0.00747715625946	-0.791405694697	-0.611245462644	0	641.131106834	-22.2021125355	111.849688019	1	1668093317.87	1
-0.999201379988	-0.0181496345503	0.0355968285073	0	-0.0392653422549	0.611033406212	-0.790630322162	0	-0.00740114809693	-0.791396682299	-0.611258092548	0	641.159518172	-20.677417619	111.900640825	1	1668093317.92	1
-0.999201687002	-0.0182215673954	0.0355532076081	0	-0.0392746331913	0.611046073567	-0.79062021054	0	-0.0073183679186	-0.791385328101	-0.611273892021	0	641.173995668	-19.6254703533	112.000669353	1	1668093317.96	1
-0.999200520414	-0.0182871701723	0.035551550486	0	-0.0393134354862	0.611045815607	-0.790618421481	0	-0.00726546430705	-0.791383980063	-0.611276224303	0	641.186306806	-18.2198068914	112.057157018	1	1668093318.02	1
-0.999198965812	-0.0182594461359	0.0356104737678	0	-0.0393432420823	0.61102960218	-0.790629550531	0	-0.00732267222778	-0.791397184703	-0.61125850557	0	641.188898192	-16.9152130918	112.114825956	1	1668093318.06	1
-0.999196018489	-0.0182488224983	0.0356980866534	0	-0.0394064466847	0.610990670852	-0.790656455572	0	-0.00738269824035	-0.791427467687	-0.611218549449	0	641.176465736	-15.3703950987	112.12318522	1	1668093318.11	1
-0.9991931644	-0.0182637684436	0.0357700611018	0	-0.0394719975184	0.611048287538	-0.790608642654	0	-0.00741777870672	-0.791382630049	-0.611276166333	0	641.144649232	-13.7894480373	112.206128032	1	1668093318.16	1
-0.999195724025	-0.0182292787688	0.0357161306774	0	-0.039408764463	0.610992891078	-0.790654610178	0	-0.00740927701787	-0.791426196015	-0.611219864038	0	641.168936539	-12.7089300316	112.267565025	1	1668093318.2	1
-0.999195749385	-0.0182373029866	0.0357113486349	0	-0.0394097142038	0.611011014558	-0.790640559167	0	-0.00740091582785	-0.791412020301	-0.611238321446	0	641.172193402	-12.3563596417	112.296335522	1	1668093318.26	1
-0.999196942149	-0.018212473296	0.0356911250098	0	-0.0393773607221	0.611135536468	-0.790545962853	0	-0.00741438796987	-0.791316460891	-0.611361893663	0	641.223445885	-9.87254680482	112.494433293	1	1668093318.3	1
-0.999203554481	-0.0181676242143	0.0355266106809	0	-0.0392210865872	0.610999777049	-0.790658512898	0	-0.0073423167577	-0.791422236273	-0.611225719741	0	641.304748631	-8.22842168425	112.531658228	1	1668093318.35	1
-0.999204697505	-0.0181734775136	0.0354920710648	0	-0.0391975678654	0.610972899549	-0.790680497422	0	-0.00731527042826	-0.791442878983	-0.611199350523	0	641.317227891	-7.83078548297	112.551826344	1	1668093318.39	1
-0.999202498976	-0.0182220265534	0.0355284285516	0	-0.0392558548359	0.610990770502	-0.790663746859	0	-0.0072999980215	-0.791427938493	-0.611218842878	0	641.295438955	-5.4153467394	112.651234816	1	1668093318.44	1
-0.999205434278	-0.0181258691128	0.0354959760608	0	-0.0391720371601	0.610921341273	-0.790721623683	0	-0.00735274265236	-0.791483783112	-0.61114594782	0	641.321403336	-4.35886898069	112.688601424	1	1668093318.48	1
-0.999203805608	-0.0180745874024	0.0355683979829	0	-0.0391983088642	0.610888703234	-0.790745576575	0	-0.00743597375808	-0.791510169302	-0.611110795831	0	641.313178637	-2.6645307276	112.706010278	1	1668093318.54	1
-0.999198271388	-0.0181561515127	0.035681052901	0	-0.0393361896468	0.611009021347	-0.790645676349	0	-0.00744633510314	-0.791415377072	-0.61123336139	0	641.269990717	-1.41061016538	112.849421264	1	1668093318.58	1
-0.999200155866	-0.0181403269981	0.035637630028	0	-0.0392918828856	0.611035354701	-0.790627633448	0	-0.00743366422057	-0.791395468238	-0.611259369535	0	641.301859205	0.349775781085	112.991527859	1	1668093318.63	1
-0.999201086885	-0.0182200269011	0.0355698460863	0	-0.0392870645363	0.611026032337	-0.790635001906	0	-0.00732870683095	-0.791400792148	-0.611253688437	0	641.320334599	1.50333368691	113.053306132	1	1668093318.67	1
-0.99920091512	-0.0181390990661	0.0356164277352	0	-0.0392742329865	0.611049698325	-0.790617382623	0	-0.00742234299227	-0.791384397592	-0.61127380901	0	641.326189557	3.16725186898	113.122115798	1	1668093318.73	1
-0.999199961033	-0.0181416916603	0.0356427142335	0	-0.0392964618039	0.611064209197	-0.790605129886	0	-0.00743714851457	-0.791373171782	-0.611288211587	0	641.318787907	3.75946153497	113.148621352	1	1668093318.79	1
-0.99920055178	-0.0180137609393	0.0356910061658	0	-0.0392567015387	0.611041404055	-0.790624730822	0	-0.00756663363438	-0.791393702704	-0.611260042205	0	641.329734271	5.91641438459	113.197872081	1	1668093318.83	1
-0.999204772012	-0.0179999871614	0.035579660684	0	-0.0391601486875	0.611044703632	-0.790626971187	0	-0.00750956569669	-0.791391469754	-0.611263638607	0	641.379792622	7.57870678449	113.344456729	1	1668093318.88	1
-0.999202935779	-0.0180965963274	0.0355800931584	0	-0.0392192524519	0.611079675764	-0.790596843613	0	-0.00743510401405	-0.791362167455	-0.611302360626	0	641.37995442	8.68403799682	113.419872963	1	1668093318.92	1
-0.999204414856	-0.0181377807761	0.0355181890241	0	-0.0391959187835	0.611027123416	-0.790638669363	0	-0.00736213146354	-0.79140183153	-0.611251931408	0	641.415799304	10.3262995497	113.476686649	1	1668093318.98	1
-0.999202911481	-0.0181572846789	0.0355504807865	0	-0.0392336671344	0.610997397449	-0.790659767594	0	-0.00736500086153	-0.791424333336	-0.611222760887	0	641.420726294	11.39236534	113.497252751	1	1668093319.01	1
-0.999197073458	-0.0181087780531	0.0357379495821	0	-0.039352156181	0.611021468946	-0.790635208493	0	-0.00751914680795	-0.791406821763	-0.611243507714	0	641.378880895	12.9501982121	113.526565031	1	1668093319.07	1
-0.999199830344	-0.0180140950928	0.0357105582064	0	-0.0392727979154	0.610998456852	-0.790657084456	0	-0.00757617040548	-0.791426831989	-0.611217002049	0	641.397337458	13.9830208775	113.598054669	1	1668093319.11	1
-0.999197430665	-0.0180107840348	0.0357797499233	0	-0.0393254883355	0.611001277252	-0.790652321158	0	-0.00762127905307	-0.791424749886	-0.6112191631	0	641.384292419	15.4353069701	113.649316076	1	1668093319.16	1
-0.999198000933	-0.0180298220338	0.0357540229483	0	-0.0393166861889	0.611009989025	-0.79064601037	0	-0.00759091979952	-0.791417581429	-0.611228810822	0	641.391547073	16.4299837389	113.710517952	1	1668093319.2	1
-0.999198096874	-0.0181690698951	0.0356805775067	0	-0.0393436016676	0.611017550776	-0.790638811947	0	-0.00743633620666	-0.791408549851	-0.611242393329	0	641.417669265	17.890968743	113.837349097	1	1668093319.26	1
-0.999199906794	-0.0181267673428	0.0356512250143	0	-0.0392951144495	0.610955133759	-0.790689442438	0	-0.00744869355976	-0.791457698113	-0.611178592688	0	641.45304551	19.1768947342	113.869297714	1	1668093319.31	1
-0.999204718558	-0.0181558539757	0.0355014506591	0	-0.0391946300623	0.610926450432	-0.790716607989	0	-0.0073326907981	-0.791479181321	-0.611152186084	0	641.499459925	20.3550597239	113.978838381	1	1668093319.35	1
-0.99920273721	-0.0182443904901	0.0355108414136	0	-0.039255724895	0.610976336903	-0.790674953588	0	-0.00727089034413	-0.791438592509	-0.611205428793	0	641.485743802	21.4549267807	114.051398507	1	1668093319.41	1
-0.999202742677	-0.0182312455039	0.0355183109437	0	-0.0392534777756	0.610987841431	-0.790666243887	0	-0.00728646957268	-0.791430052982	-0.611216351284	0	641.483821132	21.8691442043	114.066762012	1	1668093319.45	1
-0.999206350296	-0.0180734088083	0.0354977741659	0	-0.039140759204	0.610988466673	-0.790671371837	0	-0.0073986659061	-0.791433203552	-0.611210940929	0	641.521791443	24.104297819	114.164262076	1	1668093319.5	1
-0.999204269085	-0.0179152754514	0.0356343443289	0	-0.0391526262205	0.610947532602	-0.790702263941	0	-0.0076050085003	-0.791468313064	-0.611162833013	0	641.516874999	24.9982604737	114.116477574	1	1668093319.54	1
-0.999204206669	-0.0179330536732	0.035629048061	0	-0.0391591103325	0.610962864724	-0.790690245885	0	-0.00758859649776	-0.791456160049	-0.611178885242	0	641.516093436	25.5579031347	114.154840887	1	1668093319.6	1
-0.999206326432	-0.0180934602127	0.0354880111676	0	-0.0391451980742	0.610998550996	-0.790663342141	0	-0.00737733621565	-0.791424950407	-0.611221872625	0	641.54004503	26.8516035943	114.308380232	1	1668093319.63	1
-0.999207753614	-0.018158102271	0.0354133828255	0	-0.0391261904443	0.610942910779	-0.790707170539	0	-0.00727777755905	-0.791466362226	-0.611169363465	0	641.577731722	28.5422039655	114.392026093	1	1668093319.69	1
-0.999207647872	-0.0181300657589	0.0354307354281	0	-0.0391231391422	0.610905083282	-0.790736548314	0	-0.00730867534944	-0.791496203401	-0.611130348864	0	641.588738022	29.3998384445	114.412263799	1	1668093319.73	1
-0.999206862475	-0.0182065579644	0.0354145745549	0	-0.0391571663001	0.610894462343	-0.790743141474	0	-0.00723787857514	-0.791502685949	-0.611122848533	0	641.588241783	30.6039302578	114.494982018	1	1668093319.79	1
-0.99920160017	-0.0182014084055	0.0355646610735	0	-0.0392725009674	0.610927733044	-0.790711660709	0	-0.00733534910984	-0.791477092546	-0.611154791283	0	641.548373599	31.4428964923	114.527371847	1	1668093319.82	1
-0.999203636272	-0.0180532736216	0.0355819813871	0	-0.0391961040974	0.610886037627	-0.79074758779	0	-0.00746086909496	-0.791512623807	-0.611107197637	0	641.577575509	32.5247660584	114.513628296	1	1668093319.88	1
-0.999207926982	-0.0180307932083	0.0354747423307	0	-0.0390967551865	0.61096105346	-0.790694706813	0	-0.00741687571026	-0.791455323821	-0.611182058265	0	641.610270497	33.8050265588	114.610251198	1	1668093319.93	1
-0.999210831145	-0.0180034394786	0.0354060025929	0	-0.03902530669	0.610998984953	-0.790668865696	0	-0.00739826721879	-0.791426629899	-0.611219395212	0	641.636681485	34.6051726942	114.699843325	1	1668093319.97	1
-0.999201438503	-0.0180898079245	0.0356277057617	0	-0.0392525358555	0.611100152756	-0.790579533156	0	-0.00747074328235	-0.791346606105	-0.611322194843	0	641.556884451	35.7936479502	114.736104172	1	1668093320.03	1
-0.999197777417	-0.0181128169504	0.0357182554286	0	-0.0393380927338	0.611116753841	-0.790562422499	0	-0.00750877034764	-0.791333245235	-0.61133900529	0	641.526684269	36.562157567	114.742235264	1	1668093320.07	1
-0.999202942522	-0.0180465843369	0.03560581153	0	-0.0392091776853	0.611063348318	-0.790610003752	0	-0.00748957280775	-0.79137594014	-0.611283895697	0	641.60213671	37.6430312435	114.847061404	1	1668093320.13	1
-0.99920438544	-0.018151112583	0.0355126492564	0	-0.0391992080921	0.611077230221	-0.790599814782	0	-0.0073507183558	-0.791362856578	-0.611302552859	0	641.628457238	38.4089315148	114.936497658	1	1668093320.16	1
-0.999202771456	-0.0182226118574	0.0355225524504	0	-0.0392509925445	0.611047696046	-0.790620159852	0	-0.00729889227901	-0.791384067892	-0.611275777901	0	641.629083418	39.4620991912	114.956765665	1	1668093320.22	1
-0.999197923999	-0.0181877617311	0.0356746192442	0	-0.0393495103635	0.611105840593	-0.790570177358	0	-0.00742223481391	-0.791339890029	-0.611331377805	0	641.576504727	40.11811718	114.955205214	1	1668093320.26	1
-0.999206904432	-0.0180288165295	0.0355048106107	0	-0.0391186208885	0.611037029863	-0.790634934891	0	-0.00744060153061	-0.79139672557	-0.611257660565	0	641.642117023	40.857954796	115.007769588	1	1668093320.31	1
-0.999205876661	-0.0180393854847	0.0355264946451	0	-0.039142318654	0.61103275119	-0.790636921893	0	-0.00744519038987	-0.791399704994	-0.611253639285	0	641.656983091	42.6737310576	115.08871108	1	1668093320.4	1
-0.999204329565	-0.0180954666201	0.035542118728	0	-0.039189196688	0.611005515172	-0.790655698025	0	-0.00740912942589	-0.791419481028	-0.611228509044	0	641.657826155	43.6224370079	115.08897277	1	1668093320.46	1
-0.999206025323	-0.0182175424219	0.0354324027151	0	-0.0391771117147	0.610990411195	-0.79066800728	0	-0.00724484362163	-0.791428362871	-0.611219006308	0	641.677470536	44.3027553844	115.152326355	1	1668093320.5	1
-0.999206989053	-0.0182214162969	0.0354031883661	0	-0.0391559565184	0.611034893362	-0.790634677003	0	-0.00722611107073	-0.791393929564	-0.611263809041	0	641.67550709	45.1974265639	115.263389552	1	1668093320.56	1
-0.999209892839	-0.018122547306	0.0353717337877	0	-0.0390713820976	0.610955114133	-0.790700492593	0	-0.00728103123604	-0.791457780321	-0.611180468265	0	641.709359408	45.7431638688	115.254447652	1	1668093320.6	1
-0.999210501624	-0.018046490117	0.0353943131479	0	-0.0390433300965	0.610893056919	-0.790749894825	0	-0.00735193272033	-0.791507458379	-0.611115334392	0	641.723304958	46.0774263261	115.220823111	1	1668093320.65	1
-0.99920107007	-0.0180757323035	0.0356442712753	0	-0.0392583220987	0.610966687013	-0.7906823222	0	-0.00748532204143	-0.791449935084	-0.611188182733	0	641.639518651	47.1153928864	115.237717786	1	1668093320.69	1
-0.999202606859	-0.0180177660603	0.0356314041021	0	-0.0392126234927	0.610974637322	-0.790678515076	0	-0.00752369990688	-0.791445158324	-0.611193947425	0	641.654433169	47.9784636595	115.344964441	1	1668093320.75	1
-0.999206907808	-0.0180340920693	0.0355011263842	0	-0.0391200497595	0.610919862292	-0.790725330904	0	-0.00742833252466	-0.791487015957	-0.611140840149	0	641.700170486	48.4946691244	115.39431195	1	1668093320.78	1
-0.999200728567	-0.0181360467881	0.0356222002795	0	-0.0392776681604	0.610973927517	-0.790675687518	0	-0.00742446316453	-0.791442921028	-0.611197949612	0	641.668468274	49.3005030788	115.440699532	1	1668093320.84	1
-0.999195962178	-0.0182008114046	0.0357236893569	0	-0.0393973045248	0.61099828612	-0.790650988701	0	-0.00743664315416	-0.791422672826	-0.611224076367	0	641.63340271	49.8074414863	115.420608016	1	1668093320.88	1
-0.999198433045	-0.0181540598955	0.0356793265469	0	-0.039333881606	0.610969257219	-0.790676656563	0	-0.00744506214801	-0.791446201089	-0.611193565311	0	641.665795612	50.5386087306	115.430727785	1	1668093320.93	1
-0.999205432582	-0.0181039719199	0.0355071458964	0	-0.0391675224513	0.610918654608	-0.790723919049	0	-0.00737674097593	-0.791486355742	-0.611142323887	0	641.735007291	51.0108731444	115.470692146	1	1668093320.97	1
-0.999208341888	-0.0181588544768	0.0353959761569	0	-0.0391123718971	0.61099874779	-0.790664675565	0	-0.00726927023668	-0.791423221905	-0.61122530336	0	641.74080742	51.6284860485	115.552148884	1	1668093321.03	1
-0.999209853611	-0.0181156657324	0.0353765975299	0	-0.0390703763072	0.611025063821	-0.79064650703	0	-0.00729291100134	-0.791403946494	-0.61125004656	0	641.751146827	52.3516297586	115.631164646	1	1668093321.08	1
-0.999209246638	-0.0180752496664	0.0354146158922	0	-0.0390761536685	0.610982035783	-0.79067948985	0	-0.00734598983917	-0.791438099536	-0.611205202165	0	641.751571286	52.7054107795	115.606358136	1	1668093321.12	1
-0.999204047337	-0.0179807870492	0.0356086401052	0	-0.0391721193137	0.610965823419	-0.790687251076	0	-0.0075384937713	-0.791452756655	-0.611183865308	0	641.714903596	53.3872761294	115.560388357	1	1668093321.18	1
-0.999201575091	-0.0180023923445	0.0356660959665	0	-0.0392306472907	0.610982697528	-0.79067123496	0	-0.00755734451034	-0.79143919644	-0.61120113653	0	641.701293128	53.7994739464	115.572801336	1	1668093321.22	1
-0.999199661455	-0.0182135562487	0.0356125776306	0	-0.0393167256944	0.611048544951	-0.790616081291	0	-0.00736104160893	-0.791383532226	-0.611275611288	0	641.692109234	54.404762839	115.666197203	1	1668093321.27	1
-0.999198141664	-0.0182738793212	0.0356259212301	0	-0.0393639869115	0.611062568135	-0.790603018084	0	-0.0073223420827	-0.791371385672	-0.61129189442	0	641.687147347	54.8049537321	115.690257162	1	1668093321.31	1
-0.999205678617	-0.0181259749628	0.0354887396437	0	-0.0391659003667	0.610973195579	-0.790681837804	0	-0.00735078046456	-0.791443739729	-0.6111978098	0	641.751128536	55.3157273201	115.707597059	1	1668093321.37	1
-0.999211243859	-0.0181200567642	0.0353359757441	0	-0.0390415908471	0.610949469949	-0.790706415306	0	-0.00726091888769	-0.791462245353	-0.61117499163	0	641.796290502	55.6493767105	115.773117565	1	1668093321.41	1
-0.999213032946	-0.0180073455857	0.0353414923372	0	-0.0389773580986	0.610923238715	-0.790729733049	0	-0.00735196961578	-0.791484998488	-0.611144350065	0	641.817804575	56.1146552582	115.796746574	1	1668093321.47	1
-0.999209608982	-0.0180273592746	0.0354297542694	0	-0.0390592441493	0.610939427578	-0.790713323108	0	-0.00739104519844	-0.791472125556	-0.611160651858	0	641.786446401	56.4165522676	115.78381113	1	1668093321.5	1
-0.999204321848	-0.0180753212414	0.0355522469938	0	-0.039185215079	0.610972706451	-0.790681221658	0	-0.00742959693768	-0.791445254741	-0.611194867714	0	641.734782301	56.8913567548	115.768435019	1	1668093321.56	1
-0.999205272061	-0.018097975859	0.0355142959752	0	-0.0391694422483	0.610927633982	-0.790716853033	0	-0.00738627058984	-0.791479543059	-0.611151007266	0	641.749140975	57.3011166194	115.762150689	1	1668093321.62	1
-0.999206773366	-0.018048246738	0.0354976417442	0	-0.0391263619749	0.61087511663	-0.790759581468	0	-0.00741279999204	-0.791521225491	-0.611096717159	0	641.779425901	57.5714367966	115.767764685	1	1668093321.65	1
-0.999204520275	-0.0180423044121	0.0355641752068	0	-0.0391751481388	0.610899894942	-0.790738035815	0	-0.00745942217121	-0.791502243972	-0.61112074373	0	641.760408854	57.9270865567	115.794174026	1	1668093321.71	1
-0.999202934157	-0.0180432462291	0.0356082333363	0	-0.0392104091952	0.610918986625	-0.790721538058	0	-0.00748657004142	-0.791487486729	-0.611139524355	0	641.745924305	58.1648125226	115.811601671	1	1668093321.75	1
-0.99919994263	-0.018072249674	0.0356765054109	0	-0.0392818787508	0.610950552671	-0.790693530428	0	-0.00750692092848	-0.791462419104	-0.611171686276	0	641.72025326	58.5379646368	115.831737534	1	1668093321.8	1
-0.999199563784	-0.0181016049115	0.0356730919542	0	-0.0392970485366	0.610955669009	-0.790688891251	0	-0.00748194500864	-0.791457837305	-0.611177975796	0	641.712659263	58.7573196295	115.845491641	1	1668093321.84	1
-0.999201147796	-0.0181168382779	0.0356214261875	0	-0.0392656314483	0.610937708111	-0.790704367259	0	-0.00743744425187	-0.791471374324	-0.611161015998	0	641.72755761	59.0415511298	115.871308975	1	1668093321.9	1
-0.999201815494	-0.0181263712874	0.0355984886838	0	-0.0392533604097	0.610930326582	-0.790710731059	0	-0.00741555573248	-0.791476882873	-0.611154185842	0	641.737889589	59.2303479984	115.889706796	1	1668093321.94	1
-0.999204655447	-0.018110279551	0.0355254391777	0	-0.0391858753249	0.610917096975	-0.790724185259	0	-0.00738284670805	-0.791487397881	-0.611140879964	0	641.762665865	59.4409411117	115.927773228	1	1668093321.99	1
-0.999207855603	-0.018119871784	0.0354314722725	0	-0.0391175728687	0.610893258249	-0.790746067738	0	-0.0073166810678	-0.791505625165	-0.611118130106	0	641.785731068	59.6060816027	115.95235344	1	1668093322.03	1
-0.999207776451	-0.0181246521094	0.0354315289412	0	-0.039120913292	0.610852062304	-0.790777747997	0	-0.00731091868268	-0.791537321523	-0.611077160065	0	641.785321882	59.8088258445	115.914706274	1	1668093322.09	1
-0.999202901278	-0.0180903171033	0.0355847740073	0	-0.0392208563631	0.610893537061	-0.790740643057	0	-0.00743373622178	-0.791506033187	-0.611116120506	0	641.746282351	59.9437973152	115.904612526	1	1668093322.12	1
-0.999197070684	-0.0180132166159	0.0357867709285	0	-0.0393330205504	0.610954502457	-0.790687947639	0	-0.00762121586582	-0.791460722454	-0.611172477347	0	641.696007372	60.1258752256	115.898886888	1	1668093322.18	1
-0.999196475278	-0.0181148718814	0.0357530648454	0	-0.0393682826547	0.61097155594	-0.790673094585	0	-0.00752118717051	-0.79144528273	-0.61119376839	0	641.695517245	60.2425726239	115.926341697	1	1668093322.24	1
-0.999198125195	-0.0181852821767	0.0356703712409	0	-0.0393458165696	0.610979372613	-0.790668113746	0	-0.0074153147024	-0.791437600289	-0.611204966714	0	641.710310431	60.3751816648	115.966464933	1	1668093322.28	1
-0.999198492044	-0.0182003491833	0.0356541722503	0	-0.0393420661262	0.610990195458	-0.790660076645	0	-0.00739414770829	-0.791428977904	-0.611216490535	0	641.71145225	60.479769386	115.988970619	1	1668093322.33	1
-0.9991967232	-0.0181563597499	0.0357257419646	0	-0.0393715881723	0.611015191269	-0.790639262411	0	-0.00747390518173	-0.791410674661	-0.611239198808	0	641.693066471	60.6037770087	115.999669056	1	1668093322.43	1
-0.999194437007	-0.0181615482263	0.0357850680809	0	-0.039421621984	0.611028096547	-0.790626642951	0	-0.00750662156864	-0.791400505174	-0.611251852499	0	641.67298486	60.6769887046	115.9863098	1	1668093322.52	1
