-0.999405878563	-0.0302780875247	-0.0164640332179	0	0.00297388908656	0.40016243504	-0.916439340348	0	0.0343363786666	-0.915943884789	-0.399834657828	0	635.879829223	-66.6013749174	110.174667776	1	1668093518.58	1
-0.999402074036	-0.0304190233381	-0.016437950872	0	0.00289379977712	0.400156484116	-0.916442288252	0	0.0344550042988	-0.915941864986	-0.399829188318	0	635.877623945	-66.5060442648	110.167863814	1	1668093519.83	1
-0.999402320973	-0.0304611714319	-0.01634427408	0	0.00279016747667	0.400179285526	-0.916432641719	0	0.0344562349778	-0.915930496215	-0.399855111792	0	635.830597733	-66.4137964178	110.137313317	1	1668093519.93	1
-0.999402308769	-0.0303983152157	-0.0164614414373	0	0.0029268979517	0.400069474975	-0.916480152352	0	0.0344451618382	-0.915980550569	-0.399741382102	0	635.857731104	-66.2897160827	110.189846518	1	1668093520.02	1
-0.999403578343	-0.0303688455556	-0.0164400008731	0	0.00292100946296	0.400017014898	-0.916503111681	0	0.0344093707531	-0.916004461682	-0.399689718716	0	635.835461563	-66.189258516	110.20777294	1	1668093520.08	1
-0.999405978351	-0.030327904747	-0.0163697056241	0	0.00287367725071	0.399997052849	-0.916511979597	0	0.0343436656573	-0.916014538387	-0.399672282576	0	635.781367089	-65.978056974	110.157634987	1	1668093520.17	1
-0.999404743988	-0.0303684633486	-0.0163683959381	0	0.00285564263728	0.400012899521	-0.91650507069	0	0.0343804103064	-0.916006248291	-0.399688066078	0	635.770875308	-65.8410051952	110.165206131	1	1668093520.21	1
-0.999403524933	-0.0303988152149	-0.0163840794341	0	0.00285571037506	0.400070209597	-0.916479975362	0	0.0344147531948	-0.915980169602	-0.399744780014	0	635.749760847	-65.6139109971	110.206755746	1	1668093520.27	1
-0.999405059692	-0.0303610301815	-0.0163628036298	0	0.00284928061095	0.400125019319	-0.916456143645	0	0.0343717131864	-0.915957522811	-0.399800460468	0	635.717356499	-65.4532359049	110.230199436	1	1668093520.3	1
-0.999408415199	-0.0302720970818	-0.016324340283	0	0.00284827926616	0.400160789667	-0.916440586917	0	0.0342748774879	-0.915944871084	-0.399837825435	0	635.695572739	-65.3446149586	110.246931237	1	1668093520.36	1
-0.999412532047	-0.0301423271373	-0.0163115474488	0	0.00288781312823	0.400178890588	-0.916432530213	0	0.0341509117902	-0.915941227	-0.399856746358	0	635.653414855	-65.0479502792	110.258365123	1	1668093520.39	1
-0.999410795649	-0.0302057713576	-0.0163018158122	0	0.00285475052543	0.400145426723	-0.916447286957	0	0.0342050209241	-0.915953778929	-0.399823415357	0	635.621882506	-64.7515955339	110.22528605	1	1668093520.45	1
-0.999408360538	-0.0302493939753	-0.0163659923525	0	0.00289783405873	0.40009936203	-0.916467127831	0	0.0342706534415	-0.915972388953	-0.399775000255	0	635.6272926	-64.5417287081	110.228936065	1	1668093520.49	1
-0.999405059162	-0.0302729801957	-0.016527299563	0	0.00303782592504	0.400059827233	-0.916484069648	0	0.0343565384431	-0.915988951103	-0.399729837096	0	635.640766144	-64.2174241478	110.282153244	1	1668093520.55	1
-0.999406293	-0.0302800365334	-0.0164355042655	0	0.0029498397988	0.400085323763	-0.916473092713	0	0.0343264957445	-0.915977509547	-0.399758479157	0	635.568775923	-63.8404946961	110.320373781	1	1668093520.61	1
-0.999405694187	-0.0303124403839	-0.0164121687969	0	0.00291383967575	0.400128863094	-0.916454199602	0	0.0343469987031	-0.915957419192	-0.399802748705	0	635.533566625	-63.5638948453	110.369312085	1	1668093520.64	1
-0.999403301893	-0.0303722527144	-0.0164484418409	0	0.00292180482421	0.400165198674	-0.916438349576	0	0.0344164057511	-0.915939585805	-0.399837681851	0	635.499705299	-63.1569995222	110.446545606	1	1668093520.7	1
-0.999401433607	-0.0304253790059	-0.0164663697865	0	0.00291691349601	0.400167400707	-0.916437490594	0	0.0344721945951	-0.915936907345	-0.399839112815	0	635.472837403	-62.8527249442	110.460402474	1	1668093520.74	1
-0.999401210404	-0.0303156478718	-0.0166811863605	0	0.00316976434122	0.399849973119	-0.916575201548	0	0.034456466219	-0.91607916706	-0.399514439031	0	635.532380407	-62.5150540683	110.386134113	1	1668093520.79	1
-0.999403334359	-0.0302288479046	-0.0167114292155	0	0.00323581078486	0.399754264297	-0.916616717176	0	0.0343886556708	-0.916123804268	-0.399417915216	0	635.516441627	-62.2599039422	110.342729894	1	1668093520.83	1
-0.999407470214	-0.0301625721285	-0.0165795282528	0	0.00313523951322	0.399916549364	-0.91654614529	0	0.0342758620982	-0.916055088858	-0.399585028616	0	635.398710017	-61.769340526	110.388500201	1	1668093520.89	1
-0.999409820864	-0.0301847380349	-0.0163993427506	0	0.00295630952013	0.400045997291	-0.916490342292	0	0.0342244672407	-0.915997886751	-0.39972065446	0	635.243780653	-60.8248883982	110.478394212	1	1668093520.98	1
-0.999408257477	-0.0302204211163	-0.0164251888565	0	0.00296332205005	0.400109731391	-0.916462374316	0	0.034267828126	-0.915968806669	-0.399783430222	0	635.206598632	-60.4325433434	110.577559928	1	1668093521.02	1
-0.999405874287	-0.0302686300682	-0.0164859190062	0	0.00300077386502	0.400082387758	-0.916474343165	0	0.0343360746285	-0.915979241079	-0.399753845078	0	635.172066048	-59.8523819351	110.636314299	1	1668093521.08	1
-0.99940654242	-0.0302800549044	-0.0164222655069	0	0.00293874920223	0.400057478784	-0.91648534915	0	0.0343210676341	-0.915989706004	-0.3997310744	0	635.090742462	-59.2962975517	110.621377757	1	1668093521.13	1
-0.999406199533	-0.0303118274482	-0.0163867084782	0	0.00289452688886	0.400028558715	-0.916498187595	0	0.0343358067305	-0.916001325375	-0.39970326799	0	635.04618339	-58.9019707041	110.6172949	1	1668093521.17	1
-0.999403856279	-0.0303874887224	-0.0163856982656	0	0.00286308740476	0.400034161248	-0.916495714896	0	0.0344048821363	-0.91599630397	-0.399708688966	0	634.975148799	-58.2068549152	110.671457787	1	1668093521.23	1
-0.999401882866	-0.030432775622	-0.0164209753391	0	0.00287588266131	0.400072070918	-0.916479093744	0	0.0344606476188	-0.915978225716	-0.399745273486	0	634.924464191	-57.7445332996	110.745260895	1	1668093521.26	1
-0.999404399874	-0.0302788930961	-0.0165546287372	0	0.0030655399943	0.399925770533	-0.916542427104	0	0.0343724920683	-0.916047263127	-0.39959474958	0	634.907149147	-57.1511286988	110.789961089	1	1668093521.32	1
-0.999409257504	-0.0301609128819	-0.0164778981669	0	0.00304419989898	0.399877032854	-0.916563807825	0	0.0342334709461	-0.91607245549	-0.399548980591	0	634.846578662	-56.7133268856	110.774820222	1	1668093521.36	1
-0.999409394931	-0.0302285596868	-0.0163426139828	0	0.00289210982293	0.399902299079	-0.916553195386	0	0.0342415457897	-0.916059152511	-0.399578693094	0	634.737396159	-56.1045257858	110.768954396	1	1668093521.41	1
-0.999407552752	-0.0303130584195	-0.0162980163623	0	0.00281677530288	0.399919053392	-0.916546097222	0	0.0343012379018	-0.916049033933	-0.399596744098	0	634.65320413	-55.4540892821	110.809047008	1	1668093521.45	1
-0.999403739648	-0.0303854692445	-0.016396653665	0	0.00287488960496	0.400008954826	-0.916506683036	0	0.0344073306337	-0.916007380502	-0.39968309748	0	634.580351542	-54.6350206075	110.984331138	1	1668093521.51	1
-0.999402572635	-0.0303612916383	-0.0165129154836	0	0.00299207381184	0.399985376452	-0.916516623521	0	0.0344315660989	-0.91601849173	-0.399655573475	0	634.549308741	-54.1326181942	111.020299503	1	1668093521.55	1
-0.999402478152	-0.0303622840569	-0.0165172474327	0	0.00299607345341	0.399974177126	-0.916521512682	0	0.0344341579118	-0.916023356925	-0.399644215984	0	634.540035091	-54.0362093404	111.013864187	1	1668093521.6	1
-0.999409141244	-0.0302831760632	-0.0162566133757	0	0.00278536949712	0.400063271915	-0.916483269171	0	0.0342577175233	-0.915987056429	-0.399742544893	0	634.330076159	-52.7618799059	110.982364558	1	1668093521.64	1
-0.999405077342	-0.0303827395835	-0.0163187012957	0	0.00279841120135	0.400170845174	-0.916436202814	0	0.034374188382	-0.915936735419	-0.399847765849	0	634.248054882	-51.8748230809	111.105810032	1	1668093521.7	1
-0.999403007476	-0.0303423617918	-0.0165215814447	0	0.00300311152078	0.400104737487	-0.916464493149	0	0.0344180670284	-0.915966993427	-0.399774757751	0	634.230906937	-50.9883479876	111.208667865	1	1668093521.75	1
-0.999403566734	-0.0303263577053	-0.0165186491879	0	0.00300776637121	0.400080031335	-0.91647531431	0	0.0344020986112	-0.915978342264	-0.399750187821	0	634.169706266	-50.4284984708	111.208677131	1	1668093521.79	1
-0.999409129025	-0.0302536919676	-0.0163109213952	0	0.00284928296193	0.400001206614	-0.916510121724	0	0.0342522615829	-0.916015113437	-0.399678667333	0	634.023462138	-49.5769308257	111.197785091	1	1668093521.85	1
-0.999406292957	-0.0303119620264	-0.0163789579421	0	0.00288976528847	0.399964198842	-0.916526231484	0	0.0343326823251	-0.91602939271	-0.399639138477	0	633.974347857	-48.9431992225	111.278424724	1	1668093521.88	1
-0.999405574102	-0.0303023569436	-0.016439752462	0	0.00294962206071	0.399957105329	-0.916529112105	0	0.0343481882613	-0.916032794666	-0.399629979996	0	633.902750835	-48.1861644533	111.357523658	1	1668093521.94	1
-0.999405568102	-0.030326737043	-0.0163951002183	0	0.00289765962145	0.399990674075	-0.916514628324	0	0.0343527854671	-0.916017330359	-0.399665030326	0	633.843130643	-47.7681727867	111.385794285	1	1668093521.98	1
-0.99940578514	-0.0303966656823	-0.0162528608799	0	0.00273687717294	0.400053803562	-0.91648760547	0	0.0343601514145	-0.915987463404	-0.399732887074	0	633.630237803	-46.2976910366	111.432340936	1	1668093522.03	1
-0.999403283618	-0.0303919187808	-0.0164161496956	0	0.00289080360343	0.399993239783	-0.916513613592	0	0.0344208773725	-0.916014094544	-0.399666685157	0	633.6091816	-45.6158577089	111.52352637	1	1668093522.07	1
-0.999402887433	-0.0303965222242	-0.0164284192766	0	0.00289981264024	0.400003297293	-0.916509085008	0	0.0344301366713	-0.916009490412	-0.399676311042	0	633.530915109	-44.7371321445	111.602756537	1	1668093522.13	1
-0.999409400126	-0.0302660597896	-0.0162710419179	0	0.00280717984576	0.400016744255	-0.916503461148	0	0.0342477048282	-0.916007914911	-0.399695544942	0	633.279645747	-42.7939798542	111.666029486	1	1668093522.22	1
-0.999410149789	-0.0303015573827	-0.0161627002264	0	0.00268999831759	0.400114430892	-0.916461306632	0	0.0342370722226	-0.915964149173	-0.399796900284	0	633.107969231	-41.6519024324	111.748890208	1	1668093522.28	1
-0.99941042337	-0.0301791901859	-0.0163697543255	0	0.00293693492766	0.399897110278	-0.916555277376	0	0.034207164705	-0.916063024246	-0.39957271574	0	633.116625591	-40.9695255986	111.746144651	1	1668093522.32	1
-0.999403809933	-0.0302940318816	-0.0165599804726	0	0.00306170405324	0.399996888494	-0.916511318694	0	0.0343888246927	-0.916015664418	-0.399665674582	0	633.022224187	-39.7635617273	111.926285249	1	1668093522.37	1
-0.999407201041	-0.0302583205464	-0.0164200235831	0	0.00294347159255	0.400108327759	-0.916463062083	0	0.0343004821971	-0.915968174518	-0.399782091087	0	632.90582566	-38.9501359212	111.987543836	1	1668093522.41	1
-0.999405195286	-0.0303379567974	-0.0163960244785	0	0.00288804874784	0.400149594962	-0.916445250332	0	0.03436397203	-0.915947528866	-0.399823972909	0	632.769200342	-37.7390201822	112.068403531	1	1668093522.46	1
-0.999402973533	-0.0303908248365	-0.0164342301949	0	0.0029026098801	0.400131404204	-0.9164531712	0	0.0344276293381	-0.915953736168	-0.399804304353	0	632.694424912	-36.9028679645	112.116006203	1	1668093522.5	1
-0.999407896246	-0.0302381155291	-0.0164172314229	0	0.00295275329297	0.40000840741	-0.916506725528	0	0.0342804551199	-0.91601252315	-0.399682272998	0	632.583586004	-35.7039528873	112.110620911	1	1668093522.56	1
-0.999409058846	-0.0301656944847	-0.0164797411199	0	0.00304099600305	0.399956531581	-0.916529082177	0	0.0342388991765	-0.916037565614	-0.399628443769	0	632.516368931	-34.8842303952	112.154811213	1	1668093522.6	1
-0.999400748004	-0.0303675336954	-0.0166094312163	0	0.00307428123185	0.40008610803	-0.916472311445	0	0.0344762878041	-0.915974254266	-0.399753012801	0	632.381923299	-33.5791349773	112.334132413	1	1668093522.65	1
-0.999408003721	-0.0301944197195	-0.016491325771	0	0.00303441447659	0.400109274962	-0.916462441337	0	0.0342703602543	-0.915969917527	-0.399780784844	0	632.273200728	-32.7113600488	112.375699392	1	1668093522.69	1
-0.999405626835	-0.0303277954357	-0.0163890399679	0	0.00288408798734	0.400192976888	-0.916426337036	0	0.0343519857513	-0.915928921276	-0.399867648056	0	632.079095743	-31.4035734864	112.442191926	1	1668093522.75	1
-0.999403422848	-0.0303533007075	-0.0164763431343	0	0.00295478755382	0.400170275412	-0.916436036717	0	0.0344102068059	-0.915938001264	-0.39984185645	0	632.005858782	-30.5112086273	112.534200542	1	1668093522.79	1
-0.999409006823	-0.0302211940593	-0.0163811497063	0	0.00292398234625	0.400074088549	-0.916478162061	0	0.0342507133586	-0.915984404155	-0.399749276567	0	631.859023725	-29.1612824956	112.57825896	1	1668093522.84	1
-0.999401486925	-0.0303947901122	-0.0165159558546	0	0.00297922116892	0.400044659605	-0.916490755837	0	0.0344637101202	-0.915991473316	-0.39971468362	0	631.73337571	-27.7678363008	112.710249032	1	1668093522.9	1
-0.999402448548	-0.0303977575092	-0.0164524073102	0	0.00291956883362	0.400049710408	-0.916488750644	0	0.034441022485	-0.915989173012	-0.3997219192	0	631.622130419	-26.8103925399	112.770680741	1	1668093522.93	1
-0.999405067804	-0.0303943021289	-0.0162978480212	0	0.00277810081287	0.400079200055	-0.916476280457	0	0.0343761609777	-0.915976387844	-0.399756755752	0	631.491594358	-26.0932833043	112.772302651	1	1668093522.99	1
-0.999404233455	-0.0303605283567	-0.0164119353823	0	0.00289665202137	0.400068242885	-0.916480708926	0	0.034390795042	-0.915982300324	-0.39974196362	0	631.324577183	-24.4409406872	112.907051844	1	1668093523.03	1
-0.999405844789	-0.0303125640072	-0.0164040560154	0	0.00290839642453	0.400074541689	-0.916477974909	0	0.0343436547842	-0.915981166151	-0.399748676713	0	631.227187658	-23.513820529	112.952756425	1	1668093523.09	1
-0.999408149752	-0.0302309920558	-0.0164168401728	0	0.00295475287556	0.400021910746	-0.916500889499	0	0.0342737544822	-0.916006895909	-0.399695818755	0	631.072229589	-21.9716103875	112.996346671	1	1668093523.12	1
-0.999407574563	-0.0302920241268	-0.0163368939197	0	0.00285176871856	0.40016164605	-0.916440137795	0	0.0342982242398	-0.915943803531	-0.399838194096	0	630.8822995	-20.352390561	113.125880416	1	1668093523.18	1
-0.999406444898	-0.0302979596346	-0.0163974759327	0	0.00290679946257	0.400112653731	-0.916461441743	0	0.0343276670139	-0.915965055907	-0.399787079012	0	630.799206149	-19.3424778691	113.17338963	1	1668093523.22	1
-0.999404873684	-0.0303225392877	-0.0164474588969	0	0.00294274611024	0.400113943729	-0.916460754855	0	0.034370201024	-0.915963674214	-0.399786579761	0	630.653301018	-17.7620872059	113.287657273	1	1668093523.28	1
-0.999405937109	-0.0302883954903	-0.0164425018225	0	0.0029513260319	0.400127753024	-0.916454589679	0	0.0343370693082	-0.915958713184	-0.399800666567	0	630.544228544	-16.7106311336	113.364428044	1	1668093523.31	1
-0.999406989183	-0.0302801132176	-0.0163955896603	0	0.00290865484843	0.400207321043	-0.916420043925	0	0.0343109082422	-0.915924257551	-0.399881913751	0	630.337617135	-15.0759688581	113.558062718	1	1668093523.37	1
-0.999407313059	-0.0302346200906	-0.0164582164126	0	0.0029885505934	0.400093356132	-0.916469498924	0	0.0342939469549	-0.915975521869	-0.399765871536	0	630.192929706	-13.6268197075	113.628057433	1	1668093523.42	1
-0.999407934905	-0.0302519007652	-0.0163872418602	0	0.00291675042253	0.40008775797	-0.916472130531	0	0.034281416918	-0.915977373067	-0.39976265382	0	630.050292396	-12.5719976336	113.666972381	1	1668093523.46	1
-0.999407811199	-0.0303124727201	-0.0162825200483	0	0.0027979698943	0.400047882699	-0.916489907453	0	0.0342949211065	-0.915992786591	-0.399726176532	0	629.856310794	-10.9812661382	113.721515948	1	1668093523.52	1
-0.999407551902	-0.0303234364787	-0.0162802395318	0	0.0027916416415	0.400044268814	-0.916491577522	0	0.0343039793129	-0.915994041458	-0.399722609016	0	629.747377742	-10.0022586265	113.776407473	1	1668093523.56	1
-0.999407639972	-0.0302974622341	-0.0163231352871	0	0.00284197012664	0.400028315821	-0.916498386081	0	0.0342972802169	-0.916001867967	-0.39970524839	0	629.614209535	-8.65117485934	113.862523863	1	1668093523.61	1
-0.999407698283	-0.030279837335	-0.0163522432817	0	0.00287612141364	0.400017489792	-0.916503004757	0	0.0342927338705	-0.916007178524	-0.399693468094	0	629.523845698	-7.73437109889	113.920959788	1	1668093523.65	1
-0.999407783553	-0.0302534004602	-0.0163959059392	0	0.00292734855894	0.400001249403	-0.916509930688	0	0.0342859134792	-0.916015143997	-0.399675797673	0	629.388299093	-6.3591568299	114.008614225	1	1668093523.71	1
-0.999407841816	-0.0302348487957	-0.0164265465659	0	0.00296329722103	0.399989851791	-0.916514789448	0	0.034281126664	-0.916020733487	-0.399663397521	0	629.293179026	-5.39409781797	114.07012588	1	1668093523.75	1
-0.999407919807	-0.0302093409297	-0.016468677714	0	0.00301272642118	0.399974178908	-0.916521468177	0	0.0342745440078	-0.916028418621	-0.399646347478	0	629.162389218	-4.06714455267	114.154704221	1	1668093523.8	1
-0.999409724268	-0.030141611479	-0.0164831406134	0	0.00304824703004	0.400103749578	-0.916464790353	0	0.0342186846751	-0.915974061019	-0.399775697567	0	628.944840803	-1.96294534413	114.394091255	1	1668093523.84	1
-0.999407811921	-0.0302359392683	-0.0164256112781	0	0.00295568883641	0.400158427514	-0.916441200019	0	0.0342823194957	-0.915947055307	-0.399832092773	0	628.758333097	-0.368174406493	114.476167369	1	1668093523.9	1
-0.999409717308	-0.0302116003264	-0.0163522367179	0	0.00289887330001	0.400138641137	-0.916449952067	0	0.0342306588457	-0.915956465433	-0.399814881395	0	628.50204608	2.00030453313	114.565830988	1	1668093523.99	1
-0.999411699048	-0.0301271946405	-0.0163907797889	0	0.00296657982725	0.400177487652	-0.916432905487	0	0.0341687258059	-0.915942345474	-0.399852679005	0	628.327895017	3.65241080298	114.691475016	1	1668093524.05	1
-0.999410019541	-0.0301613440127	-0.0164303341593	0	0.0029880125615	0.400208740507	-0.91641918808	0	0.0342159499403	-0.915927566495	-0.399882493574	0	628.219351131	4.63117966567	114.772997493	1	1668093524.08	1
-0.99940781254	-0.0302317220051	-0.0164315960318	0	0.00296066822024	0.400216797359	-0.916415636921	0	0.0342810906822	-0.91592166053	-0.399890300713	0	628.05766386	6.06621325788	114.85767795	1	1668093524.14	1
-0.999405598182	-0.0302272724505	-0.0165743841446	0	0.00309590615681	0.400149518744	-0.916444587021	0	0.0343339021543	-0.915951211877	-0.399818097901	0	628.006820614	7.04487793769	114.956649768	1	1668093524.18	1
-0.99940407674	-0.0302912047584	-0.0165525832442	0	0.0030509161808	0.400134352552	-0.916451467184	0	0.0343836245967	-0.915955783062	-0.399803477408	0	627.85533464	8.43892553307	115.038120152	1	1668093524.23	1
-0.999403567985	-0.0303324505157	-0.0165056174349	0	0.00299306260491	0.400088091301	-0.916471784752	0	0.0344025507807	-0.915974588243	-0.399758681845	0	627.74603405	9.35508714111	115.053280535	1	1668093524.27	1
-0.999409052462	-0.0301949311644	-0.0164246543465	0	0.0029708829637	0.40016744078	-0.916437184827	0	0.0342444106727	-0.915944453969	-0.399841265047	0	627.597857535	10.5584937134	115.180671814	1	1668093524.33	1
-0.999409524168	-0.0301856670836	-0.0164131077013	0	0.00296370344862	0.400175487819	-0.916433698628	0	0.0342313228265	-0.915941245961	-0.399849739545	0	627.586531418	10.6363341535	115.188899452	1	1668093524.36	1
-0.999411084401	-0.0301645841776	-0.0163599447813	0	0.00292872159945	0.400033343686	-0.916495972974	0	0.0341901803194	-0.916004086974	-0.399709402116	0	627.310767042	12.910490889	115.257248489	1	1668093524.42	1
-0.999411722899	-0.0301412441238	-0.0163603593395	0	0.00293845947774	0.400032198043	-0.916496322371	0	0.0341690600582	-0.916005291336	-0.399708309008	0	627.29073849	13.1537995461	115.284555039	1	1668093524.46	1
-0.999413077642	-0.03012520473	-0.0163091545536	0	0.00289968498254	0.399985250775	-0.916517005411	0	0.0341336680857	-0.916026357397	-0.399663133904	0	627.088976495	15.0901860844	115.407843919	1	1668093524.51	1
-0.999403626446	-0.0303650371344	-0.0164407923675	0	0.00292039977527	0.400092529892	-0.916470039911	0	0.0344065391418	-0.915971547447	-0.399765257569	0	626.950566525	16.4044755737	115.549390847	1	1668093524.57	1
-0.999405582579	-0.0302569100178	-0.016523151266	0	0.00303996735209	0.400072420118	-0.916478500889	0	0.0343402515568	-0.91598394728	-0.399742627586	0	626.907304709	17.2594112621	115.633941662	1	1668093524.61	1
-0.999409708204	-0.0301873246016	-0.0164002158834	0	0.00295473244326	0.400081703124	-0.91647472004	0	0.0342273399168	-0.915982184738	-0.399756341518	0	626.74674059	18.512315278	115.67047523	1	1668093524.67	1
-0.999410508847	-0.0301790388981	-0.0163681440374	0	0.00292970179951	0.400053495679	-0.91648716363	0	0.0342067814335	-0.91599480453	-0.399729241877	0	626.649534328	19.2924622183	115.698421006	1	1668093524.7	1
-0.99940284002	-0.0303419956693	-0.016531217869	0	0.00301321320298	0.400074760395	-0.916477507648	0	0.034421523332	-0.915980078332	-0.3997444332	0	626.582695439	20.1203897475	115.812826018	1	1668093524.76	1
-0.999411395847	-0.0301920223462	-0.0162907205299	0	0.00285373812373	0.400047451123	-0.916490070414	0	0.0341876692222	-0.915997031965	-0.399725806008	0	626.277366459	22.3873387169	115.87224493	1	1668093524.86	1
-0.999410835753	-0.0301694416713	-0.016363814347	0	0.00293238302554	0.399977815951	-0.91652011763	0	0.0341960742474	-0.91602813264	-0.399653697118	0	626.234593571	23.1493570433	115.923728472	1	1668093524.89	1
-0.999407036778	-0.0302447064025	-0.0164589060119	0	0.0029872740293	0.400036990599	-0.916494189594	0	0.0343032083348	-0.915999850928	-0.399709422594	0	626.130884966	24.2521841489	116.063727187	1	1668093524.95	1
-0.99940343126	-0.0302994087579	-0.0165772966055	0	0.00307630617209	0.399974425208	-0.916521218038	0	0.0344004694165	-0.916025373206	-0.399642588168	0	626.092537536	24.9670935807	116.110347046	1	1668093524.99	1
-0.99940558778	-0.0303171131058	-0.0164138656112	0	0.00291871564823	0.399991172443	-0.916514416434	0	0.034351404112	-0.916017470268	-0.399664912702	0	625.937726412	25.9779630564	116.111094732	1	1668093525.04	1
-0.999406996911	-0.0303021866293	-0.0163551674886	0	0.00286824874791	0.400060769818	-0.916484186584	0	0.0343144785689	-0.915987564014	-0.399736607423	0	625.835158947	26.7073586715	116.172668818	1	1668093525.08	1
-0.999408601876	-0.0301768367589	-0.0164839708593	0	0.00303702843932	0.400046589262	-0.916489687421	0	0.0342511964877	-0.915997817267	-0.399718369895	0	625.76905251	27.6964781956	116.28139771	1	1668093525.14	1
-0.999409617438	-0.0301479378521	-0.0164799498727	0	0.0030457323787	0.400025325406	-0.916499096228	0	0.0342228874907	-0.916008139269	-0.399697321982	0	625.665952053	28.7004203344	116.323255378	1	1668093525.19	1
-0.999411572653	-0.0301145275763	-0.0164190803161	0	0.00300459714349	0.399989450021	-0.916514780322	0	0.0341679045595	-0.916024845529	-0.39966361014	0	625.587209916	29.3038591711	116.309790272	1	1668093525.23	1
-0.999407267637	-0.0301745748669	-0.0165705152859	0	0.00311776254309	0.4000344897	-0.916494755797	0	0.0342836426785	-0.916003207217	-0.399703304002	0	625.509513538	30.2736715852	116.434926926	1	1668093525.29	1
-0.999405635066	-0.030227314369	-0.0165747578613	0	0.00309700928403	0.400129282057	-0.916453508985	0	0.0343339391619	-0.915960099371	-0.39979783827	0	625.451269111	30.7804083721	116.521232205	1	1668093525.33	1
-0.999405077751	-0.030362916334	-0.0163583631943	0	0.00283983723064	0.400248069585	-0.916402444753	0	0.0343720423511	-0.915903700327	-0.39992372513	0	625.298995572	31.7917022585	116.581665586	1	1668093525.38	1
-0.99940405972	-0.0302887206571	-0.0165578764772	0	0.00306161777343	0.400005003517	-0.916507886681	0	0.034383042059	-0.916012355276	-0.399673883787	0	625.311951209	32.4212685104	116.551354308	1	1668093525.42	1
-0.999403288715	-0.030307582902	-0.0165677507042	0	0.00306160043117	0.40004521428	-0.91649026385	0	0.0344044795655	-0.91599413229	-0.399713717948	0	625.223251377	33.3095018846	116.62725814	1	1668093525.48	1
-0.999403328333	-0.0303092220096	-0.0165623730682	0	0.00305197865747	0.400152627072	-0.916443403483	0	0.0344041888334	-0.915947160011	-0.39982136904	0	625.139674596	33.9354647532	116.71558043	1	1668093525.52	1
-0.999405778599	-0.0303037996905	-0.0164239965782	0	0.00292053930724	0.400331863993	-0.916365554048	0	0.0343444282779	-0.915869017182	-0.400005478788	0	624.972954743	34.7887473598	116.795987633	1	1668093525.57	1
-0.999407934707	-0.0301944759233	-0.0164951337862	0	0.00303420409203	0.400207571782	-0.916419512247	0	0.0342722691773	-0.915926967002	-0.399879003673	0	624.981597529	35.0684221316	116.774132822	1	1668093525.61	1
-0.999413436185	-0.0300513358485	-0.0164216837705	0	0.00302697810762	0.400131559202	-0.916452682149	0	0.0341114892358	-0.915964859291	-0.399805897109	0	624.878219501	35.9858623077	116.76023016	1	1668093525.67	1
-0.999410264032	-0.0301621946445	-0.0164123493935	0	0.00297129848362	0.400205301867	-0.916420692683	0	0.0342095694641	-0.91592901331	-0.399879665697	0	624.78735637	36.7648802227	116.83886566	1	1668093525.72	1
-0.999409506384	-0.0302219530026	-0.0163471902257	0	0.00288490759129	0.400277815785	-0.916389257001	0	0.0342385305271	-0.915895333687	-0.399954274362	0	624.705512749	37.2865553534	116.915070435	1	1668093525.76	1
-0.999409415617	-0.0302150473934	-0.0163643456003	0	0.00290264801293	0.40029779797	-0.916380434364	0	0.0342391657797	-0.915886807841	-0.39997369921	0	624.678521344	37.5037620704	116.95299545	1	1668093525.82	1
-0.999408358634	-0.0301366693849	-0.0165759738494	0	0.00313691259227	0.400062292126	-0.916482631293	0	0.0342511089855	-0.915992354026	-0.399731053632	0	624.661577182	38.3819390303	116.976973843	1	1668093525.86	1
-0.999408437944	-0.0302399206417	-0.0163818120798	0	0.00291421939104	0.400151055558	-0.916444607676	0	0.0342683708394	-0.915950174597	-0.399826207829	0	624.536020886	39.0552568035	117.004724241	1	1668093525.91	1
-0.999403755352	-0.0304048538273	-0.0163614519745	0	0.0028280286382	0.40019087696	-0.916427464987	0	0.0344115291855	-0.915927303513	-0.399866276106	0	624.46230226	39.5145625358	117.023173178	1	1668093525.95	1
-0.999404899503	-0.030378625833	-0.0163387211778	0	0.00281581952883	0.400240287494	-0.916405872781	0	0.03437859647	-0.915906555948	-0.399916569471	0	624.389509018	40.1857370385	117.091919708	1	1668093526.01	1
-0.99940367401	-0.0303835267006	-0.0164075382963	0	0.00287929892762	0.400178584078	-0.916432725291	0	0.0344103366838	-0.915933410124	-0.399852451155	0	624.375495919	40.5580994488	117.103517256	1	1668093526.04	1
-0.999404816827	-0.0302690903322	-0.0165443718356	0	0.00305177495698	0.400145952393	-0.916446265917	0	0.0343602332475	-0.915951374761	-0.399815432114	0	624.363359641	41.0398028763	117.168458143	1	1668093526.1	1
-0.999405008501	-0.0301991665384	-0.0166642476339	0	0.00319089240877	0.400114600301	-0.91645961853	0	0.0343438698359	-0.91596745291	-0.399780162622	0	624.355718883	41.4191799701	117.220984274	1	1668093526.14	1
-0.999408308526	-0.0301767826679	-0.0165018958289	0	0.00304992948481	0.400141739906	-0.916448107232	0	0.0342586315642	-0.91595625862	-0.399812957445	0	624.246947376	41.9896050102	117.2117923	1	1668093526.19	1
-0.999408036874	-0.0302419673041	-0.0164020732219	0	0.0029319511158	0.400151733776	-0.916444241139	0	0.0342783671657	-0.915949803281	-0.399826185458	0	624.168243181	42.5283611292	117.217413861	1	1668093526.25	1
-0.999411458564	-0.0301548758021	-0.0163553105767	0	0.00292403496654	0.400149223649	-0.916445410611	0	0.0341797890904	-0.915953797143	-0.399825531351	0	624.125082162	42.8459033964	117.225603665	1	1668093526.29	1
-0.999408768837	-0.0302011668575	-0.0164314074358	0	0.0029743120916	0.400174763832	-0.916434008062	0	0.0342528216932	-0.91594106621	-0.399848342389	0	624.075448812	43.2940086381	117.279560129	1	1668093526.34	1
-0.999405596985	-0.0302774224021	-0.0164835007996	0	0.00299207993131	0.400160699443	-0.916440077859	0	0.0343435162101	-0.915944685942	-0.399832254763	0	624.052132535	43.594277819	117.301545794	1	1668093526.38	1
-0.999405508149	-0.0302135731759	-0.0166087279632	0	0.00313794179758	0.400015286362	-0.916503176212	0	0.0343345043583	-0.916010365792	-0.399682657514	0	624.065416826	44.3005861965	117.350798468	1	1668093526.48	1
-0.99940305371	-0.0302581907823	-0.0166728749633	0	0.00317629225526	0.400084704792	-0.916472668714	0	0.0344013607361	-0.915978535511	-0.399749765639	0	624.027849191	44.6977275829	117.440890702	1	1668093526.53	1
-0.999405954132	-0.0302182940339	-0.0165690899203	0	0.00309571565469	0.400120915358	-0.916457069506	0	0.0343234651567	-0.915963999835	-0.399789688724	0	623.966590905	44.927640713	117.439656389	1	1668093526.57	1
-0.999409832536	-0.030169440915	-0.0164229171535	0	0.00298005761728	0.400152137149	-0.916443800219	0	0.0342203386699	-0.91595195983	-0.399826088246	0	623.881619914	45.2624226954	117.426887077	1	1668093526.63	1
-0.999409526651	-0.0301761208201	-0.0164299929037	0	0.00298412918662	0.400145395323	-0.916446755174	0	0.0342292469883	-0.915954698241	-0.399819080798	0	623.871662434	45.371384564	117.432450806	1	1668093526.66	1
-0.999407446515	-0.0301793249009	-0.0165522548625	0	0.00309687184995	0.400094682909	-0.916468590933	0	0.0342808600867	-0.915976782455	-0.399764141536	0	623.871364857	45.7797873405	117.480647384	1	1668093526.72	1
-0.999406828437	-0.0302011011748	-0.0165508696907	0	0.00308748554868	0.40007887181	-0.916475559037	0	0.0343001796275	-0.915982989113	-0.399748302405	0	623.854318456	45.9694731538	117.485222197	1	1668093526.76	1
-0.999407170341	-0.0302057154889	-0.0165182388787	0	0.00305623341292	0.40006438856	-0.916481867511	0	0.0342914173626	-0.915989098927	-0.39973491572	0	623.823218704	46.1592129874	117.47509876	1	1668093526.82	1
-0.999408979503	-0.0301882864721	-0.0164446369121	0	0.0029955169308	0.400070418673	-0.916479575157	0	0.0342458962919	-0.915987114809	-0.399743527037	0	623.766888171	46.4457017966	117.468421549	1	1668093526.87	1
-0.999408595442	-0.030193716409	-0.0164577032078	0	0.00300598379087	0.400052773389	-0.916487233339	0	0.0342560504877	-0.91599463707	-0.399725408052	0	623.749750742	46.5752655718	117.464010482	1	1668093526.91	1
-0.999408675837	-0.030180808894	-0.0164764858627	0	0.00302879449083	0.400041510115	-0.916492074651	0	0.0342516955042	-0.915999981499	-0.399713533956	0	623.725501536	46.7365511802	117.465076522	1	1668093526.97	1
-0.999408712695	-0.0301741232285	-0.0164837650893	0	0.00303853156442	0.400030669522	-0.916496682928	0	0.0342485269323	-0.916004886977	-0.399702457448	0	623.713224057	46.852203264	117.467890699	1	1668093527.01	1
-0.999408517751	-0.0301835479743	-0.016481109349	0	0.00303243443669	0.400028253317	-0.916497850751	0	0.0342560096215	-0.916005681677	-0.399700103277	0	623.710682192	46.9845005927	117.487828055	1	1668093527.06	1
-0.999408758398	-0.0301904765567	-0.0164533974458	0	0.00300378566862	0.40004056987	-0.916492555569	0	0.0342513297395	-0.916000067197	-0.399713355173	0	623.689036287	47.2029931558	117.514699846	1	1668093527.16	1
-0.999407699806	-0.0302188194949	-0.0164635111171	0	0.00300196920622	0.400033470351	-0.916495588469	0	0.0342813945819	-0.916002194446	-0.399705819126	0	623.676096414	47.3162390965	117.522310847	1	1668093527.25	1
-0.9994066187	-0.0302618733016	-0.0164523421059	0	0.00297457232618	0.400031920782	-0.916496430625	0	0.0343163127761	-0.916001490946	-0.399704524013	0	623.659107771	47.4218352955	117.527276648	1	1668093527.4	1
