-0.999986152799	-0.00456627109936	0.00262880776924	0	-0.00389529295313	0.304733340865	-0.952429812869	0	0.00354790168881	-0.952426799013	-0.304746898426	0	641.635549708	-65.3243713115	104.882730059	1	1668093568.12	1
-0.999985462325	-0.00471790501919	0.0026003921888	0	-0.00391453109489	0.304751834439	-0.952423692448	0	0.00370102341706	-0.952420078657	-0.304765880298	0	641.647351484	-65.209457891	104.904223759	1	1668093569.27	1
-0.999985825214	-0.00460372326052	0.0026692948067	0	-0.00394568668039	0.304840762113	-0.952395129679	0	0.00357088300912	-0.952392190999	-0.304854610234	0	641.598736332	-65.1043448312	104.909009866	1	1668093569.37	1
-0.999985868233	-0.00459119906011	0.00267451164504	0	-0.00394717801762	0.304931979464	-0.952365920741	0	0.00355698786639	-0.952363049228	-0.304945797022	0	641.586551398	-64.9140318774	104.959072777	1	1668093569.46	1
-0.999985744051	-0.0046044682516	0.00268810648691	0	-0.00396456526144	0.305034738271	-0.952332886161	0	0.0035651033305	-0.952330049169	-0.30504865665	0	641.580316229	-64.6284435656	105.039063571	1	1668093569.56	1
-0.999985245561	-0.0046608317219	0.00279683051601	0	-0.00408491655503	0.304937559612	-0.952363622808	0	0.00358591183199	-0.952360960136	-0.304952094201	0	641.540953213	-64.4864664368	105.064714804	1	1668093569.61	1
-0.999985141338	-0.00472318084636	0.00272317033004	0	-0.00403268976994	0.304653752208	-0.952454640532	0	0.00366898463067	-0.95245146324	-0.304668271576	0	641.570176564	-64.2607074556	105.031099536	1	1668093569.71	1
-0.999986187262	-0.00450508478793	0.00269928458701	0	-0.00394430608505	0.304875258153	-0.952384079608	0	0.00346766827949	-0.952381613513	-0.304888822682	0	641.574632591	-63.7701238972	105.017186806	1	1668093569.8	1
-0.999986364885	-0.00447828117781	0.00267447660059	0	-0.00391257124718	0.30489221512	-0.952378762858	0	0.00344965354135	-0.952376301602	-0.304905588453	0	641.575929513	-63.5751307531	105.030063408	1	1668093569.84	1
-0.999986676925	-0.00443734083074	0.00264924740222	0	-0.00387580596124	0.30482705362	-0.952399898743	0	0.00341849962347	-0.95239741705	-0.304840181638	0	641.573664507	-63.3598096312	105.069066505	1	1668093569.89	1
-0.999986437026	-0.00447272978829	0.00266815170133	0	-0.00390438995502	0.304766482425	-0.952419101116	0	0.00344675146056	-0.952416602364	-0.304779812371	0	641.561144621	-63.1178815336	105.090308781	1	1668093569.93	1
-0.999985781578	-0.00459185016399	0.00270027661808	0	-0.00397125528869	0.304753853281	-0.952422805923	0	0.00355052175875	-0.952420045818	-0.304767764236	0	641.555470582	-62.749571126	105.105411584	1	1668093569.99	1
-0.999985975349	-0.00456235424257	0.0026974711034	0	-0.00395967754258	0.30478100592	-0.952414269994	0	0.00352307200544	-0.95241155271	-0.304794790818	0	641.571956142	-62.3266654437	105.18241239	1	1668093570.05	1
-0.999985764485	-0.00464721106339	0.00261182461164	0	-0.00390401717752	0.304789404075	-0.952411715312	0	0.00363005318649	-0.952408404982	-0.304803215623	0	641.585157052	-62.0452546252	105.243464764	1	1668093570.09	1
-0.99998554276	-0.00473350217544	0.00253579769089	0	-0.00385790419824	0.30478701153	-0.952412643027	0	0.00373544523863	-0.952408732369	-0.304800877791	0	641.591939833	-61.6654494024	105.301981571	1	1668093570.14	1
-0.999985596336	-0.00470129197487	0.00258671861906	0	-0.00389650666458	0.304769528357	-0.95241814602	0	0.00368925630738	-0.952414520342	-0.304783459174	0	641.574209754	-61.3757010161	105.298409926	1	1668093570.18	1
-0.999985647212	-0.0046466386057	0.00265946772966	0	-0.00394927211999	0.304803829032	-0.952406923877	0	0.00361491520916	-0.952403797319	-0.304817811055	0	641.546821621	-60.9395683249	105.333964818	1	1668093570.23	1
-0.999985458533	-0.00467072939602	0.00269137645532	0	-0.00398712523301	0.304835864843	-0.952396531199	0	0.00362798135249	-0.952393435644	-0.304850058257	0	641.523591001	-60.6867385622	105.352461045	1	1668093570.27	1
-0.999985687272	-0.00454838163194	0.00282783401148	0	-0.00407990074533	0.304869816635	-0.95238535498	0	0.00346963304807	-0.952383203537	-0.304884001518	0	641.464408526	-60.1106097039	105.354477038	1	1668093570.33	1
-0.999986664453	-0.00437116035496	0.00276290797968	0	-0.00396367474499	0.304767689448	-0.952418542707	0	0.00332106095412	-0.952416725132	-0.304780940992	0	641.484432208	-59.8218652182	105.357250098	1	1668093570.37	1
-0.999986779465	-0.00440089458341	0.00265509663107	0	-0.00386976108581	0.304680850813	-0.952446617097	0	0.00338268298832	-0.952444322655	-0.304693856567	0	641.522711448	-59.399384945	105.398429031	1	1668093570.42	1
-0.999986086702	-0.00449661449025	0.00274423071249	0	-0.00398418813847	0.30477928752	-0.952414596804	0	0.00344633086807	-0.952412353014	-0.304792973376	0	641.485191254	-58.8961909171	105.464742917	1	1668093570.46	1
-0.999985244987	-0.00469729622737	0.0027297546112	0	-0.0040318393698	0.304853691509	-0.952390667415	0	0.00364147912488	-0.952387614648	-0.304868131217	0	641.468040504	-58.2371295353	105.552861598	1	1668093570.52	1
-0.999985476941	-0.00467372142965	0.00268487958185	0	-0.00398209222277	0.304900718466	-0.952375822433	0	0.00363251138298	-0.952372676298	-0.304914900649	0	641.474439062	-57.8164986783	105.640137651	1	1668093570.56	1
-0.99998590943	-0.00458567488695	0.00267942918383	0	-0.003950074113	0.304906957795	-0.95237397914	0	0.00355027465833	-0.95237111754	-0.304920771368	0	641.483583231	-57.1857998551	105.714640033	1	1668093570.61	1
-0.999985409038	-0.00466383381995	0.00273738837298	0	-0.00402923696357	0.304942964925	-0.952362155776	0	0.00360685006203	-0.952359228345	-0.304957298119	0	641.430658761	-56.5549513511	105.724321826	1	1668093570.67	1
-0.999985515083	-0.00465692706975	0.00271027352935	0	-0.00400107675809	0.304882166842	-0.952381739687	0	0.00360879679577	-0.952378727391	-0.304896374291	0	641.432660031	-56.128237981	105.721661895	1	1668093570.7	1
-0.999986610537	-0.0044853004477	0.00259130849621	0	-0.00383498304287	0.304755172541	-0.952423058751	0	0.00348213612513	-0.952420191416	-0.304768285289	0	641.48011304	-55.4925125864	105.761196262	1	1668093570.76	1
-0.999987097122	-0.00440535654976	0.00253453834489	0	-0.00375641315009	0.304716261897	-0.952435792387	0	0.00342347934441	-0.952432999253	-0.304728874848	0	641.498141594	-55.0524373418	105.813475179	1	1668093570.8	1
-0.999986706449	-0.00446692755528	0.00258657609932	0	-0.00382487497824	0.304754970287	-0.952423167015	0	0.00346607781506	-0.952420343974	-0.304767996246	0	641.453901564	-54.2884565661	105.9221343	1	1668093570.85	1
-0.999986629483	-0.00451467287476	0.00251568488638	0	-0.00377205409085	0.304790802581	-0.952411822738	0	0.00353309941606	-0.952408606866	-0.304803761274	0	641.461641473	-53.7544007409	106.023077165	1	1668093570.89	1
-0.999986275455	-0.00452340092077	0.0026329169003	0	-0.00388660589002	0.304854004884	-0.952391107726	0	0.00350544573788	-0.952388323624	-0.304867409586	0	641.408748601	-52.9798654923	106.059337121	1	1668093570.95	1
-0.999985270515	-0.00471055107675	0.00270162495183	0	-0.00400912459058	0.304863755729	-0.952387565209	0	0.00366261411759	-0.952384339701	-0.304878146198	0	641.376185811	-52.39515837	106.059431013	1	1668093570.99	1
-0.999985609299	-0.00467464350478	0.00263970552254	0	-0.00393901081829	0.304813518695	-0.952403947453	0	0.00364749278057	-0.952400601493	-0.304827540041	0	641.398570661	-51.6101225583	106.127574995	1	1668093571.04	1
-0.999985655535	-0.00467468199088	0.00260866958773	0	-0.00390940878697	0.304796349807	-0.952409492577	0	0.00365712872174	-0.952406059164	-0.304810257368	0	641.407279476	-51.4899647732	106.13961763	1	1668093571.08	1
-0.999986366617	-0.00459541357319	0.00247005262431	0	-0.00375292626823	0.304717247882	-0.952435416095	0	0.00362421347437	-0.952431747348	-0.304730346664	0	641.418122717	-50.2372495669	106.33282479	1	1668093571.14	1
-0.999986293021	-0.00458800694597	0.00252429846916	0	-0.00380228927403	0.304707384615	-0.952438432735	0	0.00360061383076	-0.952434967904	-0.304720651756	0	641.384888361	-49.4554936416	106.397133438	1	1668093571.19	1
-0.999986003507	-0.00458981650774	0.0026331516955	0	-0.00390602712761	0.304576330916	-0.952479929148	0	0.00356970547439	-0.95247687602	-0.304589994838	0	641.347957927	-47.8291213554	106.459333387	1	1668093571.29	1
-0.999985664749	-0.00463813288068	0.0026859689376	0	-0.0039713318875	0.304652462726	-0.95245536125	0	0.00359927239545	-0.95245231963	-0.304666506886	0	641.310594967	-47.2889086119	106.530450674	1	1668093571.33	1
-0.999984950495	-0.00474546098335	0.00275997322201	0	-0.0040752855763	0.304850277741	-0.952391607599	0	0.00367812144232	-0.952388485274	-0.304865023508	0	641.23344098	-46.1167561522	106.724011507	1	1668093571.38	1
-0.999985401957	-0.00466777496076	0.00273498416425	0	-0.00402770070089	0.304825112158	-0.952399899927	0	0.00361182587254	-0.952396942121	-0.304839452262	0	641.226973362	-45.450697171	106.772692931	1	1668093571.42	1
-0.999985734834	-0.00458575987576	0.00274346008569	0	-0.00401030284598	0.304696698011	-0.95244101631	0	0.00353171753397	-0.952438406776	-0.304710738049	0	641.226627359	-44.5196099012	106.760514069	1	1668093571.48	1
-0.999986139904	-0.00454485643633	0.00264395668609	0	-0.0039026949201	0.304591915792	-0.952474876484	0	0.00352360577602	-0.952472065332	-0.304605441941	0	641.24694591	-43.8751372158	106.794444702	1	1668093571.51	1
-0.999985814142	-0.00458266220771	0.00272100733961	0	-0.00398784965616	0.304663606254	-0.952451704058	0	0.00353574014298	-0.952449011463	-0.304677554524	0	641.210615495	-43.2681488272	106.871042273	1	1668093571.57	1
-0.99998555957	-0.00457817691098	0.00281524803867	0	-0.00407707294326	0.304887764412	-0.95237956597	0	0.00350182289503	-0.95237728663	-0.304902026588	0	641.142210412	-42.0197560856	107.102640696	1	1668093571.61	1
-0.999986026279	-0.00463971385277	0.00252982010519	0	-0.00382316842428	0.304670578585	-0.952450094456	0	0.00364835397621	-0.952446476847	-0.304684062538	0	641.228119497	-40.9495985146	107.165789342	1	1668093571.66	1
-0.999986117271	-0.0045636031104	0.00262645932302	0	-0.00389189773044	0.304635901121	-0.952460887445	0	0.00354657921495	-0.952457925955	-0.304649438861	0	641.196860153	-40.2282405553	107.173532699	1	1668093571.7	1
-0.999985840586	-0.00452387459179	0.0027903291486	0	-0.00403610093721	0.304696655951	-0.952440825959	0	0.00345858455521	-0.952438667352	-0.304710610143	0	641.134550463	-39.1553554804	107.258072134	1	1668093571.76	1
-0.999985524029	-0.0045747240233	0.00282774859326	0	-0.00408789165277	0.304877102978	-0.952382899783	0	0.00349479995442	-0.952380699336	-0.304891394532	0	641.081814844	-37.8759038585	107.471327093	1	1668093571.81	1
-0.99998597347	-0.00462921073697	0.00257076688099	0	-0.00385904769036	0.304691620262	-0.952443224677	0	0.00362578336546	-0.952439799935	-0.304705212921	0	641.154200708	-37.1103824071	107.536754787	1	1668093571.85	1
-0.999986117665	-0.00464184218704	0.00250616643738	0	-0.00380112120035	0.304630746112	-0.952463008567	0	0.00365766601611	-0.952459251099	-0.304644152239	0	641.173956464	-36.9398470234	107.541638351	1	1668093571.91	1
-0.999986206323	-0.00461724725902	0.00250441018463	0	-0.00379231861412	0.304723369253	-0.952433354147	0	0.00363446419772	-0.952429710342	-0.304736675511	0	641.106490069	-31.6769513168	108.001223658	1	1668093572.1	1
-0.999986446307	-0.00452353353586	0.00257844572727	0	-0.00383438265245	0.30475246166	-0.952423877009	0	0.0035225302133	-0.95242085146	-0.304765675588	0	641.075034111	-30.8041657551	108.062518063	1	1668093572.13	1
-0.999986591984	-0.00453418702006	0.00249324004166	0	-0.00375670056031	0.30481051565	-0.952405563555	0	0.00355845895638	-0.952402199643	-0.304823468205	0	641.066764548	-29.8755535329	108.19710953	1	1668093572.19	1
-0.999986006987	-0.00459806947025	0.00262175395553	0	-0.00389822074682	0.304719908237	-0.952434060579	0	0.00358042805266	-0.952430924177	-0.30473356425	0	640.994000483	-27.1587657914	108.376687533	1	1668093572.28	1
-0.999986362371	-0.00449678848749	0.00265201969849	0	-0.00389631992107	0.30475517534	-0.952422732523	0	0.00347464711774	-0.952420097022	-0.304768543123	0	640.945398942	-25.9723215402	108.473468802	1	1668093572.34	1
-0.999986428401	-0.00449456391218	0.00265032968449	0	-0.00389403366191	0.304760121252	-0.952421264531	0	0.0034729230524	-0.952418579115	-0.304773475276	0	640.943235745	-25.8928604276	108.482909604	1	1668093572.38	1
-0.999986052149	-0.00458426084807	0.00263863566162	0	-0.00391067032949	0.304876903419	-0.952383819977	0	0.00356143638486	-0.952380775102	-0.304890566688	0	640.878812775	-23.3769094846	108.761392187	1	1668093572.43	1
-0.999985480949	-0.00464414897375	0.00272512571515	0	-0.00401135276429	0.304884738686	-0.952380764535	0	0.00359219134254	-0.952377910536	-0.304898947642	0	640.841161576	-22.3783190617	108.817640952	1	1668093572.47	1
-0.9999864472	-0.00451916964912	0.00258698925105	0	-0.00384137684006	0.304803405589	-0.952407553097	0	0.00351555841796	-0.9524045732	-0.304816633042	0	640.875176525	-20.9098100241	108.98839228	1	1668093572.53	1
-0.999986663841	-0.00448685735583	0.00256022042205	0	-0.00380601203479	0.304798111512	-0.952409393931	0	0.00349296060903	-0.952406422609	-0.304811121621	0	640.867916638	-19.869957397	109.103282974	1	1668093572.57	1
-0.999986271355	-0.00454734155831	0.00260970522455	0	-0.00387138688593	0.304747104596	-0.95242547026	0	0.00353567278452	-0.952422467052	-0.304760520767	0	640.831529251	-18.3709420712	109.193846681	1	1668093572.62	1
-0.999986405772	-0.00454065655062	0.00256752810455	0	-0.00382904129952	0.304709791405	-0.952437569219	0	0.00354231994978	-0.952434431854	-0.304723032373	0	640.839394222	-17.984385475	109.225519231	1	1668093572.66	1
-0.999986142305	-0.00461813383327	0.00252979235576	0	-0.00381705330218	0.3047996786	-0.952408845506	0	0.00362726008223	-0.952405292191	-0.304813080738	0	640.795400701	-15.7456888895	109.506098448	1	1668093572.72	1
-0.999985657694	-0.00468005229358	0.00260725338197	0	-0.00390983996879	0.304835533771	-0.952396998162	0	0.00366246840839	-0.952393516745	-0.304849457637	0	640.744885027	-14.6956724658	109.591948369	1	1668093572.76	1
-0.999986050008	-0.00461670183592	0.00256336212575	0	-0.00384808502898	0.304665687999	-0.952451563901	0	0.0036162310703	-0.952448155846	-0.304679205541	0	640.746984352	-13.228210593	109.67017693	1	1668093572.81	1
-0.999986290794	-0.0045715431722	0.00255261368277	0	-0.00382407718707	0.304663210242	-0.952452465053	0	0.00357649338526	-0.952449172362	-0.304676515972	0	640.727033429	-12.130661718	109.797071682	1	1668093572.85	1
-0.999986381624	-0.00455125809338	0.00254189894031	0	-0.00380758349268	0.30463187105	-0.952462495906	0	0.00356061913351	-0.952459263034	-0.3046450606	0	640.698376809	-10.5916842823	109.948824047	1	1668093572.91	1
-0.999985856352	-0.00454362757948	0.00276640248235	0	-0.00401936027435	0.304708111829	-0.952437311129	0	0.00348456496476	-0.952434949216	-0.304722063115	0	640.5965959	-9.03515813468	110.038560792	1	1668093572.96	1
-0.999985283559	-0.00457967791841	0.00292148056684	0	-0.00417862190067	0.304867914527	-0.952385552852	0	0.00347087935722	-0.952383671207	-0.304882553745	0	640.508284785	-7.9088956761	110.154044391	1	1668093573	1
-0.999986410978	-0.00450025234247	0.00264582214973	0	-0.00389118152712	0.304679676222	-0.952447005891	0	0.00348005062061	-0.95244428577	-0.304693036452	0	640.589411154	-6.42879813336	110.288833415	1	1668093573.06	1
-0.999986174768	-0.00452138014623	0.0026913728539	0	-0.00394097602347	0.304670224776	-0.95244978505	0	0.00348637113203	-0.952447188774	-0.304683826083	0	640.561418097	-5.36712986533	110.353916282	1	1668093573.09	1
-0.99998520382	-0.00461897942363	0.00288637498785	0	-0.0041571417245	0.304860206702	-0.952388112285	0	0.00351904797621	-0.952385947761	-0.304874887002	0	640.463190637	-3.83815135862	110.512236724	1	1668093573.15	1
-0.999985113272	-0.00463163737728	0.00289744036059	0	-0.00417161486893	0.304880535387	-0.952381541532	0	0.00352764053369	-0.952379378806	-0.304895307433	0	640.454662263	-3.71872921306	110.528578302	1	1668093573.19	1
-0.999986900065	-0.00446638670623	0.00251000844641	0	-0.0037517130879	0.304735166954	-0.952429786428	0	0.00348898399521	-0.952426678823	-0.304747924472	0	640.554712293	-1.2847129413	110.81779005	1	1668093573.24	1
-0.99998671061	-0.00447256187639	0.00255278694398	0	-0.0037944375226	0.30475736805	-0.952422404145	0	0.00348184420918	-0.952419489855	-0.304770297242	0	640.536058992	-1.05429878267	110.832733799	1	1668093573.28	1
-0.999986186089	-0.00447499851561	0.00276371188949	0	-0.00399647700317	0.304874285835	-0.952384254483	0	0.0034192982043	-0.952382108379	-0.304887953348	0	640.433383125	1.29117052772	111.016132811	1	1668093573.34	1
-0.99998741818	-0.00438764273181	0.00242866377956	0	-0.00365019232567	0.304719272895	-0.952435202122	0	0.00343889807488	-0.952432097124	-0.304731456682	0	640.524436844	2.26110795916	111.142792018	1	1668093573.38	1
-0.999986482485	-0.0044788589556	0.00263985120311	0	-0.00387968088332	0.304870070314	-0.952386044057	0	0.00346079685822	-0.952383417634	-0.304883326618	0	640.422524944	3.75663667147	111.270219682	1	1668093573.43	1
-0.999985509702	-0.00463946032342	0.00272082510782	0	-0.00400599989678	0.304930134304	-0.952366243771	0	0.0035888554959	-0.952363394726	-0.304944309092	0	640.355695767	5.17256768478	111.376372722	1	1668093573.49	1
-0.999986328535	-0.00456601281096	0.00255900559359	0	-0.00382922167653	0.304863558066	-0.952388394249	0	0.00356841709987	-0.952385120003	-0.304876866587	0	640.395770863	6.18630148573	111.498255523	1	1668093573.53	1
-0.999986995171	-0.00442590250995	0.00253113451657	0	-0.00375992752549	0.304851463286	-0.952392471933	0	0.0034435900689	-0.952389616946	-0.30486414187	0	640.386681275	7.57920774531	111.64032651	1	1668093573.58	1
-0.999986790844	-0.00440955822836	0.00264568904841	0	-0.0038639642642	0.304830072438	-0.952398943078	0	0.00339314788212	-0.952396560529	-0.304843080552	0	640.340790737	8.50525140645	111.664614831	1	1668093573.62	1
-0.999986615749	-0.00446170332681	0.00260482704814	0	-0.00384078259939	0.304781266372	-0.952414552318	0	0.00345556328899	-0.952411883781	-0.304794334553	0	640.342005084	9.82459429562	111.777758786	1	1668093573.68	1
-0.999987026886	-0.0044511152457	0.00248840516089	0	-0.00372652142794	0.30474604957	-0.95242641298	0	0.00348097093557	-0.952423273264	-0.304758674804	0	640.366621924	10.4029601992	111.854541251	1	1668093573.71	1
-0.999986408371	-0.00452685422049	0.00257731661979	0	-0.00383490504016	0.30490843088	-0.952373901749	0	0.00352545921857	-0.952370887941	-0.304921653677	0	640.291275306	12.0204900395	112.072974214	1	1668093573.77	1
-0.999985939943	-0.00452787077445	0.00276359027862	0	-0.00401273987535	0.30494443723	-0.952361709289	0	0.00346941059207	-0.952359390011	-0.3049583161	0	640.217759977	12.9017676368	112.103996871	1	1668093573.81	1
-0.999985860132	-0.00450408504926	0.00284149832097	0	-0.00407954550586	0.304908770409	-0.95237290872	0	0.00342309138312	-0.952370955259	-0.30492282191	0	640.172719111	14.168306424	112.167181539	1	1668093573.87	1
-0.999985629818	-0.00457179041092	0.00281304929298	0	-0.00407312698804	0.304916822921	-0.952370350932	0	0.00349621898494	-0.952368050857	-0.304931051956	0	640.164635024	15.0125696868	112.260352005	1	1668093573.9	1
-0.999985913106	-0.00456634843697	0.00271377364251	0	-0.00397718363203	0.304987005966	-0.95234825084	0	0.00352104673768	-0.952345587079	-0.305000864714	0	640.159622127	16.1661740903	112.445584592	1	1668093573.96	1
-0.999986443563	-0.00449922664109	0.00262690874985	0	-0.00387364981945	0.304895057425	-0.952378107203	0	0.00348400319141	-0.952375341951	-0.304908348093	0	640.18032232	17.0880451842	112.511434326	1	1668093574.02	1
-0.999986738189	-0.0044811171919	0.00254805381615	0	-0.00379245982454	0.304741069722	-0.952427736907	0	0.00349139528404	-0.952424721239	-0.304754015616	0	640.207932561	18.1705728977	112.554869322	1	1668093574.06	1
-0.999986159523	-0.00446600458191	0.00277057965023	0	-0.00400017514985	0.304841887952	-0.952394511911	0	0.00340886757283	-0.952392470894	-0.304855542181	0	640.108965169	19.3836191455	112.656310627	1	1668093574.11	1
-0.999986089848	-0.00445919296184	0.00282913352184	0	-0.00405395181611	0.304871932024	-0.952384797942	0	0.00338427751046	-0.952382952937	-0.304885758702	0	640.070684606	20.1932547236	112.734132478	1	1668093574.15	1
-0.999986240256	-0.00447528192742	0.0027249708336	0	-0.00395990143612	0.304934914353	-0.952364893013	0	0.00343122677965	-0.952362643158	-0.304948449685	0	640.070980641	21.2766542251	112.917200548	1	1668093574.21	1
-0.999987068988	-0.00438772202593	0.00256294685567	0	-0.00377839206091	0.304795966168	-0.95241013377	0	0.00339777514573	-0.95240754186	-0.304808609303	0	640.124712938	21.9510356019	112.971850576	1	1668093574.24	1
-0.999986698557	-0.0044710325979	0.00257431279626	0	-0.00381418810049	0.304682363183	-0.952446396265	0	0.0034740570091	-0.952443532167	-0.304695361735	0	640.107365748	22.9865572948	112.996483403	1	1668093574.3	1
-0.999985863347	-0.00464352490514	0.00259601074793	0	-0.00388729817395	0.304652821411	-0.952455564695	0	0.00363184131947	-0.952452163949	-0.304666561298	0	640.090735342	23.7597772361	113.048390007	1	1668093574.34	1
-0.999985954853	-0.00457007063572	0.00266803890926	0	-0.0039336378918	0.304678665994	-0.952446990391	0	0.00353993957591	-0.95244419191	-0.304692376161	0	640.065294882	24.8036720137	113.16954951	1	1668093574.39	1
-0.999985944238	-0.00458888627549	0.00266273509211	0	-0.00393436637231	0.304696577481	-0.952441382881	0	0.00355928307504	-0.9524384361	-0.304710343804	0	640.048226513	25.4550816478	113.245681284	1	1668093574.43	1
-0.999985724288	-0.00469771643531	0.00255338650404	0	-0.00386337239275	0.30469488429	-0.952442215562	0	0.00369626341638	-0.952438447408	-0.304708678233	0	640.048763037	26.0953489307	113.33145618	1	1668093574.49	1
-0.999986546336	-0.00447690521232	0.00260714817851	0	-0.00384739444246	0.304717878465	-0.952434817357	0	0.00346958139717	-0.952432099692	-0.304731013011	0	640.020945909	27.0244220867	113.433918676	1	1668093574.53	1
-0.999985564416	-0.00455134702424	0.00286813123469	0	-0.00411893356267	0.304801398901	-0.952407096625	0	0.00346045646772	-0.952405093721	-0.304815735507	0	639.918003549	28.0823561721	113.491819227	1	1668093574.58	1
-0.999985482586	-0.004596293266	0.0027985485025	0	-0.00406610008425	0.30472419317	-0.952431878676	0	0.00352494581351	-0.952429505657	-0.304738469435	0	639.926977478	28.9449955487	113.532130532	1	1668093574.64	1
-0.999985854317	-0.00459591798446	0.00268659116219	0	-0.00395907727228	0.304656004302	-0.952454271957	0	0.00355886767827	-0.952451387587	-0.304669883253	0	639.951486878	29.5473261505	113.575679971	1	1668093574.68	1
-0.999986228762	-0.00456535998158	0.00259413390408	0	-0.00386155991508	0.304616474755	-0.952467295779	0	0.00355811109649	-0.952464167616	-0.304629904931	0	639.967019537	30.3952719618	113.654863674	1	1668093574.73	1
-0.999986102511	-0.00456467132729	0.00262557210406	0	-0.0038913844951	0.304636553735	-0.95246065587	0	0.00354788801081	-0.952457699261	-0.304650092305	0	639.953773541	30.5168934553	113.665431328	1	1668093574.77	1
-0.999986044431	-0.00456366953236	0.0026558837358	0	-0.00392056438508	0.304803403768	-0.952407190021	0	0.00353697870675	-0.95240434049	-0.304817046573	0	639.916211837	31.8485996453	113.877809837	1	1668093574.83	1
-0.999985731411	-0.0046139220321	0.0027062832041	0	-0.00398403475712	0.304848188655	-0.952392700369	0	0.00356918663416	-0.952389819863	-0.304862210061	0	639.884858731	32.4249199482	113.931713133	1	1668093574.87	1
-0.999985555626	-0.0046079565603	0.00277244112795	0	-0.00404524516257	0.304851611112	-0.952391301817	0	0.00354336418369	-0.952388730056	-0.304865843538	0	639.846223971	33.2442708663	113.975457058	1	1668093574.92	1
-0.999985829149	-0.00452411736002	0.0028205958109	0	-0.00406549518846	0.304839352695	-0.952395191119	0	0.00344883905356	-0.95239308241	-0.304853413816	0	639.822705757	33.7412746832	113.995621074	1	1668093574.96	1
-0.999986199933	-0.00447922201852	0.00274630731282	0	-0.00398072004128	0.304742762959	-0.952426382119	0	0.00342920638852	-0.952424165323	-0.304756387196	0	639.855138587	34.4518110226	114.047190963	1	1668093575.02	1
-0.999986395471	-0.00447213750556	0.0026782099256	0	-0.0039134927885	0.304682941679	-0.952445756727	0	0.0034434987139	-0.952443315339	-0.304696303488	0	639.882881016	34.9274300431	114.093928288	1	1668093575.06	1
-0.99998622271	-0.00457342412476	0.0025847297813	0	-0.00385504692324	0.304613729371	-0.952468213344	0	0.0035686552835	-0.952465013729	-0.304627157237	0	639.911880139	35.6626633634	114.167446548	1	1668093575.11	1
-0.999985693458	-0.00462391535561	0.00269272292449	0	-0.00397359249829	0.304693177946	-0.952442288957	0	0.00358354018482	-0.952439344639	-0.304707189731	0	639.858612854	36.3849777381	114.248851411	1	1668093575.17	1
-0.999985457557	-0.00462418870193	0.00276547166369	0	-0.0040431156863	0.304730151543	-0.952430093757	0	0.00356154633146	-0.952427476412	-0.304744423903	0	639.822693002	36.8344427282	114.288291722	1	1668093575.21	1
-0.999985258938	-0.00463869543559	0.00281639118047	0	-0.00409624775116	0.3047881069	-0.952411343767	0	0.00355957520531	-0.952408872281	-0.304802619915	0	639.785010735	37.3192052907	114.346616256	1	1668093575.26	1
-0.999985671903	-0.00466123615317	0.00263309583058	0	-0.00392831360708	0.304729548114	-0.952430826503	0	0.00363711867356	-0.952427519404	-0.304743492093	0	639.805481231	38.4668231857	114.474030394	1	1668093575.36	1
-0.999985861409	-0.00464596930848	0.00257811240964	0	-0.00387096304687	0.304641258894	-0.952459254225	0	0.0036397412739	-0.952455811572	-0.304654942598	0	639.826474611	38.8293664446	114.478155092	1	1668093575.4	1
-0.999986334679	-0.00455462311969	0.0025666003441	0	-0.00383192757664	0.304578740542	-0.952479453953	0	0.00355645150444	-0.952476271512	-0.304592031135	0	639.840968063	39.3825342512	114.512835293	1	1668093575.45	1
-0.99998654162	-0.00450019568458	0.00258309953039	0	-0.00383109207467	0.304586513024	-0.952476977974	0	0.00349954810021	-0.952474047898	-0.304599653354	0	639.837386875	39.7363198371	114.554351647	1	1668093575.49	1
-0.999986460784	-0.00451424857694	0.00259879749658	0	-0.00385029999744	0.304581811836	-0.952478451197	0	0.00350812537266	-0.952475509121	-0.304595061474	0	639.82477424	40.2306823489	114.59230444	1	1668093575.55	1
-0.999985906012	-0.00462236132339	0.0026086204783	0	-0.00389256129845	0.304571883469	-0.952481382171	0	0.00360821691111	-0.952478128305	-0.304585586061	0	639.807957898	40.5790663355	114.604289194	1	1668093575.58	1
-0.999985934263	-0.00460459935356	0.00262857381536	0	-0.00390631552986	0.30461397933	-0.95246786103	0	0.00358505164799	-0.952464750893	-0.304627684545	0	639.783038911	41.0443994079	114.659883201	1	1668093575.64	1
-0.999985949517	-0.00459913300112	0.00264938063235	0	-0.00392458125815	0.3046479388	-0.952457016403	0	0.00357327933462	-0.952453963157	-0.304661697859	0	639.766739968	41.2025125952	114.683980241	1	1668093575.68	1
-0.999985903773	-0.00451418834819	0.00279423918247	0	-0.0040370385466	0.304744951124	-0.952425432397	0	0.00344790393698	-0.952423293643	-0.304758880273	0	639.696256939	41.7744661559	114.736678266	1	1668093575.73	1
-0.999985619304	-0.00453734708417	0.0028633435421	0	-0.00410997355524	0.304762763506	-0.952419453211	0	0.00344879265956	-0.952417500662	-0.304777025563	0	639.668530129	42.073710862	114.748425593	1	1668093575.79	1
-0.999985342448	-0.00458405374213	0.00286676873432	0	-0.00412751059755	0.304768748213	-0.952417352005	0	0.00349231182847	-0.95241530514	-0.304783213759	0	639.664359469	42.2585204251	114.767377046	1	1668093575.83	1
-0.999985244175	-0.00459986351154	0.00289349102824	0	-0.00415788848078	0.304802686779	-0.952406463762	0	0.00349897676178	-0.952404421986	-0.304817312053	0	639.656591819	42.8643393396	114.846324399	1	1668093575.89	1
-0.999985420019	-0.0045896004793	0.00283799114581	0	-0.00410186679221	0.304790766807	-0.952410459406	0	0.0035062301566	-0.952408254298	-0.304805154828	0	639.671453926	43.0784273865	114.880352366	1	1668093575.92	1
-0.999985697819	-0.00466109017046	0.00261848871166	0	-0.00391439060587	0.304737319516	-0.95242837055	0	0.00364142468202	-0.952425019825	-0.304751209595	0	639.730001093	43.3526751894	114.946906805	1	1668093575.98	1
-0.999986040492	-0.00465771026761	0.00250834197666	0	-0.00380808365399	0.304645470091	-0.952458275607	0	0.00367205402765	-0.952454466422	-0.304658944652	0	639.769928003	43.5277899312	114.948508721	1	1668093576.02	1
-0.999985948901	-0.00464685963971	0.00255660083863	0	-0.00385058880479	0.304603513657	-0.952471483003	0	0.0036472248295	-0.95246791742	-0.304617122824	0	639.756308641	43.7807867369	114.929173873	1	1668093576.07	1
-0.999985747332	-0.00457926745663	0.00274890819754	0	-0.00401345123712	0.304679647267	-0.952446452928	0	0.0035239501084	-0.952443890176	-0.304693680399	0	639.695651427	44.2458914602	114.959626446	1	1668093576.17	1
-0.999985779156	-0.00456655055759	0.00276396672614	0	-0.00402405243495	0.304717200938	-0.952434425267	0	0.00350706155409	-0.952431953239	-0.304731236223	0	639.68500293	44.3901384632	114.991003426	1	1668093576.21	1
-0.999985664344	-0.00459047568699	0.00274493124776	0	-0.00401342505603	0.30476930058	-0.952417682218	0	0.00353554191985	-0.952415107437	-0.304783364277	0	639.674350691	44.5696619053	115.038989366	1	1668093576.26	1
-0.99998553976	-0.00461523678225	0.00275831550399	0	-0.00403377901255	0.304787505065	-0.952411824219	0	0.0035549172651	-0.952409189778	-0.304801716278	0	639.661059871	44.7387657047	115.05646474	1	1668093576.32	1
-0.999985410574	-0.0046341869075	0.00278629108972	0	-0.00406616196283	0.304780504964	-0.952414000161	0	0.00356439824512	-0.95241137575	-0.304794893019	0	639.649554575	44.8392970563	115.048674168	1	1668093576.36	1
-0.999985131528	-0.00466855996929	0.00281671591256	0	-0.00410561817951	0.304778082131	-0.952414536952	0	0.00358793831523	-0.952411947535	-0.304792718937	0	639.635944182	44.9699081889	115.04512564	1	1668093576.41	1
-0.999985397087	-0.00458773534345	0.00285576800039	0	-0.0041182136461	0.304788165256	-0.952411260445	0	0.00349900933059	-0.952409115933	-0.304802608152	0	639.62258203	45.1096806191	115.053652467	1	1668093576.51	1
-0.999985572388	-0.00456665364187	0.00282545643883	0	-0.00408296543222	0.304800392671	-0.95240748423	0	0.00348813194709	-0.952405296495	-0.304814643142	0	639.624941398	45.2187273219	115.079800267	1	1668093576.64	1
