-0.999827042366	-0.0111574372018	-0.0148768765095	0	0.0173022905467	-0.264982102572	-0.964098007749	0	0.00681483137947	-0.964188736995	0.265129332367	0	624.614593681	53.69411792	116.340439322	1	1668093647.52	1
-0.999827860233	-0.0111795137442	-0.0148065696761	0	0.0172403644881	-0.26498490146	-0.964098390024	0	0.00685466718571	-0.964187733901	0.265132030959	0	624.614933377	53.5627973855	116.337244634	1	1668093648.7	1
-0.999829060001	-0.0111183211099	-0.0147740043888	0	0.0171926994125	-0.264980742843	-0.964100456525	0	0.006804314841	-0.964189621797	0.265126595402	0	624.605152534	53.4781771532	116.332071449	1	1668093648.76	1
-0.999830289256	-0.0110538499943	-0.0147372790033	0	0.0171401257831	-0.264970298291	-0.964104207301	0	0.0067521395144	-0.96419320446	0.265114797	0	624.581208766	53.4054598764	116.322571162	1	1668093648.79	1
-0.999830702603	-0.0110398437418	-0.0147231259356	0	0.0171228500243	-0.264984242671	-0.964100783256	0	0.00674204434149	-0.964189585294	0.265128402833	0	624.575866762	53.2716521365	116.313791248	1	1668093648.85	1
-0.999830515124	-0.0110429389041	-0.014727904442	0	0.0171284231588	-0.265002005161	-0.964095633993	0	0.00674360714641	-0.964184581107	0.26514625188	0	624.580840279	53.1745817543	116.309248972	1	1668093648.89	1
-0.999829916054	-0.0111901578852	-0.0146588514818	0	0.0171010084466	-0.265021301479	-0.964090863037	0	0.00690345794623	-0.964177604125	0.265167594166	0	624.576253307	53.0020043811	116.299485085	1	1668093648.95	1
-0.999829291091	-0.0113722338478	-0.0145604956854	0	0.0170545011159	-0.265027551064	-0.964089953143	0	0.00710497607018	-0.964173747789	0.265176264159	0	624.564217583	52.8718408278	116.291210304	1	1668093648.98	1
-0.999827319974	-0.0113835857753	-0.0146862761217	0	0.017179379533	-0.265106922907	-0.964065908545	0	0.00708115017346	-0.96415179056	0.265256715746	0	624.618986633	52.6351169193	116.290426281	1	1668093649.04	1
-0.999828100108	-0.0112891554139	-0.0147060277232	0	0.0171733549956	-0.265104240515	-0.964066753041	0	0.00698492622123	-0.964153638178	0.265252550435	0	624.620377997	52.4763928121	116.292468016	1	1668093649.08	1
-0.999829100225	-0.0111977110629	-0.0147086901157	0	0.0171515134263	-0.2650835086	-0.964072864792	0	0.00689641373273	-0.964160416256	0.265230268951	0	624.616290384	52.2540454512	116.299983068	1	1668093649.13	1
-0.999829231109	-0.0111803215732	-0.0147164520923	0	0.0171541414315	-0.265051080855	-0.964081836174	0	0.00687806940949	-0.964169586031	0.265197597518	0	624.625730625	51.9581903188	116.320131636	1	1668093649.19	1
-0.999829225181	-0.0111733791653	-0.014721764861	0	0.0171571454516	-0.265011946485	-0.964092530132	0	0.00687067431168	-0.964180418144	0.265158384321	0	624.636169803	51.7830844709	116.321129138	1	1668093649.23	1
-0.999829029245	-0.0111762283859	-0.0147329865635	0	0.0171685752817	-0.264991452906	-0.964097962185	0	0.00687080760761	-0.964186018958	0.265138018589	0	624.667360706	51.4781716395	116.302603217	1	1668093649.29	1
-0.999828678362	-0.0111987258617	-0.0147380509541	0	0.0171793318485	-0.264977698281	-0.964101501389	0	0.00689144602526	-0.964189512349	0.265124687351	0	624.682196883	51.278846557	116.290812799	1	1668093649.32	1
-0.99982997132	-0.0111466438528	-0.0146881882058	0	0.0171174932663	-0.264984177985	-0.964100774178	0	0.00685438785888	-0.964188311174	0.265129931323	0	624.657888532	50.7618841065	116.254459128	1	1668093649.42	1
-0.999830818988	-0.011098446716	-0.0146686924782	0	0.0170858441218	-0.264975068335	-0.964103890577	0	0.00681320538914	-0.964191397205	0.26511986403	0	624.659468647	50.1848417347	116.250988124	1	1668093649.48	1
-0.999830326766	-0.0110157016904	-0.0147638544172	0	0.0171557398945	-0.264985370136	-0.964099804499	0	0.00670803100735	-0.964189507994	0.265129391813	0	624.699446788	49.8633509053	116.266034142	1	1668093649.51	1
-0.999828804084	-0.0110619350076	-0.0148348640028	0	0.0172365531139	-0.264998555157	-0.964094817749	0	0.00673346071427	-0.964185395719	0.26514384663	0	624.741277684	49.5616167638	116.281755343	1	1668093649.57	1
-0.999828680595	-0.0110831549517	-0.0148234461623	0	0.0172311650543	-0.264995793287	-0.964095556002	0	0.00675710759069	-0.964185850442	0.265141375787	0	624.746618696	49.4374315799	116.283408017	1	1668093649.61	1
-0.999829521957	-0.0111335865371	-0.0147324879984	0	0.0171568811597	-0.265004985501	-0.96409447019	0	0.0068295715979	-0.964182803058	0.265150814278	0	624.763798817	48.7252596625	116.267551689	1	1668093649.66	1
-0.999829704905	-0.0112060034361	-0.0146643511861	0	0.0171105194514	-0.265023730273	-0.964090121797	0	0.00691714044853	-0.964176801758	0.265170330152	0	624.750505849	48.1422476143	116.237797592	1	1668093649.72	1
-0.999830801471	-0.011060686581	-0.0146984658647	0	0.0171050117947	-0.265042056294	-0.964085139798	0	0.00676771691265	-0.964173420625	0.265186402469	0	624.755988036	47.7481083522	116.224126108	1	1668093649.76	1
-0.999828778602	-0.0110956999913	-0.0148074367289	0	0.0172197766367	-0.265098633001	-0.964067486421	0	0.00677161055281	-0.964157435815	0.265244313694	0	624.823132646	47.1773629417	116.227224139	1	1668093649.82	1
-0.999827263104	-0.0111205013824	-0.0148933122784	0	0.0173094484691	-0.265141010215	-0.964054298732	0	0.00677190741246	-0.964145534591	0.265287695501	0	624.877738772	46.8044320434	116.232814648	1	1668093649.85	1
-0.999824678709	-0.011301024756	-0.0149311690009	0	0.0173941903342	-0.265189101027	-0.964039554785	0	0.00693501104768	-0.964130213791	0.265339173773	0	624.943434473	46.2170539137	116.239829559	1	1668093649.91	1
-0.999825996945	-0.0112519690313	-0.0148813310887	0	0.017332925043	-0.26516279429	-0.964047938785	0	0.00690137844381	-0.964138045967	0.265311672015	0	624.928085673	45.7888140991	116.233543963	1	1668093649.95	1
-0.999830300736	-0.0110362596058	-0.0147516542485	0	0.0171499165889	-0.265056286665	-0.964080455457	0	0.00672978347067	-0.964169801922	0.26520057169	0	624.875045063	45.1367274212	116.213252095	1	1668093650	1
-0.999832519926	-0.0109786528751	-0.0146450232263	0	0.0170314116494	-0.264998196475	-0.964098560462	0	0.00670352433834	-0.96418644532	0.265140785279	0	624.844403821	44.7086225099	116.199246492	1	1668093650.04	1
-0.999825504475	-0.0112225623901	-0.0149359075087	0	0.0173777369461	-0.265161213166	-0.964047548358	0	0.00685859471386	-0.964138813936	0.265309956516	0	624.997495552	43.9908072956	116.204060045	1	1668093650.1	1
-0.999825541348	-0.0112429819341	-0.0149152844146	0	0.0173633801972	-0.265175239437	-0.964043864744	0	0.00688357991846	-0.964134674743	0.265324195956	0	625.013143397	43.5253368356	116.193959568	1	1668093650.13	1
-0.999830158958	-0.0109982446197	-0.0147871845595	0	0.0171745864713	-0.265126041131	-0.964060763262	0	0.00668253898519	-0.964151020093	0.265269906776	0	624.973835723	42.8121317334	116.17126346	1	1668093650.19	1
-0.999831236765	-0.0109888818946	-0.0147217160812	0	0.0171085835168	-0.265069753841	-0.96407743232	0	0.00669186472952	-0.964166612354	0.265213026033	0	624.966271309	42.0784831175	116.154682758	1	1668093650.25	1
-0.999830923645	-0.0110915989858	-0.0146638826991	0	0.0170799018847	-0.265046021279	-0.964084407415	0	0.00680670395794	-0.964171930268	0.265190662279	0	624.98141812	41.5556419192	116.148773762	1	1668093650.29	1
-0.999827973541	-0.0111744677965	-0.0148020137768	0	0.0172355017548	-0.265106754625	-0.964064955644	0	0.00684885316555	-0.964154284492	0.265253755006	0	625.073337194	40.7308923799	116.155753614	1	1668093650.34	1
-0.999824597553	-0.0112110485253	-0.0150007069638	0	0.0174375040801	-0.265207114255	-0.96403370916	0	0.00682959886461	-0.964126253598	0.265356098728	0	625.160249795	40.1682128224	116.156929644	1	1668093650.38	1
-0.999828661729	-0.0111257049201	-0.0147916946533	0	0.017212872173	-0.2651427331	-0.964055448678	0	0.0068039567234	-0.964144946212	0.265288820019	0	625.111116111	39.481723391	116.136436445	1	1668093650.44	1
-0.999829366815	-0.0111390933726	-0.0147354756637	0	0.0171618946799	-0.265098121876	-0.964068674428	0	0.00683252733337	-0.964157083931	0.265244058804	0	625.109870368	39.1052182332	116.128705208	1	1668093650.47	1
-0.999830306894	-0.0111011978155	-0.0147002793419	0	0.0171173571237	-0.26502054279	-0.964090796451	0	0.00680670892205	-0.964178848781	0.265165597167	0	625.135116007	37.9471176842	116.114098763	1	1668093650.53	1
-0.999831104945	-0.0110970898731	-0.0146490610216	0	0.0170668968956	-0.265022920983	-0.964091038738	0	0.00681628885092	-0.964178243125	0.265167555968	0	625.140265132	37.3218294439	116.0974165	1	1668093650.57	1
-0.999827730894	-0.0111453507319	-0.0148442915012	0	0.0172686168056	-0.265119243004	-0.964061048662	0	0.00680922879201	-0.964151249636	0.265266026497	0	625.248828938	36.4068443846	116.100150671	1	1668093650.62	1
-0.999826120973	-0.0111428355969	-0.0149542118666	0	0.0173743423994	-0.265176812518	-0.964043315543	0	0.00677660342523	-0.964135446639	0.265324293812	0	625.320426832	35.7452108431	116.101947034	1	1668093650.66	1
-0.99982679176	-0.0111708729684	-0.0148862004087	0	0.0173160397633	-0.265152427283	-0.964051008403	0	0.00682217830542	-0.964141796002	0.265299935847	0	625.325807305	34.8327683724	116.088019151	1	1668093650.72	1
-0.999826960277	-0.0111902235862	-0.0148583163679	0	0.0172942257358	-0.265142679678	-0.964054020382	0	0.00684846421562	-0.964144220953	0.265290334488	0	625.34019507	34.1491437437	116.078462314	1	1668093650.76	1
-0.99982619492	-0.0112236928982	-0.0148887044003	0	0.0173324625541	-0.265152713342	-0.96405069942	0	0.00687236469439	-0.964141137449	0.265301153018	0	625.397051644	33.1331297868	116.070194217	1	1668093650.81	1
-0.99982548467	-0.0111748116343	-0.0149724294348	0	0.0173998290428	-0.265096698882	-0.964064875203	0	0.00680405262383	-0.964157100402	0.26524486782	0	625.452097063	32.0816544527	116.087546092	1	1668093650.87	1
-0.999826752573	-0.011127511202	-0.0149196621698	0	0.0173358167778	-0.265011696834	-0.964089299873	0	0.00677407584094	-0.964180964073	0.265158695744	0	625.43926371	31.606065269	116.094640747	1	1668093650.91	1
-0.999827026815	-0.0112067101984	-0.0148414984512	0	0.0172818748262	-0.265071314869	-0.964073869255	0	0.00687009617579	-0.964163653647	0.265219145954	0	625.509334588	29.5800475744	116.021950001	1	1668093651	1
-0.999825138863	-0.0112519560331	-0.014935795872	0	0.0173851888479	-0.265126406863	-0.964056911989	0	0.0068876591766	-0.96414800451	0.26527566501	0	625.592995699	28.4413827669	116.00048615	1	1668093651.06	1
-0.999825767147	-0.0112232804158	-0.0149132643221	0	0.0173554449901	-0.265067669097	-0.964073538023	0	0.0068671103515	-0.964164456989	0.265216280747	0	625.61498833	27.6751557152	116.004657375	1	1668093651.1	1
-0.999826727104	-0.0111908148004	-0.0148776109274	0	0.0173116307789	-0.264953788455	-0.964105760962	0	0.006847188647	-0.964196203184	0.265101601178	0	625.62546137	26.5837750162	116.012295144	1	1668093651.15	1
-0.999825062919	-0.0111787197625	-0.0149933228288	0	0.0174202096637	-0.264980740623	-0.964096253999	0	0.00680449897215	-0.964188862385	0.265129133245	0	625.693041806	25.753225633	116.015003631	1	1668093651.19	1
-0.999823633007	-0.011223564204	-0.0150589362657	0	0.0174957818741	-0.265041078054	-0.96407841849	0	0.00682912278023	-0.96417181874	0.265190693055	0	625.768862353	24.6197535868	115.985192875	1	1668093651.24	1
-0.999823921485	-0.0112412691027	-0.0150226718394	0	0.0174655045365	-0.265038359375	-0.964079597034	0	0.0068559719854	-0.964172298808	0.265188038067	0	625.786884473	23.8454681639	115.963503188	1	1668093651.28	1
-0.999824295374	-0.0111730515814	-0.0150514496967	0	0.0174753199242	-0.265062330262	-0.964072914112	0	0.00678205929757	-0.96416654624	0.265211009514	0	625.846865148	22.4905225551	115.936081022	1	1668093651.34	1
-0.999826546984	-0.0111965124618	-0.0148857387639	0	0.0173211859321	-0.264983102756	-0.96409754217	0	0.00684999075029	-0.964188086084	0.265131066905	0	625.821971439	21.4526613197	115.912334261	1	1668093651.39	1
-0.999828537502	-0.0110807687796	-0.0148353504499	0	0.017242034806	-0.264999416731	-0.964094379934	0	0.00675157187742	-0.964184889363	0.265145037928	0	625.853105193	19.1812732399	115.877255116	1	1668093651.49	1
-0.999825160548	-0.0111245291451	-0.0150299349268	0	0.0174420261345	-0.265108308454	-0.964060875548	0	0.00674015700797	-0.964154466599	0.265255990532	0	625.961260672	18.1517891176	115.887465926	1	1668093651.53	1
-0.999830008949	-0.0110733809827	-0.0147426072665	0	0.0171508782215	-0.265032937513	-0.964086827502	0	0.00676841335821	-0.964175779318	0.265177800851	0	625.899488428	16.8415857269	115.85421698	1	1668093651.58	1
-0.999831108236	-0.0110280025966	-0.0147003934728	0	0.0170981071121	-0.265027488838	-0.964089214429	0	0.00673600606754	-0.964177772147	0.265171291301	0	625.920089871	15.8844655191	115.843604048	1	1668093651.62	1
-0.999827660765	-0.0110981782072	-0.0148825858273	0	0.0172927064195	-0.265072578975	-0.964073396544	0	0.00675448097498	-0.964164597258	0.265218812295	0	626.037829413	14.4817569611	115.836133933	1	1668093651.68	1
-0.999827057834	-0.0110475196247	-0.0149619140788	0	0.0173559077909	-0.265094436205	-0.964066291418	0	0.00668416970057	-0.964159190665	0.265240322156	0	626.095622907	13.5129554923	115.822497161	1	1668093651.71	1
-0.99983190173	-0.01103021542	-0.0146440373031	0	0.0170439258348	-0.264966272172	-0.964106981673	0	0.00675418574421	-0.964194562071	0.265109738135	0	626.039652027	12.1252451451	115.780445589	1	1668093651.77	1
-0.999829189243	-0.0110693636293	-0.0147996211754	0	0.0172047678803	-0.265029216252	-0.964086845942	0	0.00674952814017	-0.964176825383	0.265174397123	0	626.131825641	11.1110088515	115.779893519	1	1668093651.81	1
-0.999827469671	-0.0110641253279	-0.0149209675768	0	0.0173206579855	-0.26506904578	-0.964073873412	0	0.0067115285465	-0.964165963708	0.265214948391	0	626.230784901	9.62701983461	115.765929103	1	1668093651.87	1
-0.999830479387	-0.0110212629002	-0.0147506096051	0	0.0171441411981	-0.26494270831	-0.964111772845	0	0.00671762714103	-0.964201187369	0.26508673975	0	626.204845279	8.67498291281	115.740726622	1	1668093651.9	1
-0.99982891324	-0.0110321148499	-0.0148479442149	0	0.0172407878569	-0.264929900001	-0.964113557472	0	0.00670252271354	-0.964204576618	0.265074772664	0	626.288241076	7.20762274914	115.726408935	1	1668093651.96	1
-0.99982541779	-0.0111839342281	-0.0149680399629	0	0.0173970461557	-0.264958355319	-0.964102894189	0	0.00681656728018	-0.964194989666	0.265106667414	0	626.400826989	5.70386412763	115.741586696	1	1668093652.02	1
-0.999825749375	-0.0111668945706	-0.0149586101186	0	0.0173833560013	-0.264947080634	-0.964106239608	0	0.00680284382447	-0.964198285346	0.265095033233	0	626.399830847	5.58263383098	115.743098125	1	1668093652.05	1
-0.999828370772	-0.0110547081725	-0.0148648961653	0	0.0172630929571	-0.264924043398	-0.964114684516	0	0.00671999455846	-0.964205883984	0.265069421682	0	626.440058989	3.03393050342	115.70386509	1	1668093652.11	1
-0.999824960855	-0.0111415906443	-0.0150278353486	0	0.017444110679	-0.265047357859	-0.964077513004	0	0.00675834462377	-0.964170983484	0.265195330787	0	626.549033998	1.9651881256	115.690943342	1	1668093652.14	1
-0.999829187953	-0.0110666122281	-0.0148024560235	0	0.0172061604283	-0.264942216495	-0.964110753966	0	0.00674765648224	-0.964200777621	0.265087376912	0	626.521598116	0.365844143942	115.645354722	1	1668093652.2	1
-0.999830241816	-0.0110868150138	-0.0147152534552	0	0.0171271165648	-0.264897514427	-0.964124425255	0	0.00679106604012	-0.9642128176	0.265042435755	0	626.523087462	-0.3264961054	115.632559439	1	1668093652.24	1
-0.999826039432	-0.0111850318723	-0.0149253828471	0	0.0173565789547	-0.265011148269	-0.964089105614	0	0.0068279931417	-0.964180464049	0.265159183483	0	626.694761345	-2.37213802722	115.645075724	1	1668093652.3	1
-0.999826076377	-0.0111916602336	-0.014919022341	0	0.0173522921946	-0.265024221804	-0.964085621804	0	0.00683580313223	-0.964176810675	0.265172326778	0	626.733764718	-3.48931095287	115.645257063	1	1668093652.34	1
-0.99982664816	-0.0111509995009	-0.0149094908418	0	0.017332504433	-0.265049726865	-0.964078916057	0	0.00679872244751	-0.964170244906	0.265197060111	0	626.783764363	-5.11570034661	115.6415404	1	1668093652.39	1
-0.999825039092	-0.0111864504214	-0.0149894395724	0	0.0174195967406	-0.265134019836	-0.964054132295	0	0.00681020360145	-0.964146639676	0.265282505831	0	626.861034772	-6.20738855137	115.629753488	1	1668093652.43	1
-0.999825366729	-0.0111863175835	-0.0149700980268	0	0.0174005033302	-0.265077488652	-0.964070096211	0	0.00681615680889	-0.964162223289	0.265225844637	0	626.901270732	-7.66746810191	115.592152959	1	1668093652.49	1
-0.999825698057	-0.0111579884405	-0.0149687713695	0	0.0173914638827	-0.265042372229	-0.964079903815	0	0.00678984230882	-0.964172200094	0.265190229877	0	626.95444801	-9.37996527278	115.554333144	1	1668093652.54	1
-0.999824849857	-0.0111948561553	-0.0149977550822	0	0.0174291521158	-0.265037079185	-0.96408067483	0	0.00681779524883	-0.964173225913	0.265185776565	0	627.011580509	-10.4848566864	115.539325497	1	1668093652.58	1
-0.99982721041	-0.0111783983668	-0.0148533167385	0	0.0172849999114	-0.264965497836	-0.96410298672	0	0.00684148290578	-0.96419311187	0.265112928956	0	627.019438492	-12.0802616897	115.498201308	1	1668093652.64	1
-0.999828014789	-0.0111204987119	-0.0148414282137	0	0.0172581118806	-0.264954481484	-0.964106459855	0	0.00678904898323	-0.964196789979	0.26510083314	0	627.037801288	-13.0836198195	115.478098237	1	1668093652.68	1
-0.999825564276	-0.0111668693487	-0.0149730265377	0	0.0173978226497	-0.265029265426	-0.964083451214	0	0.00679745494753	-0.964175730633	0.265177306689	0	627.150548827	-14.6657694327	115.47384759	1	1668093652.73	1
-0.99982623893	-0.0111612860712	-0.0149322926993	0	0.0173570000571	-0.265020269711	-0.964086666265	0	0.00680303191283	-0.964178271223	0.265167937643	0	627.177482681	-15.7148433833	115.461647268	1	1668093652.77	1
-0.9998304339	-0.0110764049036	-0.014710751719	0	0.0171202449417	-0.264930394229	-0.96411553402	0	0.00678161911166	-0.964203914565	0.265075103342	0	627.142536743	-17.2735408301	115.427145709	1	1668093652.83	1
-0.999830350133	-0.0110932648767	-0.0147030620418	0	0.0171175166337	-0.264960841633	-0.964107195095	0	0.00679939075241	-0.964195343866	0.265105784735	0	627.167040252	-18.262209795	115.412669477	1	1668093652.86	1
-0.999829389304	-0.0111805209988	-0.0147014833708	0	0.0171395504659	-0.265019548067	-0.964090643159	0	0.00688290904648	-0.964178188843	0.265165970138	0	627.256760496	-19.8124036527	115.415189821	1	1668093652.92	1
-0.999829297597	-0.0112892872366	-0.0146253350459	0	0.0170949522567	-0.265017912672	-0.964091912299	0	0.00700796160216	-0.964177385344	0.265165667361	0	627.289759368	-20.7734417478	115.412181754	1	1668093652.96	1
-0.999827186643	-0.0111942243584	-0.0148395703537	0	0.017276372535	-0.265024429736	-0.96408684012	0	0.00685942801602	-0.964176678207	0.265172036498	0	627.400706831	-22.2669565381	115.38846767	1	1668093653.01	1
-0.999824375931	-0.0112009693019	-0.0150243323902	0	0.0174566361037	-0.265070177237	-0.964071064869	0	0.00681605261182	-0.964164049383	0.26521915951	0	627.49002443	-23.2011296304	115.374535079	1	1668093653.05	1
-0.999830517704	-0.0109996466834	-0.014764974975	0	0.0171517786094	-0.264873405486	-0.96413070403	0	0.00669418792355	-0.964220487425	0.265017168583	0	627.423849808	-24.6191371537	115.334511365	1	1668093653.11	1
-0.99982999166	-0.0110056108514	-0.0147919902466	0	0.0171799325031	-0.264946512739	-0.964109991365	0	0.00669159360915	-0.964200269591	0.265090554412	0	627.48583186	-26.0059033758	115.323434798	1	1668093653.16	1
-0.999828373712	-0.0110302004396	-0.0148832313893	0	0.0172748253844	-0.265003320715	-0.964092696858	0	0.0066900764977	-0.964184384297	0.265148391004	0	627.551344577	-26.917768457	115.318682981	1	1668093653.2	1
-0.999826763022	-0.0110784377424	-0.0149590930684	0	0.0173609983609	-0.265038521821	-0.96408158339	0	0.00671572047198	-0.96417421309	0.265184930797	0	627.6228615	-28.2955869947	115.302056496	1	1668093653.26	1
-0.999829121846	-0.0110606122093	-0.0148103108146	0	0.0172121147017	-0.264937459477	-0.964111922134	0	0.00673990599972	-0.964202136613	0.265082570633	0	627.607521922	-29.1403013645	115.28562896	1	1668093653.29	1
-0.99982963845	-0.0111253131958	-0.0147310590005	0	0.0171527294849	-0.264923150945	-0.964117041338	0	0.00682342403404	-0.964205390499	0.265068835408	0	627.643254823	-30.4294115107	115.269724311	1	1668093653.35	1
-0.99982552405	-0.0111721382321	-0.0149715386507	0	0.0173981276552	-0.265077669136	-0.964070130698	0	0.00680206261439	-0.96416235942	0.265225787453	0	627.771158104	-31.3576856704	115.283070581	1	1668093653.39	1
-0.999824712079	-0.011189093625	-0.0150132163397	0	0.0174429924967	-0.265103290017	-0.96406228024	0	0.00680688337887	-0.964155121191	0.265251984822	0	627.794451278	-31.5404210743	115.286325378	1	1668093653.44	1
-0.999826808299	-0.0112378317613	-0.0148364548017	0	0.0172848151981	-0.265010237072	-0.964090721106	0	0.0069024218712	-0.964180139742	0.26515857502	0	627.794798195	-33.0372143455	115.266422873	1	1668093653.48	1
-0.999829522496	-0.0111864501606	-0.0146905867752	0	0.0171299912396	-0.264933548181	-0.964114529225	0	0.00689296613134	-0.964201795642	0.265080003181	0	627.791881358	-34.5825425593	115.231646098	1	1668093653.54	1
-0.999830195115	-0.011049073178	-0.0147494767933	0	0.0171505777585	-0.264965247694	-0.964105476224	0	0.00674432572425	-0.964194681689	0.265109746115	0	627.827875378	-35.4471420859	115.218085205	1	1668093653.58	1
-0.999825179442	-0.0112280425936	-0.0149533702566	0	0.0173956969589	-0.265114475955	-0.96406007326	0	0.00686009185801	-0.964151600153	0.265263438923	0	627.952395405	-36.670801647	115.213872406	1	1668093653.63	1
-0.999827773405	-0.011155544727	-0.0148296638806	0	0.0172563253305	-0.264991166493	-0.964096357616	0	0.00682534769524	-0.964186276821	0.265138040382	0	627.931922818	-37.5044167958	115.19406467	1	1668093653.69	1
-0.999828186607	-0.0111333609547	-0.0148183118643	0	0.0172392905767	-0.264961874958	-0.964104708131	0	0.00680750029125	-0.964194580567	0.265108291617	0	627.943458105	-37.9160318044	115.18883118	1	1668093653.73	1
-0.999830514464	-0.0110703434408	-0.0147082282061	0	0.0171155870267	-0.264841683377	-0.964139941268	0	0.0067780654005	-0.964228329656	0.264986280585	0	627.965073047	-39.5919677418	115.164551578	1	1668093653.78	1
-0.999828547539	-0.0111082716772	-0.014814794507	0	0.0172288343555	-0.26490427609	-0.964120783182	0	0.00678521681343	-0.964210727526	0.265050240723	0	628.029420779	-40.3448337981	115.161588825	1	1668093653.82	1
-0.999824537216	-0.0111906501801	-0.0150199715687	0	0.0174495393621	-0.265047557543	-0.964077372222	0	0.00680770950098	-0.964170366825	0.265196332884	0	628.145097842	-41.4668741707	115.16382925	1	1668093653.88	1
-0.999827792775	-0.0111249780135	-0.0148549932921	0	0.0172724029915	-0.264958791679	-0.964105078706	0	0.00678963629306	-0.964195584583	0.265105311341	0	628.101157541	-42.1439255038	115.143472645	1	1668093653.91	1
-0.999830567128	-0.0110617897223	-0.0147147828121	0	0.0171200204696	-0.264897683752	-0.964124588258	0	0.00676698131309	-0.964213101719	0.26504217185	0	628.067402268	-42.8764241396	115.124938353	1	1668093653.97	1
-0.999829281735	-0.0111525876699	-0.0147314742978	0	0.0171611393172	-0.265031221943	-0.964087094362	0	0.00684777589075	-0.964175326495	0.265177368999	0	628.168045253	-44.8665668361	115.120111468	1	1668093654.07	1
-0.999829717161	-0.0110591234276	-0.0147699821739	0	0.017173188092	-0.264987702353	-0.964098772268	0	0.00674830263678	-0.964188328269	0.265132511836	0	628.200777276	-45.5170933583	115.109695922	1	1668093654.1	1
-0.999829662773	-0.0110690398505	-0.0147679018346	0	0.0171737677205	-0.264982328499	-0.964100288849	0	0.00675846193365	-0.964189717179	0.265127293863	0	628.205645253	-45.6050261579	115.108471159	1	1668093654.16	1
-0.999825988404	-0.0112284131554	-0.0148973242081	0	0.0173407461208	-0.264972338784	-0.964100091673	0	0.00687792090561	-0.964190643599	0.265120937407	0	628.333163506	-47.0348511691	115.097211314	1	1668093654.2	1
-0.999825952284	-0.0112250943755	-0.0149014517742	0	0.0173434337997	-0.264914075152	-0.964116030491	0	0.00687469811728	-0.964206679507	0.265062650504	0	628.375183706	-47.9374270067	115.082455262	1	1668093654.26	1
-0.999828377712	-0.0111403578474	-0.0148005490961	0	0.017223567713	-0.26489848108	-0.964122421275	0	0.0068200763726	-0.964211924456	0.265044902945	0	628.355972743	-48.8733370928	115.064888588	1	1668093654.31	1
-0.999829165524	-0.0111371378164	-0.0147510506044	0	0.0171747992019	-0.264873191594	-0.964130280748	0	0.00683050424385	-0.964218930524	0.265019221781	0	628.347832265	-49.4239762635	115.051301276	1	1668093654.35	1
-0.999829995125	-0.0110487291218	-0.0147606958458	0	0.0171604722513	-0.26484484364	-0.964138305276	0	0.00674323667782	-0.964227725055	0.264989424348	0	628.361862386	-50.2493041226	115.034125702	1	1668093654.41	1
-0.999829328725	-0.0110971510523	-0.0147708379241	0	0.0171829779679	-0.264830384113	-0.964141916111	0	0.00678745096003	-0.964231161086	0.264975865639	0	628.379505814	-50.6446551724	115.026062554	1	1668093654.45	1
-0.999829405257	-0.0110756343869	-0.0147786634775	0	0.0171848922598	-0.264838714567	-0.964139499693	0	0.00676457500853	-0.964229071764	0.264983880243	0	628.412831279	-51.6400430787	115.014152916	1	1668093654.5	1
-0.999828092529	-0.0111164628634	-0.0148397595865	0	0.017255177253	-0.26491844382	-0.96411643188	0	0.00678622979841	-0.964206747176	0.265064717583	0	628.463703544	-52.1642907572	115.020059679	1	1668093654.54	1
-0.999826238253	-0.0111916156133	-0.0149071712522	0	0.0173407801796	-0.265013432207	-0.964088763712	0	0.00683912728276	-0.964179760731	0.265161456933	0	628.52563919	-52.9109819955	115.023745673	1	1668093654.6	1
-0.99982638996	-0.0112225059857	-0.0148736761141	0	0.0173166729974	-0.265013279177	-0.96408923729	0	0.00687779434261	-0.964179442812	0.265161609519	0	628.533595668	-53.3332930967	115.019391814	1	1668093654.63	1
-0.999827230504	-0.0112054118066	-0.0148289866303	0	0.0172689764379	-0.265002750502	-0.964092956542	0	0.00687338469929	-0.964182519736	0.265150479411	0	628.532455863	-53.7727046703	115.012998433	1	1668093654.69	1
-0.999829243084	-0.0111472056383	-0.0147403174418	0	0.0171677900939	-0.264969048627	-0.96410412964	0	0.00684128737201	-0.964192509904	0.265115168398	0	628.522093827	-54.5593783788	114.999153388	1	1668093654.73	1
-0.999830198415	-0.0111606747395	-0.0146658063028	0	0.0170993853235	-0.264951557179	-0.964110172356	0	0.00687432065851	-0.964197171078	0.26509739791	0	628.519625723	-55.224192391	114.988897181	1	1668093654.79	1
-0.999830010296	-0.0110781000973	-0.0147363821494	0	0.01714576106	-0.26497949752	-0.964101530579	0	0.00677563844428	-0.964190373107	0.265124405913	0	628.553173347	-55.7623329595	114.985827973	1	1668093654.84	1
-0.999829531552	-0.0110290032931	-0.0148077466983	0	0.0172015444567	-0.264978766738	-0.964100804327	0	0.00670933205516	-0.964191171246	0.265123312044	0	628.592354841	-56.2769880341	114.980816831	1	1668093654.88	1
-0.99982970292	-0.0110301674084	-0.0147959088563	0	0.0171902974435	-0.264958856117	-0.964106495209	0	0.00671393086438	-0.964196638936	0.265103343521	0	628.606299737	-56.8625975895	114.971548278	1	1668093654.93	1
-0.999830399275	-0.0109771487998	-0.0147866742755	0	0.0171672523169	-0.264945851254	-0.964110431628	0	0.0066655444037	-0.964200792687	0.265089368072	0	628.612338704	-57.2558101186	114.966266199	1	1668093654.97	1
-0.999828730986	-0.0111460482129	-0.0147715198232	0	0.0171975165646	-0.264959160417	-0.964106186693	0	0.00683219997788	-0.964195172935	0.26510547687	0	628.643696761	-57.7621502348	114.963508679	1	1668093655.03	1
-0.999828384481	-0.0111152448745	-0.0148229856798	0	0.0172390220371	-0.264968115013	-0.964103130889	0	0.00678855679307	-0.964193143578	0.265114248193	0	628.673876633	-58.1439800358	114.961631545	1	1668093655.07	1
-0.999828212612	-0.0110814220092	-0.0148574785374	0	0.0172631658478	-0.264945582496	-0.964108819677	0	0.00674727603247	-0.964199687662	0.265091369013	0	628.705861027	-58.6574745402	114.956131635	1	1668093655.12	1
-0.999827956605	-0.0111329168074	-0.0148384948377	0	0.0172581183616	-0.264890944363	-0.964123992585	0	0.00680286465015	-0.964214142235	0.265037495052	0	628.716043849	-58.9737786894	114.947366939	1	1668093655.16	1
-0.999827617826	-0.0111601728189	-0.0148412089732	0	0.0172676314416	-0.264844737566	-0.964136527153	0	0.00682923894698	-0.96422652562	0.264991781439	0	628.737292503	-59.392347384	114.939478339	1	1668093655.21	1
-0.999828598009	-0.011118939094	-0.0148059008991	0	0.0172225796793	-0.264833771832	-0.96414033968	0	0.00679904523792	-0.964230011051	0.26497986505	0	628.733410707	-59.6762238878	114.936213604	1	1668093655.25	1
-0.999829429725	-0.0111977564022	-0.0146900767387	0	0.0171317212228	-0.264826163163	-0.964144054173	0	0.00690585803602	-0.96423119172	0.264972817121	0	628.719082247	-60.1192351152	114.931780607	1	1668093655.31	1
-0.999827201903	-0.0112597010934	-0.0147924973281	0	0.0172475644095	-0.264917565504	-0.964116833442	0	0.00693684293607	-0.964205338869	0.265065985829	0	628.77407577	-60.5397130952	114.938151587	1	1668093655.37	1
-0.999826334205	-0.0112024015827	-0.0148932942375	0	0.0173299862849	-0.264975350095	-0.96409944532	0	0.00685387075081	-0.964190112299	0.26512347002	0	628.813577083	-60.8250948123	114.942582838	1	1668093655.4	1
-0.999824820305	-0.0111684515621	-0.0150204022283	0	0.01744408241	-0.265051173707	-0.964076560576	0	0.00678604929662	-0.964169673504	0.265199562815	0	628.869462136	-61.2074131267	114.948822159	1	1668093655.46	1
-0.999826028306	-0.0111424469497	-0.0149591858663	0	0.0173778161246	-0.265002560818	-0.964091121167	0	0.00677809362681	-0.964183336865	0.265150086549	0	628.852761384	-61.4251600222	114.941066691	1	1668093655.5	1
-0.99982760963	-0.0110751272727	-0.0149016094913	0	0.017304030039	-0.264941958949	-0.964109050521	0	0.00672960294781	-0.96420073892	0.265087935	0	628.833628222	-61.6810234809	114.931392737	1	1668093655.56	1
-0.999828340704	-0.0110656821105	-0.0148594677708	0	0.0172605164584	-0.264888458313	-0.964124529733	0	0.00673262956087	-0.964215545869	0.265033992502	0	628.825272635	-61.8933902068	114.923446435	1	1668093655.59	1
-0.999829024243	-0.0111249614402	-0.0147685483871	0	0.0171881134885	-0.264825637338	-0.964143069134	0	0.00681501104595	-0.964232113654	0.264971582747	0	628.814661738	-62.2938705589	114.913311714	1	1668093655.69	1
-0.999829681769	-0.0111136099467	-0.0147319034986	0	0.0171496313844	-0.264805912241	-0.964149153258	0	0.0068141476825	-0.964237652038	0.264951415129	0	628.808043029	-62.5653107948	114.907976091	1	1668093655.74	1
-0.999829278667	-0.0111565454549	-0.0147307043787	0	0.0171598246403	-0.264804085719	-0.964149589868	0	0.00685578007273	-0.964237718033	0.264950315134	0	628.815121294	-62.6950797134	114.906442627	1	1668093655.78	1
-0.999828174792	-0.0111741102019	-0.0147890804112	0	0.0172209539186	-0.264828123222	-0.964141804602	0	0.00685690500411	-0.964230864814	0.264975054354	0	628.842624909	-62.8734081497	114.907791124	1	1668093655.84	1
-0.999827654303	-0.011166638671	-0.014833205364	0	0.0172616545374	-0.264848258894	-0.964135646411	0	0.00683755046712	-0.964225472956	0.264995359737	0	628.860694617	-62.9849917988	114.909242424	1	1668093655.88	1
-0.999827781437	-0.0111709688074	-0.0148219306217	0	0.0172519168373	-0.264846715837	-0.964136261395	0	0.00684472478432	-0.96422585534	0.264993814112	0	628.862333608	-63.1391489307	114.907701825	1	1668093655.93	1
-0.999828246548	-0.0111410087384	-0.0148105211018	0	0.017232932292	-0.264839375379	-0.964138539776	0	0.00681907047869	-0.964228178045	0.264985881116	0	628.859422733	-63.265186297	114.905707736	1	1668093655.99	1
-0.99982901249	-0.0110198102416	-0.0148498472285	0	0.0172387693927	-0.264844353477	-0.964137080333	0	0.00669170120561	-0.964228209869	0.264989035117	0	628.865695033	-63.4237699175	114.904797914	1	1668093656.09	1
-0.999828507607	-0.0110442482326	-0.0148646497738	0	0.0172595701577	-0.264851044007	-0.964134839351	0	0.006711248314	-0.964226076534	0.264996246344	0	628.875028828	-63.5106088304	114.904616514	1	1668093656.18	1
-0.999828061269	-0.0110497186464	-0.0148887909053	0	0.0172842639237	-0.264845027133	-0.964135995716	0	0.00671028370673	-0.964227638542	0.264990487521	0	628.883961182	-63.5872158723	114.902752367	1	1668093656.41	1
