-0.997931004513	-0.0573184600683	0.0291248447733	0	-0.0146778739638	-0.237928815994	-0.971171637264	0	0.0625957500267	-0.96958982276	0.236595234652	0	633.59635823	55.1860525315	111.152750534	1	1668093719.03	1
-0.99792819528	-0.0573457864058	0.029167799578	0	-0.0147136794333	-0.237921257328	-0.97117297662	0	0.0626323348351	-0.969590077614	0.236584565395	0	633.597869495	55.0957800529	111.153657429	1	1668093720.22	1
-0.997922864965	-0.0574005773929	0.0292434301142	0	-0.0147752855953	-0.237905693734	-0.971175917864	0	0.0627031883598	-0.969590688897	0.236563415996	0	633.590538974	54.9588333103	111.151676239	1	1668093720.34	1
-0.997924424153	-0.0573316224611	0.0293252025547	0	-0.014873217429	-0.237875058044	-0.971181917443	0	0.0626551307752	-0.969602279786	0.236528620227	0	633.566629599	54.760126241	111.144043879	1	1668093720.43	1
-0.997928952286	-0.0572763119173	0.0292780664409	0	-0.0148393393531	-0.237892551331	-0.971178089226	0	0.0625905580408	-0.969601223575	0.236549924732	0	633.590151882	54.6436770548	111.144845678	1	1668093720.47	1
-0.997923526696	-0.0573728698147	0.0292735423938	0	-0.0148103358709	-0.237918423662	-0.97117217165	0	0.0626836977226	-0.969589154551	0.236574686437	0	633.630406338	54.3536337795	111.146379555	1	1668093720.57	1
-0.997923923863	-0.0573669878486	0.029272602151	0	-0.0148102283308	-0.237927646591	-0.971169974311	0	0.0626778431954	-0.969587272082	0.236584070861	0	633.655511738	54.1398412005	111.148496223	1	1668093720.62	1
-0.997920277281	-0.0574673029243	0.0292002006635	0	-0.014712018576	-0.237988340766	-0.971156603327	0	0.062759035724	-0.969566439915	0.236647928426	0	633.736048837	53.7378280609	111.15338406	1	1668093720.72	1
-0.997914135632	-0.0575658808121	0.029215722478	0	-0.0147031166901	-0.237997456144	-0.971154493447	0	0.0628586203522	-0.969558348689	0.236654626597	0	633.758309809	53.5576111365	111.156753269	1	1668093720.76	1
-0.997917300753	-0.0574857592137	0.0292645630937	0	-0.0147700285404	-0.237991987967	-0.971154774903	0	0.0627923345779	-0.96956442134	0.236647259761	0	633.76276787	53.2530723463	111.149852275	1	1668093720.81	1
-0.997920504832	-0.0574226961316	0.0292791104891	0	-0.0147992451877	-0.237990750187	-0.971154633447	0	0.0627345083622	-0.969568462139	0.236646040845	0	633.788409075	52.9403174972	111.153439493	1	1668093720.87	1
-0.997927470636	-0.0572826581909	0.0293159391947	0	-0.0148689216555	-0.23798186905	-0.97115574317	0	0.0626070803913	-0.969578924374	0.23663691739	0	633.793015882	52.6991046575	111.149474972	1	1668093720.9	1
-0.997927100592	-0.0572702970854	0.0293526765717	0	-0.0149079073755	-0.237977255227	-0.971156276849	0	0.0626037130282	-0.969580787435	0.236630176051	0	633.791074263	52.5890502081	111.14612829	1	1668093720.96	1
-0.997925696603	-0.0572962074611	0.0293512550017	0	-0.0148976856079	-0.238018956888	-0.971146293874	0	0.0626291074246	-0.96956906342	0.236671647069	0	633.800600317	52.5042061052	111.148911178	1	1668093721	1
-0.997925810538	-0.0574126820624	0.029116929685	0	-0.0146177076464	-0.238394121454	-0.971058414168	0	0.0626924374621	-0.969469938239	0.23706041249	0	633.96820348	51.5320681302	111.16891181	1	1668093721.06	1
-0.997931861542	-0.0573429713176	0.029046763485	0	-0.0145796940719	-0.238182331794	-0.971110951592	0	0.0626048817563	-0.969526116664	0.236853702625	0	634.002395894	51.4005289131	111.149160485	1	1668093721.09	1
-0.997932311533	-0.0573443300394	0.0290289507383	0	-0.0145817128666	-0.237877620205	-0.971185625338	0	0.0625973758668	-0.969600853806	0.236549590464	0	634.057069181	50.9327010708	111.120560275	1	1668093721.15	1
-0.997931845188	-0.0573316998173	0.029069919498	0	-0.0146238274809	-0.237889314554	-0.971182128722	0	0.0625949935269	-0.96959873216	0.236558919237	0	634.068489276	50.6288530629	111.11309578	1	1668093721.19	1
-0.997930789704	-0.0573318023191	0.0291057946964	0	-0.0146581993699	-0.237897313614	-0.971179643652	0	0.0626037254813	-0.969596759456	0.236564679439	0	634.102292078	50.2108059931	111.11533583	1	1668093721.24	1
-0.997931036505	-0.0573143671809	0.0291323971612	0	-0.0146881932695	-0.237897934102	-0.97117907995	0	0.0625930645345	-0.969597660375	0.236563888952	0	634.13849878	49.8303681317	111.123452963	1	1668093721.28	1
-0.997933952581	-0.0572594976222	0.0291393366651	0	-0.0147060952757	-0.237926968041	-0.971171636541	0	0.0625419088407	-0.969593745748	0.23659334458	0	634.197724515	49.2938014727	111.126126171	1	1668093721.34	1
-0.997925990938	-0.0573854521243	0.0291645935122	0	-0.0146987918815	-0.237957526515	-0.9711642816	0	0.0626706885681	-0.969578811628	0.236620509659	0	634.242406085	48.9455231237	111.127653066	1	1668093721.38	1
-0.997922869343	-0.057412143695	0.0292205529989	0	-0.014746513103	-0.237963861502	-0.971162103411	0	0.0627098860412	-0.969575729363	0.236622945068	0	634.264153105	48.6133636711	111.126619469	1	1668093721.43	1
-0.997922985497	-0.0573538371148	0.0293297054626	0	-0.0148666666445	-0.237962497654	-0.971160539274	0	0.062679173981	-0.969579479007	0.236615588079	0	634.298936564	47.760295174	111.120250297	1	1668093721.49	1
-0.997926447075	-0.0573598295073	0.0292010050104	0	-0.0147358630498	-0.238026541888	-0.971146898938	0	0.0626553925523	-0.969563436935	0.236687729826	0	634.379199016	47.3268207782	111.124229205	1	1668093721.53	1
-0.997939607961	-0.0572388771958	0.0289867403367	0	-0.0145556833368	-0.238032656276	-0.971148058551	0	0.0624872338278	-0.96956905201	0.236709066843	0	634.51560644	46.6092397151	111.12862325	1	1668093721.58	1
-0.997934870133	-0.0572843832977	0.0290587429859	0	-0.0146191078099	-0.237967962358	-0.971162897504	0	0.0625476008524	-0.969582210871	0.236639090583	0	634.530618379	46.215281364	111.129546045	1	1668093721.62	1
-0.997935286678	-0.057262220947	0.0290881040416	0	-0.0146581393804	-0.237887421806	-0.971182040818	0	0.0625318180053	-0.969603283782	0.236556904398	0	634.581165386	45.5611079216	111.147773437	1	1668093721.67	1
-0.99793423757	-0.057266606579	0.0291182309422	0	-0.0146884407872	-0.23785633263	-0.971189353872	0	0.0625425966396	-0.969610736164	0.236523811908	0	634.622960506	45.0873548469	111.155677195	1	1668093721.71	1
-0.997936052124	-0.0572239588812	0.0291378765238	0	-0.0147156130965	-0.237888260132	-0.971181010007	0	0.0625064192438	-0.969605360592	0.236555189909	0	634.695005143	44.36933355	111.13579423	1	1668093721.77	1
-0.997929784108	-0.0573027625952	0.0291977650953	0	-0.0147537581072	-0.23791039171	-0.971175018276	0	0.0625974929564	-0.969595280887	0.236572438139	0	634.740131166	43.8694092271	111.119252334	1	1668093721.81	1
-0.997928145047	-0.0572741138417	0.0293090580859	0	-0.0148687201231	-0.237912637178	-0.971172674014	0	0.0625961214629	-0.96959640053	0.236568132155	0	634.78583114	43.0924837841	111.093244125	1	1668093721.86	1
-0.997924806782	-0.0572966261746	0.0293803880391	0	-0.0149326426154	-0.237915132817	-0.971171181108	0	0.0626348406653	-0.969594511675	0.236565819432	0	634.810648702	42.5792150644	111.072496447	1	1668093721.9	1
-0.997933768983	-0.0572401925253	0.029185248639	0	-0.0147492973556	-0.238021147374	-0.971148000921	0	0.0625353794163	-0.969571822853	0.236685085157	0	634.968030625	41.6872712609	111.063705895	1	1668093721.96	1
-0.997933393745	-0.0572778690928	0.0291246208314	0	-0.0146811528851	-0.238024197612	-0.971148315315	0	0.0625576147532	-0.969568864907	0.236691383768	0	635.018551234	41.4012270171	111.075126653	1	1668093722.02	1
-0.997936013751	-0.0572743899916	0.0290418207548	0	-0.0146065314277	-0.237944688662	-0.971168938296	0	0.0625333853198	-0.969588593542	0.236616985878	0	635.164310999	40.2822313591	111.124333283	1	1668093722.06	1
-0.997936191728	-0.0572341951376	0.0291128331109	0	-0.014685610968	-0.23793787613	-0.971169301258	0	0.0625111857773	-0.969592577556	0.236606304209	0	635.230325992	39.4166741429	111.10080575	1	1668093722.11	1
-0.997935674143	-0.0572308702988	0.0291391304479	0	-0.01471053274	-0.237960722253	-0.971163440523	0	0.0625144267132	-0.969587228678	0.236627589092	0	635.293578381	38.7868799063	111.083906755	1	1668093722.15	1
-0.997933662063	-0.0572560836226	0.0291562239131	0	-0.0147202846747	-0.237974363322	-0.971159822167	0	0.0625433030414	-0.969582322996	0.236639809029	0	635.330865881	38.4037290847	111.072499468	1	1668093722.21	1
-0.99793161905	-0.0573023362352	0.029135601341	0	-0.0146856562612	-0.238029755764	-0.971146789568	0	0.0625841623698	-0.969566003176	0.236695902	0	635.466405508	37.2047129036	111.050386013	1	1668093722.24	1
-0.997930063366	-0.0573720724101	0.0290522225507	0	-0.0145875147276	-0.238036526661	-0.97114664808	0	0.0626321882496	-0.969560237921	0.236706890445	0	635.595369348	36.2822911338	111.064962553	1	1668093722.3	1
-0.997933172339	-0.0573199556582	0.0290477087575	0	-0.0145985231531	-0.237989694831	-0.971157927043	0	0.0625798212708	-0.969574798884	0.236661028641	0	635.665461147	35.6012508385	111.080058055	1	1668093722.34	1
-0.997932471676	-0.0573056847926	0.029101161269	0	-0.0146575011589	-0.237934512399	-0.971170631252	0	0.0625777318029	-0.969589224253	0.23660261369	0	635.747008321	34.6598560856	111.085615062	1	1668093722.39	1
-0.997932558042	-0.0573084809118	0.0290907025015	0	-0.0146447110086	-0.237964491847	-0.971163367174	0	0.0625785296773	-0.969581641337	0.236633256884	0	635.830357775	33.92802413	111.067208744	1	1668093722.43	1
-0.997936556841	-0.057233739779	0.0291013875684	0	-0.0146713772843	-0.237987580972	-0.971157347224	0	0.0625087722866	-0.969580410889	0.236656813524	0	635.933842595	32.8689239317	111.044390969	1	1668093722.49	1
-0.997931024217	-0.0573059011084	0.0291483700383	0	-0.0146993564693	-0.237996838176	-0.971154616658	0	0.0625901869744	-0.969573855272	0.23666207739	0	636.016936762	31.9375358409	111.025705184	1	1668093722.54	1
-0.997925691684	-0.0573708717065	0.0292035047469	0	-0.0147379630293	-0.237990938503	-0.971155501314	0	0.0626662591144	-0.969571474151	0.236651748081	0	636.094265939	31.0575787008	111.015429557	1	1668093722.58	1
-0.997922530697	-0.0573634912907	0.0293280554053	0	-0.0148652127145	-0.237924863889	-0.97116988145	0	0.0626874869049	-0.969588197151	0.236577852442	0	636.168973404	30.002635969	111.013078991	1	1668093722.64	1
-0.997922155307	-0.0573960142505	0.0292755978678	0	-0.0148048440138	-0.237949361971	-0.971164713695	0	0.0627071023904	-0.969580213151	0.236605202122	0	636.27068638	29.2726246556	111.014420179	1	1668093722.67	1
-0.997934909642	-0.0573128260737	0.0290034531721	0	-0.0145515180269	-0.238077093774	-0.971137288728	0	0.0625636364317	-0.969553805641	0.236751449406	0	636.493038815	28.0057360275	111.016076094	1	1668093722.73	1
-0.99793494527	-0.0572711683708	0.029085183318	0	-0.0146429955305	-0.238045498343	-0.971143702682	0	0.0625420424242	-0.969564048674	0.236715289695	0	636.525595575	27.3739030724	111.005333412	1	1668093722.77	1
-0.997932333158	-0.0572698904925	0.0291756776502	0	-0.0147331895182	-0.238017056279	-0.97114922538	0	0.0625619166254	-0.969571061176	0.236681147916	0	636.624419649	26.0792891937	110.991403476	1	1668093722.83	1
-0.997931035297	-0.0572409968508	0.0292772323934	0	-0.0148415202669	-0.237976237536	-0.971157615015	0	0.0625572765746	-0.969582806313	0.236634325222	0	636.67437831	25.226367965	110.984892175	1	1668093722.87	1
-0.997928439964	-0.0572724008017	0.029304874401	0	-0.0148606133322	-0.237981699324	-0.971156018963	0	0.0625943861898	-0.969579629776	0.236637594432	0	636.804580344	23.9690716785	110.982572094	1	1668093722.92	1
-0.997930059719	-0.0572892665017	0.0292163632256	0	-0.0147667620063	-0.238039126617	-0.971143361912	0	0.0625906688074	-0.969564528415	0.236700416045	0	636.931303291	23.1199778374	110.982841959	1	1668093722.96	1
-0.997926086677	-0.0573167411306	0.0292980876411	0	-0.0148442954504	-0.237969008845	-0.971159365091	0	0.0626356659645	-0.969580117287	0.236624648147	0	637.034775293	21.8691986702	110.965762809	1	1668093723.02	1
-0.997927297093	-0.0572643027368	0.0293571140097	0	-0.014916935711	-0.237926296182	-0.971168591425	0	0.062598190403	-0.969593629997	0.236578945601	0	637.093760196	21.0112133271	110.953401066	1	1668093723.05	1
-0.997930957942	-0.0572497088371	0.0292615797984	0	-0.0148249712902	-0.237964442848	-0.971160687288	0	0.062561915869	-0.969585148647	0.236623362981	0	637.230146782	19.9728025458	110.955423176	1	1668093723.11	1
-0.997935805883	-0.0572859764531	0.0290261722272	0	-0.0145793856126	-0.238086782279	-0.971134524694	0	0.0625430634974	-0.969553029066	0.236760122125	0	637.479912041	18.3847583313	110.964440001	1	1668093723.16	1
-0.997929639084	-0.0573004413496	0.0292080490206	0	-0.0147564176841	-0.238032828889	-0.971145019608	0	0.0625994976006	-0.969565390889	0.23669446404	0	637.523848936	17.4193357252	110.954192693	1	1668093723.2	1
-0.997927794718	-0.0572619823851	0.0293459724913	0	-0.0149073072399	-0.237916148129	-0.971171296176	0	0.0625930702206	-0.96959629541	0.236569514588	0	637.622108045	16.0967494723	110.934202518	1	1668093723.26	1
-0.997930230254	-0.0572927442916	0.0292031317857	0	-0.0147573117084	-0.237973197434	-0.971159630334	0	0.0625899372659	-0.969580489139	0.236635157875	0	637.774254261	15.137555091	110.928325195	1	1668093723.29	1
-0.997938884071	-0.0572541587808	0.0289807351733	0	-0.0145431502447	-0.238080026726	-0.97113659266	0	0.0625014044375	-0.969556496351	0.236756667415	0	638.006673968	13.6054166821	110.929966606	1	1668093723.35	1
-0.997929665381	-0.0573357088499	0.0291388810454	0	-0.0146825130696	-0.238005284407	-0.971152948201	0	0.0626168758781	-0.96957009895	0.236670693011	0	638.045708997	12.7261337736	110.921218328	1	1668093723.39	1
-0.997927063631	-0.0572680598953	0.029357799027	0	-0.0149201086549	-0.23787366742	-0.971181439096	0	0.0626011883646	-0.969606323414	0.236526132112	0	638.130267557	11.1880920341	110.904119321	1	1668093723.45	1
-0.997930014435	-0.0573122462206	0.0291720469035	0	-0.014723886449	-0.237950602258	-0.971165664174	0	0.062601176296	-0.969584876671	0.236614187166	0	638.317665349	10.1587824712	110.903371442	1	1668093723.48	1
-0.997927917545	-0.0574127553295	0.0290460546074	0	-0.0145743547718	-0.23799777259	-0.971156371464	0	0.0626696332271	-0.969567358366	0.236667864713	0	638.539209089	8.64440653828	110.901243386	1	1668093723.54	1
-0.997921724866	-0.0574986103052	0.0290884610476	0	-0.0145970778232	-0.23796916346	-0.971163013236	0	0.0627626826559	-0.96956927795	0.236635286636	0	638.644458853	7.63006968443	110.898097112	1	1668093723.58	1
-0.997916398276	-0.0575420436307	0.0291861132013	0	-0.0146857045092	-0.237908936931	-0.97117648696	0	0.0628270633532	-0.969581510451	0.236568177877	0	638.723642205	6.58528575562	110.890368793	1	1668093723.63	1
-0.997927634211	-0.0574266540197	0.0290273475037	0	-0.0145565512597	-0.237940388903	-0.97117064572	0	0.0626778882178	-0.969580590289	0.236611358694	0	638.989896132	4.44078070126	110.873821832	1	1668093723.69	1
-0.997935343123	-0.0573178759761	0.0289784666895	0	-0.0145344937753	-0.237945489334	-0.971169792865	0	0.0625606459332	-0.969585811096	0.236621122735	0	639.113387962	3.3116467349	110.862905664	1	1668093723.73	1
-0.997922974572	-0.0574147335212	0.0292102410672	0	-0.0147407504433	-0.237888123656	-0.97118065407	0	0.0627088946129	-0.969594111739	0.236547693057	0	639.191863717	1.70988367576	110.846175363	1	1668093723.79	1
-0.99792645292	-0.0573004479736	0.029315793362	0	-0.0148733781786	-0.237845248487	-0.971189142329	0	0.0626222323282	-0.969611395654	0.236499818194	0	639.259402165	0.577833931976	110.840558164	1	1668093723.83	1
-0.997925136214	-0.0573553584529	0.0292522426444	0	-0.0147943847437	-0.237908763505	-0.971174739537	0	0.0626615312798	-0.969592538405	0.236566608413	0	639.399697748	-0.427534749313	110.845016908	1	1668093723.88	1
-0.997923042918	-0.0574909497354	0.0290578063135	0	-0.0145629098947	-0.238064206408	-0.971140200859	0	0.062749430857	-0.969546383097	0.236732525734	0	639.679712738	-2.17090338408	110.854641189	1	1668093723.92	1
-0.997916850672	-0.0575014225598	0.029249111844	0	-0.0147504645712	-0.238004437324	-0.971152020051	0	0.0628040758659	-0.969560435903	0.236660469822	0	639.786157394	-3.70312851507	110.842333672	1	1668093723.98	1
-0.997911340463	-0.0575583404476	0.0293250775012	0	-0.0148116529335	-0.237992406152	-0.971154038326	0	0.0628771941583	-0.969560012519	0.23664279073	0	639.884180257	-4.78731319434	110.835449189	1	1668093724.02	1
-0.997917755673	-0.0574634875167	0.0292927242353	0	-0.0148012088747	-0.238015392263	-0.971148561396	0	0.0627777390721	-0.969559994775	0.236669261172	0	640.050521173	-6.44820988292	110.821124246	1	1668093724.07	1
-0.997926762811	-0.0574006912654	0.0291096396216	0	-0.0146318336232	-0.238110192349	-0.971127957684	0	0.0626746837747	-0.969540474498	0.236776652159	0	640.221929738	-7.58654011821	110.819270317	1	1668093724.11	1
-0.997932649841	-0.057312089493	0.0290821723708	0	-0.0146268825661	-0.238098990813	-0.9711307667	0	0.0625819474724	-0.969548460447	0.236768457122	0	640.382488445	-9.16345038915	110.80635979	1	1668093724.17	1
-0.997927001613	-0.0573829581263	0.0291352185651	0	-0.0146649593709	-0.238047884256	-0.971142666628	0	0.0626626505007	-0.969556788419	0.236712896566	0	640.481942258	-10.2644134967	110.794353731	1	1668093724.21	1
-0.997924611084	-0.0574329465896	0.029119287215	0	-0.0146409059172	-0.237996508639	-0.971155660196	0	0.0627066142395	-0.969566461996	0.236661702313	0	640.651872067	-11.8458487303	110.779484566	1	1668093724.26	1
-0.997931136432	-0.0573838051681	0.0289909579908	0	-0.014526681652	-0.2380120302	-0.97115349843	0	0.0626287496664	-0.969565522023	0.236686027507	0	640.867368377	-13.4608490422	110.775508457	1	1668093724.32	1
-0.997929808081	-0.0573637657476	0.0290775096389	0	-0.0146196864194	-0.237950004106	-0.971167374742	0	0.0626288063124	-0.969581971274	0.236618761089	0	640.904134049	-14.0677125975	110.770185553	1	1668093724.36	1
-0.997923221629	-0.05736886778	0.0292930388405	0	-0.0148358472641	-0.237832126122	-0.971192990586	0	0.0626830427511	-0.96961060144	0.236487082862	0	641.039086825	-15.9445051502	110.759207548	1	1668093724.41	1
-0.997925388704	-0.0574198824434	0.0291188655955	0	-0.0146482501462	-0.2379246219	-0.971173189613	0	0.062692713018	-0.969584892812	0.236589916274	0	641.218909481	-16.9980338195	110.766161902	1	1668093724.45	1
-0.997923702294	-0.0575215293462	0.0289744287165	0	-0.0144758692368	-0.23804310174	-0.971146670176	0	0.0627590448577	-0.969549748302	0.236716183876	0	641.442304632	-18.5395623442	110.774825828	1	1668093724.51	1
-0.997921217768	-0.0575305307878	0.0290438196641	0	-0.0145417749248	-0.238035320746	-0.971147691932	0	0.0627840352079	-0.969551178135	0.236703894026	0	641.52288489	-19.5349976707	110.773335295	1	1668093724.55	1
-0.997919584959	-0.0574871244723	0.0291838753753	0	-0.0146906253261	-0.238000562102	-0.971153877864	0	0.0627746562812	-0.969562235617	0.236660904202	0	641.621212747	-20.9956796689	110.769779002	1	1668093724.6	1
-0.997922334708	-0.0573952744987	0.0292701771737	0	-0.0147989281497	-0.237961906041	-0.971161687654	0	0.0627053315479	-0.969577155327	0.236618118342	0	641.678904733	-21.9474754395	110.765501517	1	1668093724.64	1
-0.997924803796	-0.0573992380093	0.0291775012196	0	-0.0147100782213	-0.237926550587	-0.971171667325	0	0.0626867022228	-0.969585579657	0.236588468914	0	641.827173512	-23.0787910651	110.761602798	1	1668093724.7	1
-0.997930760339	-0.0574290409281	0.028916096562	0	-0.0144447837441	-0.237985888548	-0.971161230641	0	0.0626544434209	-0.969569316911	0.236663884325	0	642.049065188	-24.3500504146	110.763995463	1	1668093724.73	1
-0.997931888634	-0.0573669485753	0.0290001704457	0	-0.0145466245829	-0.237904225344	-0.971179712203	0	0.0626128488608	-0.969593030145	0.236577713915	0	642.068874161	-24.8758059015	110.751921253	1	1668093724.79	1
-0.997928743244	-0.0573079274214	0.0292250149581	0	-0.0147867324514	-0.237791613698	-0.971203709095	0	0.0626070589823	-0.969624168067	0.23645168051	0	642.190637047	-26.9518948273	110.722678201	1	1668093724.85	1
-0.997925108632	-0.0573556436444	0.0292545870499	0	-0.0148025890818	-0.237816266981	-0.971197379474	0	0.0626608444757	-0.969615272512	0.236473809404	0	642.298890389	-28.0130216841	110.719020036	1	1668093724.89	1
-0.997925238154	-0.0573948607048	0.0291716074928	0	-0.0147106846299	-0.237844559849	-0.971191761111	0	0.0626797899131	-0.969605965494	0.236506778884	0	642.468060439	-29.3082964983	110.712343679	1	1668093724.94	1
-0.997927822263	-0.0574126480429	0.0290483207265	0	-0.0145821320477	-0.237911839169	-0.971177241769	0	0.0626688407587	-0.969588417696	0.236581649798	0	642.607637532	-30.2100354037	110.700026176	1	1668093724.98	1
-0.997924396532	-0.0575095870253	0.028976430842	0	-0.0144869854173	-0.237945507464	-0.971170544399	0	0.0627463416914	-0.969574479387	0.236618476452	0	642.774341398	-31.3487605994	110.701927072	1	1668093725.04	1
-0.997921714664	-0.057516909569	0.0290533604754	0	-0.0145637368316	-0.237889462089	-0.971183081932	0	0.0627708968151	-0.969587773533	0.236557394081	0	642.85563605	-32.2583938291	110.702795581	1	1668093725.08	1
-0.997920774709	-0.0575159250974	0.029085859472	0	-0.0145972247736	-0.23786417703	-0.971188676144	0	0.0627773573539	-0.969593983339	0.23653003759	0	642.882686793	-32.6225310761	110.701255271	1	1668093725.13	1
-0.997917244999	-0.0575152824725	0.029209412475	0	-0.0147195894107	-0.237833929121	-0.971194318016	0	0.0628054796694	-0.969601485174	0.23649197509	0	643.018231978	-34.2970619016	110.686891721	1	1668093725.17	1
-0.997921901405	-0.0574449564682	0.0291896175526	0	-0.0147146147371	-0.237871168904	-0.971185323922	0	0.0627329894908	-0.969596546431	0.236531559877	0	643.140685102	-35.4742705391	110.684913302	1	1668093725.23	1
-0.997923006487	-0.0574810820391	0.0290791654569	0	-0.0145924856357	-0.23796467192	-0.971164184577	0	0.0627433826996	-0.969571420605	0.236631629029	0	643.272173774	-36.3240952088	110.695072449	1	1668093725.27	1
-0.997925417813	-0.05748371636	0.028990933608	0	-0.0144996091385	-0.238063349911	-0.971141383449	0	0.0627265031543	-0.969547036039	0.236735977487	0	643.430587634	-37.531838427	110.695651837	1	1668093725.32	1
-0.997921543413	-0.0574735864384	0.0291439779225	0	-0.0146556104489	-0.237991388573	-0.971156679394	0	0.0627518816836	-0.969565303184	0.236654424288	0	643.449085469	-38.2337891581	110.687085333	1	1668093725.36	1
-0.997914184262	-0.0575130379207	0.0293185027165	0	-0.0148200133431	-0.237930840116	-0.971169070549	0	0.0628306165522	-0.969577851181	0.236582211315	0	643.498289835	-39.272898389	110.664950925	1	1668093725.41	1
-0.997918392303	-0.0574599192582	0.0292799349614	0	-0.0147957233452	-0.237921160861	-0.971171842428	0	0.062769697627	-0.969583392099	0.236575732789	0	643.616251311	-40.3709198841	110.650983789	1	1668093725.47	1
-0.997920987643	-0.0574265046614	0.0292549853837	0	-0.0147819986364	-0.237880435088	-0.971181912507	0	0.0627308158099	-0.969595302129	0.236537005306	0	643.691467908	-41.0843573897	110.643920607	1	1668093725.51	1
-0.997925697019	-0.0573785241832	0.0291902964317	0	-0.0147352895316	-0.237805509591	-0.971201077536	0	0.0626676330261	-0.96961657908	0.236466732333	0	643.812093805	-42.1275857854	110.635903323	1	1668093725.57	1
-0.997926208698	-0.0573845194562	0.0291612844017	0	-0.0147058096121	-0.237802781885	-0.971202208047	0	0.062666525482	-0.969616901794	0.236465733449	0	643.894841084	-42.7502513856	110.633534313	1	1668093725.6	1
-0.997920069319	-0.0574745243397	0.0291933737647	0	-0.0147109949808	-0.237875048945	-0.97118439049	0	0.0627626975758	-0.969593821811	0.236534773485	0	644.004265477	-43.7080424966	110.623848627	1	1668093725.66	1
-0.997918051962	-0.0575105502564	0.0291909484014	0	-0.0146967812251	-0.237925959761	-0.971172109972	0	0.0627979136446	-0.969579180729	0.236585388789	0	644.085348223	-44.3680643805	110.618026686	1	1668093725.7	1
-0.997916743307	-0.0575750144944	0.0291077687659	0	-0.0145950381558	-0.238010502355	-0.971152887782	0	0.0628421250063	-0.969554582919	0.236674359143	0	644.227668332	-45.3395061731	110.617517415	1	1668093725.75	1
-0.997928092187	-0.0573959339926	0.0290720429705	0	-0.014602396602	-0.23801691514	-0.971151189126	0	0.0626598131468	-0.969563617569	0.236685653068	0	644.294982716	-45.973779896	110.615926715	1	1668093725.79	1
-0.997924283976	-0.0574293354459	0.0291384417761	0	-0.0146606450799	-0.237992871644	-0.971156300243	0	0.062707548802	-0.969567593783	0.236656908788	0	644.342033446	-46.5689300155	110.613910242	1	1668093725.85	1
-0.997918424169	-0.0574904918174	0.0292179564467	0	-0.0147247805651	-0.237973053616	-0.971160160331	0	0.0627855348125	-0.969568819781	0.23663115672	0	644.419746338	-47.4494432015	110.614621069	1	1668093725.89	1
-0.997921730312	-0.0574113408313	0.029261681099	0	-0.0147869305718	-0.237960813729	-0.971162273974	0	0.0627187744441	-0.969576545614	0.236617319478	0	644.482147453	-48.3366162391	110.612026231	1	1668093725.94	1
-0.997919329068	-0.0575047899121	0.0291586548038	0	-0.014658815095	-0.238048051077	-0.971142766666	0	0.0627865064769	-0.969549555209	0.236709797588	0	644.611697074	-49.264808991	110.617194679	1	1668093726	1
-0.997923718045	-0.0574989754744	0.029020570945	0	-0.0145244475286	-0.238069325983	-0.971139625755	0	0.0627483689914	-0.969544706198	0.236739877798	0	644.713061648	-49.7918776109	110.618616844	1	1668093726.04	1
-0.997927669089	-0.0574289283283	0.0290215012314	0	-0.014544049863	-0.238037389856	-0.971147054062	0	0.0626801746511	-0.969556641422	0.236708852737	0	644.790063046	-50.594027053	110.616521637	1	1668093726.1	1
-0.997926944009	-0.0574146860487	0.0290757523377	0	-0.0146020062894	-0.238010014761	-0.971152960448	0	0.0626787316422	-0.969564241364	0.236678233523	0	644.812635574	-51.0099115918	110.614500873	1	1668093726.13	1
-0.997926125135	-0.0573952949516	0.0291428763139	0	-0.0146723799416	-0.238003226082	-0.971153609064	0	0.0626756685578	-0.969567080513	0.236667502682	0	644.870670851	-51.8245188215	110.610881633	1	1668093726.19	1
-0.997921225856	-0.0574762791181	0.0291501197549	0	-0.0146582685552	-0.238032842398	-0.971146512231	0	0.0627565488652	-0.969554984868	0.236695520281	0	644.92494915	-52.3244188639	110.605377512	1	1668093726.23	1
-0.997921978897	-0.0574655879142	0.0291442679893	0	-0.0146544632756	-0.238042778674	-0.971144069531	0	0.062744989058	-0.969553144203	0.236705998177	0	644.941147034	-52.4772613155	110.603657563	1	1668093726.28	1
-0.997920756279	-0.0575261509378	0.0290677057224	0	-0.0145658936006	-0.238037837905	-0.971146677893	0	0.062785518988	-0.969550800785	0.236704976543	0	645.074892968	-53.497889099	110.591844302	1	1668093726.32	1
-0.997928326599	-0.057407124688	0.0290427948874	0	-0.0145723018255	-0.238001115457	-0.971155564283	0	0.0626634592647	-0.969566861064	0.23667150014	0	645.134515505	-54.1162072871	110.585329078	1	1668093726.38	1
-0.997930545526	-0.057347450999	0.0290855156564	0	-0.0146303728595	-0.23796528672	-0.971163532885	0	0.0626150255783	-0.969579220043	0.236633805713	0	645.437202169	-57.1063184498	110.567978995	1	1668093726.66	1
-0.997923720672	-0.0575126154471	0.02899236392	0	-0.0144948790908	-0.23805187288	-0.971144285749	0	0.0627547240639	-0.969548150102	0.236723971108	0	645.549309268	-57.6390577932	110.567023486	1	1668093726.72	1
-0.997930105596	-0.0574264140348	0.0289445305597	0	-0.0144679159024	-0.238065843398	-0.97114132505	0	0.062659793835	-0.969549862795	0.236742223219	0	645.596094628	-57.9423839905	110.560132131	1	1668093726.76	1
-0.997923382287	-0.0575256990413	0.0289767389416	0	-0.0144746889026	-0.238080717135	-0.971137442684	0	0.062764228265	-0.969540251766	0.236753655381	0	645.649409747	-58.4244420954	110.550652405	1	1668093726.81	1
-0.9979209877	-0.0575566401327	0.0289980519564	0	-0.0144879939972	-0.238082030109	-0.971136938954	0	0.0627993425554	-0.969538101969	0.236753179904	0	645.677555133	-58.7303235079	110.539599181	1	1668093726.85	1
-0.997920608267	-0.0575456900674	0.0290322686457	0	-0.0145241658366	-0.238077784767	-0.971137408507	0	0.0627967905455	-0.969539777751	0.236746933816	0	645.708118857	-59.1247721674	110.514785427	1	1668093726.91	1
-0.997925470746	-0.0574585179054	0.0290402192898	0	-0.0145530721471	-0.238071005066	-0.971138774055	0	0.0627137684365	-0.969546686159	0.236740914922	0	645.722038838	-59.3470365642	110.49823262	1	1668093726.94	1
-0.99792467664	-0.0574720749489	0.0290391246557	0	-0.0145514023098	-0.238030400417	-0.971148665108	0	0.0627261527444	-0.969555805095	0.236700114453	0	645.763596523	-59.7988799907	110.504826725	1	1668093727	1
-0.997921030868	-0.0575422717692	0.0290273754838	0	-0.0145253807431	-0.237998328124	-0.97115702597	0	0.0627909634771	-0.969559574768	0.236667703813	0	645.791158991	-60.0174049857	110.519512481	1	1668093727.04	1
-0.997928833881	-0.0574304604372	0.0289793141909	0	-0.0145063420552	-0.237980069868	-0.97116171785	0	0.0626707480041	-0.96957064964	0.236654065893	0	645.828408493	-60.3613401522	110.527808444	1	1668093727.09	1
-0.997925558782	-0.0574872952709	0.0289800550586	0	-0.0144937412863	-0.237977376017	-0.971162602409	0	0.0627260554986	-0.969567962287	0.236650493853	0	645.865713234	-60.6833291332	110.534814448	1	1668093727.15	1
-0.997929236716	-0.0574276349217	0.0289696712541	0	-0.0144981180482	-0.237972365048	-0.971163652171	0	0.0626656758491	-0.969572666797	0.236646995202	0	645.883173328	-60.8861228278	110.538281033	1	1668093727.19	1
-0.997935731211	-0.0573345307671	0.0289324051307	0	-0.0144836933559	-0.237976802617	-0.971162895271	0	0.0625663544057	-0.969577149927	0.236655132377	0	645.911485067	-61.1663943156	110.543100108	1	1668093727.24	1
-0.99793650165	-0.0573340080538	0.0289057340246	0	-0.0144572656362	-0.237985932399	-0.971160989274	0	0.0625597187239	-0.969574906173	0.236665956831	0	645.936381234	-61.3467049422	110.546739018	1	1668093727.28	1
-0.997932012085	-0.0574086235649	0.0289131186424	0	-0.0144473546142	-0.237976276098	-0.971163529991	0	0.062633778706	-0.969572875744	0.236654739101	0	645.962741193	-61.5346583554	110.551378968	1	1668093727.34	1
-0.997930514521	-0.057428755646	0.028925841504	0	-0.0144550751331	-0.237974505738	-0.97116390568	0	0.0626562698646	-0.969572148686	0.23665187508	0	645.970062581	-61.6250557456	110.552106982	1	1668093727.37	1
-0.99793392104	-0.0573512887728	0.0289593469194	0	-0.0145062065719	-0.237972319053	-0.971163531331	0	0.0625890777415	-0.969577190925	0.236648708367	0	645.97694906	-61.8867696805	110.546255129	1	1668093727.43	1
-0.997935584378	-0.0573159649463	0.0289728170283	0	-0.0145282337563	-0.237964219915	-0.971165234528	0	0.0625577916502	-0.969581293385	0.236640266026	0	645.98065577	-62.0124481993	110.544931832	1	1668093727.47	1
-0.997933126372	-0.0573472248586	0.0289954921202	0	-0.0145434768375	-0.237954898255	-0.971167283606	0	0.0625934002888	-0.969581729071	0.236629051219	0	645.989935715	-62.1473183896	110.543277432	1	1668093727.52	1
-0.997929668706	-0.0573972313848	0.0290153650359	0	-0.0145513317164	-0.23794881625	-0.971168646291	0	0.0626466057368	-0.969580257388	0.236620982082	0	646.008849573	-62.3108305702	110.542285242	1	1668093727.62	1
-0.997931506824	-0.0573662531272	0.0290149091026	0	-0.0145584033068	-0.237946520799	-0.971169186619	0	0.0626162900801	-0.96958269938	0.236619163956	0	646.016558616	-62.3963305417	110.542169738	1	1668093727.68	1
-0.997932568821	-0.0573448978807	0.0290185702635	0	-0.0145670410985	-0.237946270846	-0.971169004911	0	0.0625965208825	-0.96958396274	0.236618996173	0	646.024971044	-62.4833133976	110.539122507	1	1668093727.77	1
