-0.998867340501	-0.0381446047041	0.028444520572	0	0.00953796538324	-0.746169690866	-0.66568755878	0	0.0466167720779	-0.664662206125	0.745688332175	0	637.93513473	39.3674248315	126.32388965	1	1668093872.52	1
-0.99886407594	-0.0381603459578	0.0285351372725	0	0.00949055975382	-0.746186144334	-0.665669601639	0	0.0466947844983	-0.664642710531	0.745700730763	0	637.914978496	39.2707098867	126.316479175	1	1668093873.67	1
-0.998857788132	-0.0383464511832	0.028507981446	0	0.00964867205709	-0.746199078406	-0.665652985614	0	0.0467980283299	-0.664617575708	0.745716739792	0	637.972758777	39.2134668458	126.323744892	1	1668093873.71	1
-0.998850275753	-0.0386381442729	0.0283768118216	0	0.00995546316696	-0.746216937612	-0.665628430937	0	0.0468938853592	-0.664580619072	0.74574364595	0	638.085252303	39.1352887582	126.339309385	1	1668093873.76	1
-0.998855750664	-0.0384733078468	0.0284071108	0	0.0098143930337	-0.746250455347	-0.665592883789	0	0.046806404847	-0.664552505034	0.745774162106	0	638.020850106	38.9117279049	126.319978279	1	1668093873.86	1
-0.998859914838	-0.0383456261209	0.0284356488994	0	0.00969947265126	-0.746245136607	-0.665600693135	0	0.0467427525913	-0.664565958716	0.745766247699	0	637.960278676	38.7675850861	126.324934169	1	1668093873.91	1
-0.998865944819	-0.0381832440493	0.0284403921799	0	0.00957446152085	-0.746238471136	-0.665609841058	0	0.0466384648065	-0.66458270793	0.745757782606	0	637.904144839	38.6460539732	126.328387521	1	1668093873.95	1
-0.998859733573	-0.0383398627055	0.0284488452263	0	0.00968717531793	-0.746256304444	-0.665588286031	0	0.0467486516806	-0.664553709711	0.745776760062	0	637.937504153	38.442072097	126.327695383	1	1668093874.01	1
-0.998857610229	-0.0384313099677	0.0283984522697	0	0.00979065267693	-0.746277354522	-0.665563065067	0	0.0467716136449	-0.664524722704	0.745801096234	0	637.974065458	38.3482202192	126.312571448	1	1668093874.05	1
-0.998856149998	-0.0384901499825	0.0283701102286	0	0.00985558970435	-0.746306469907	-0.665529458897	0	0.0467891568635	-0.664488618313	0.745832164098	0	637.996288422	38.2297029971	126.293644349	1	1668093874.1	1
-0.998856404017	-0.0382541540692	0.0286780361316	0	0.00948372816835	-0.746445156187	-0.665379265987	0	0.0468601652274	-0.664346425529	0.745954344117	0	637.849907863	37.7922774348	126.159068486	1	1668093874.14	1
-0.99885692502	-0.0381940459685	0.0287400197608	0	0.00939468491272	-0.746405566254	-0.665424945405	0	0.0468670408425	-0.664394366959	0.745911215637	0	637.801414779	37.4911493528	126.154588499	1	1668093874.2	1
-0.998860972046	-0.0381109845795	0.0287113973011	0	0.00934918072231	-0.746371347387	-0.665464092232	0	0.046790827972	-0.664437655606	0.74587750376	0	637.77873424	37.396414284	126.17541947	1	1668093874.23	1
-0.998859927915	-0.0384809093303	0.0282495941906	0	0.00992680663035	-0.746275640624	-0.665562985068	0	0.0466934737092	-0.664523786594	0.745806834259	0	637.958968973	37.0567997817	126.297894054	1	1668093874.29	1
-0.998855721363	-0.0384839299386	0.0283944821267	0	0.00982928108271	-0.746229803427	-0.665615868559	0	0.0468043134044	-0.664575111929	0.745754173654	0	637.905563157	36.863231888	126.324912631	1	1668093874.33	1
-0.998858253982	-0.0383631201092	0.0284677389156	0	0.00968502330443	-0.74615698526	-0.665699539567	0	0.0467797539411	-0.664663806918	0.745676628833	0	637.835801409	36.5101979261	126.310844383	1	1668093874.38	1
-0.998871159111	-0.0380263673531	0.0284682247564	0	0.00943376219216	-0.746169506462	-0.665689215507	0	0.0465558324085	-0.664669166264	0.745685917755	0	637.727878574	36.0612417131	126.259714339	1	1668093874.44	1
-0.998864416696	-0.0382396876911	0.0284180859852	0	0.00962813390004	-0.746190029585	-0.66566336333	0	0.046660064945	-0.664633846584	0.745710851342	0	637.788264625	35.7723641753	126.243770104	1	1668093874.48	1
-0.998860923839	-0.0383401386853	0.0284060696364	0	0.00971297543434	-0.746214734126	-0.665634475474	0	0.0467175320066	-0.66460034669	0.7457371295	0	637.800054458	35.3339026019	126.225556602	1	1668093874.53	1
-0.998859890289	-0.0383538409118	0.0284221370135	0	0.00971325953443	-0.746224788662	-0.665623076716	0	0.0467385768316	-0.664588189486	0.745746582868	0	637.796046374	35.2535466754	126.217732143	1	1668093874.57	1
-0.998861945673	-0.0383331207135	0.0283795973954	0	0.00972741881234	-0.746243914027	-0.665601550757	0	0.046692672627	-0.664567986832	0.745767524192	0	637.760601925	34.5768374586	126.194023255	1	1668093874.63	1
-0.998863993427	-0.0382276728379	0.0284491499264	0	0.00959992447086	-0.746211057283	-0.665640201233	0	0.046674957614	-0.664610930732	0.745730344432	0	637.695172819	34.2635445272	126.198849019	1	1668093874.66	1
-0.99886656778	-0.03820855235	0.0283840486293	0	0.00962590887734	-0.74616673009	-0.665689492759	0	0.0466142919145	-0.664661782255	0.745688804675	0	637.67676471	33.7836494712	126.214300633	1	1668093874.72	1
-0.998860201218	-0.0383573339412	0.0284079069359	0	0.00972061445356	-0.746157813652	-0.665698144812	0	0.046731191334	-0.664663243911	0.745680202297	0	637.693392507	33.4248926467	126.219008692	1	1668093874.76	1
-0.998862212416	-0.0382850746046	0.0284343293856	0	0.00964798337897	-0.746143566672	-0.665715147582	0	0.0467030652717	-0.664683389291	0.745663995964	0	637.638381123	32.8440133104	126.204175265	1	1668093874.81	1
-0.998866308085	-0.038313992582	0.0282512841203	0	0.0097909913756	-0.746135011689	-0.665722673794	0	0.0465857670619	-0.664691342495	0.745664256985	0	637.639589205	31.8498100565	126.181858287	1	1668093874.91	1
-0.998858422184	-0.0384807009578	0.0283026249968	0	0.00988135998865	-0.746133932975	-0.665722489138	0	0.0467350590979	-0.664682886304	0.745662423137	0	637.651322721	31.440292094	126.174521614	1	1668093874.95	1
-0.998859118022	-0.0384071700261	0.0283799479289	0	0.00977385091442	-0.746120399998	-0.665739388723	0	0.0467439645344	-0.6647024214	0.745644524623	0	637.578165854	30.791318664	126.154537458	1	1668093875	1
-0.998864557755	-0.0383387524341	0.0282797096646	0	0.00978972863541	-0.746123224141	-0.665735913409	0	0.0466236268533	-0.664703152718	0.745651367814	0	637.549404488	30.1128312609	126.144723306	1	1668093875.06	1
-0.998867560502	-0.03829298668	0.0282365934919	0	0.00978369658822	-0.746115648178	-0.665744559478	0	0.0465610594466	-0.664714336581	0.745645341405	0	637.521887848	29.6402711492	126.145537621	1	1668093875.1	1
-0.998861254584	-0.038413445598	0.028295622297	0	0.00983546476837	-0.746130479758	-0.66572714921	0	0.0466850649835	-0.664690722098	0.745658625924	0	637.510306331	29.031059191	126.135364879	1	1668093875.15	1
-0.998859494371	-0.038349913403	0.0284426888	0	0.00968974776289	-0.746127400013	-0.665732678037	0	0.0467526668963	-0.664697810173	0.74564804152	0	637.430426627	28.4813971994	126.122448587	1	1668093875.19	1
-0.998857645327	-0.0384429439402	0.0283823627226	0	0.00980102450891	-0.746149037589	-0.665706824696	0	0.0467691907783	-0.664668163893	0.745673445738	0	637.430975481	27.6878978868	126.118342651	1	1668093875.25	1
-0.998859752653	-0.0383885508651	0.0283812289992	0	0.00976169111393	-0.746157107655	-0.66569831637	0	0.0467320660597	-0.664662222473	0.745681048448	0	637.391155989	27.2029726115	126.104004058	1	1668093875.28	1
-0.998857461285	-0.0383872286678	0.0284646826593	0	0.00970684484345	-0.746182469386	-0.665670769385	0	0.0467930645244	-0.664633876128	0.745702528964	0	637.33217377	26.3606796536	126.075999492	1	1668093875.34	1
-0.998858792546	-0.0383314000405	0.0284918612939	0	0.00964712437632	-0.746183996905	-0.665669833217	0	0.0467762533074	-0.664635325454	0.74570224519	0	637.303555532	26.2347951998	126.069248084	1	1668093875.38	1
-0.998861689057	-0.0382569383607	0.0284927155938	0	0.00959304779103	-0.746215559157	-0.665635394287	0	0.0467267930277	-0.664604280576	0.745733096433	0	637.217485527	24.9487693335	126.043941375	1	1668093875.43	1
-0.998860934431	-0.0382809498823	0.0284845914424	0	0.00961617649289	-0.746211433817	-0.66563952376	0	0.046736867133	-0.664607428326	0.745729577837	0	637.195169173	24.3323473795	126.050810352	1	1668093875.47	1
-0.998864634115	-0.0381612180574	0.0285165423642	0	0.00950581491369	-0.746218277368	-0.665633509586	0	0.0466809258892	-0.664606675789	0.745733789249	0	637.118483707	23.6367494763	126.039124297	1	1668093875.53	1
-0.998866989735	-0.0381425689802	0.0284577828905	0	0.00953222533601	-0.746235006303	-0.665614298176	0	0.0466244636088	-0.664588913036	0.7457531113	0	637.071372487	22.5506705077	126.038965551	1	1668093875.59	1
-0.998859846154	-0.0382355017253	0.0285850381961	0	0.00951665987221	-0.746231821485	-0.665618196317	0	0.0467812679985	-0.664587214856	0.745744857942	0	637.037120388	21.9423177653	126.047556782	1	1668093875.62	1
-0.998860166337	-0.0384358365962	0.0283024912812	0	0.00985369543892	-0.746216476966	-0.66563040496	0	0.0467038668772	-0.664592831741	0.745744658113	0	637.109603079	21.0001391751	126.040590236	1	1668093875.68	1
-0.998866916522	-0.0382986257341	0.0282507401638	0	0.00978447322832	-0.746200820712	-0.665649013324	0	0.0465741628374	-0.664618354032	0.745730042542	0	637.045310877	20.3195446241	126.015838174	1	1668093875.72	1
-0.998869467446	-0.0381440378217	0.0283702016421	0	0.00958681925464	-0.746166010818	-0.665690961766	0	0.0465609797042	-0.664666357275	0.745688107604	0	636.921469737	19.3148062408	125.995000794	1	1668093875.78	1
-0.998870093783	-0.0381109286234	0.0283916140345	0	0.00954667215349	-0.746149678971	-0.665709773728	0	0.0465552191357	-0.664686545985	0.745670435748	0	636.871835829	18.6188268629	125.974566151	1	1668093875.81	1
-0.998869285869	-0.0381678416019	0.0283435441817	0	0.00961966706173	-0.746126925107	-0.665734225385	0	0.0465575276986	-0.664708822131	0.745650434176	0	636.845023979	17.5869124044	125.944251478	1	1668093875.87	1
-0.998869169535	-0.0381635489727	0.0283545982448	0	0.00960759653164	-0.746105962807	-0.665757973801	0	0.0465631728285	-0.664732648783	0.745628881987	0	636.821081183	17.2415086188	125.935088204	1	1668093875.91	1
-0.998870873781	-0.0380959179064	0.0283833252828	0	0.00953976785785	-0.746132155636	-0.665729444379	0	0.0465393416476	-0.66470703383	0.745653128838	0	636.730290708	15.8324973224	125.891033748	1	1668093875.96	1
-0.998864444041	-0.0381692752851	0.0285110371096	0	0.00951301540286	-0.74618236021	-0.665673574211	0	0.0466827531345	-0.6646464784	0.745698151776	0	636.686927839	15.0853202285	125.863223569	1	1668093876	1
-0.998863854414	-0.0381610628347	0.0285422724028	0	0.00948620818443	-0.746184363259	-0.665671683814	0	0.0467005979173	-0.66464468382	0.74569861992	0	636.619718384	13.95499556	125.854071599	1	1668093876.06	1
-0.998862820545	-0.0381868528861	0.0285448167068	0	0.00950257290805	-0.74616722995	-0.665690715013	0	0.0467198601808	-0.664662474769	0.745681585993	0	636.582459536	13.2192826353	125.855477215	1	1668093876.1	1
-0.998860706257	-0.0382080148644	0.0285907291231	0	0.00948768182698	-0.746165678701	-0.665692685839	0	0.046768223059	-0.664663012433	0.745678085022	0	636.526974658	12.302588967	125.839379436	1	1668093876.15	1
-0.998860828175	-0.0383524405597	0.028393807713	0	0.0097307467698	-0.746220746294	-0.665627543905	0	0.0467164277987	-0.664592929123	0.745743843671	0	636.545416831	10.8448717324	125.829297124	1	1668093876.21	1
-0.998864063863	-0.0382754429141	0.0283841330393	0	0.00967928155906	-0.746216024256	-0.665633605725	0	0.0466580422046	-0.664602681115	0.745738817018	0	636.486261039	10.0016894555	125.835522716	1	1668093876.25	1
-0.998866639998	-0.0383000268511	0.0282602324076	0	0.00978167755643	-0.746236732751	-0.665608905592	0	0.046581579582	-0.66457802073	0.745765580129	0	636.459512624	8.76794597966	125.851202721	1	1668093876.3	1
-0.998865062526	-0.0383320087829	0.0282720082168	0	0.00979623910435	-0.74621506235	-0.665632943676	0	0.0466119929978	-0.664600482545	0.745743641148	0	636.416504454	7.90773394376	125.811952395	1	1668093876.34	1
-0.998859964062	-0.0384387612485	0.0283045984663	0	0.00985389368895	-0.746207835528	-0.665640016504	0	0.046707561984	-0.664602319309	0.745735934377	0	636.368477621	6.62962353245	125.78334907	1	1668093876.4	1
-0.998856407203	-0.0385098194531	0.0283331088027	0	0.00988831907279	-0.746211838625	-0.665634990333	0	0.0467760752671	-0.664593693387	0.74573931323	0	636.359964793	6.24095917209	125.786321326	1	1668093876.44	1
-0.998865491708	-0.0381927676242	0.0284435683396	0	0.00958044896156	-0.746252485392	-0.66559404617	0	0.0466469669001	-0.66456642637	0.745771761631	0	636.154555595	4.36158369716	125.723869991	1	1668093876.49	1
-0.998865688924	-0.0381399458606	0.0285068642019	0	0.00949966095962	-0.746264949402	-0.665581188863	0	0.0466589370581	-0.664555438193	0.745780783786	0	636.085941428	3.47314175774	125.693200575	1	1668093876.53	1
-0.998867081908	-0.0380946372961	0.0285181397002	0	0.00945285236591	-0.746187636824	-0.66566849527	0	0.0466383402321	-0.664644823261	0.745702395297	0	635.999941462	2.11625318269	125.671749972	1	1668093876.59	1
-0.998864777161	-0.0381246689612	0.0285602808595	0	0.00944514003809	-0.746158471064	-0.665701406646	0	0.0466901215928	-0.664675912877	0.745671499165	0	635.959699121	1.43591556063	125.642790079	1	1668093876.63	1
-0.998866386979	-0.0380811736139	0.028563204831	0	0.00940908369089	-0.746136228641	-0.665726930363	0	0.0466636268008	-0.664703426814	0.745648673759	0	635.871618513	0.00201413484016	125.598409271	1	1668093876.68	1
-0.998869598086	-0.0380483344423	0.0284927373738	0	0.00942893493752	-0.746099100933	-0.665768130639	0	0.0465897863151	-0.664746900258	0.745614469635	0	635.804327706	-1.44605044635	125.625619778	1	1668093876.74	1
-0.998869573153	-0.0381985547277	0.0282930195252	0	0.00967630652263	-0.746127279605	-0.665733077667	0	0.0465401935982	-0.664706704202	0.745653440068	0	635.838419895	-2.40017089674	125.625579272	1	1668093876.78	1
-0.9988700209	-0.0381241366476	0.0283757867586	0	0.009567819756	-0.746159816611	-0.665698062092	0	0.0465520751455	-0.664674379831	0.745681453723	0	635.728647107	-3.79072469377	125.599804693	1	1668093876.84	1
-0.998873494375	-0.0379842834926	0.0284408304437	0	0.00942074966106	-0.746171800423	-0.66568671577	0	0.046507425957	-0.664668926519	0.745689094839	0	635.627295887	-4.75796767735	125.590215652	1	1668093876.87	1
-0.998871776565	-0.0380084548925	0.0284704810099	0	0.00941961418199	-0.74618019252	-0.665677437711	0	0.0465454483883	-0.664658194296	0.745696345752	0	635.608810364	-5.14212587036	125.590037176	1	1668093876.93	1
-0.998872670393	-0.038045221017	0.0283880144601	0	0.00950378291253	-0.746204207143	-0.665649191108	0	0.046508086163	-0.66462904769	0.745724588707	0	635.550352545	-7.1097575372	125.535369077	1	1668093876.97	1
-0.998868500597	-0.0381870666447	0.0283463936201	0	0.00963688165216	-0.746194905857	-0.665657852507	0	0.0465714113627	-0.664631448919	0.745718571788	0	635.523991467	-8.5039341882	125.482358243	1	1668093877.03	1
-0.998869264568	-0.0380767573027	0.0284673215456	0	0.00947081329109	-0.746152004563	-0.665708305051	0	0.0465889323244	-0.664685927941	0.74566890867	0	635.432856393	-9.0183569975	125.45736033	1	1668093877.06	1
-0.998862764384	-0.038198840887	0.0285321769465	0	0.00951950439225	-0.746161193667	-0.66569733902	0	0.0467184199841	-0.664668625172	0.745676244767	0	635.363370822	-10.6347707074	125.426431459	1	1668093877.12	1
-0.998863710346	-0.0381582880527	0.0285536762163	0	0.00947415207904	-0.74615129356	-0.665709107651	0	0.046707614845	-0.664682083991	0.745664937473	0	635.301170646	-11.4918476666	125.414791162	1	1668093877.16	1
-0.998864573072	-0.0381637637569	0.0285161536252	0	0.00950407623211	-0.746163006029	-0.665695553099	0	0.0466830792438	-0.664668621327	0.74567847426	0	635.254163559	-12.6117647898	125.413346363	1	1668093877.21	1
-0.998865449695	-0.0381693379209	0.0284779611019	0	0.00953453424607	-0.746174927205	-0.665681755131	0	0.0466581049242	-0.664654918182	0.745692251549	0	635.206317121	-13.7516789856	125.411875766	1	1668093877.27	1
-0.998866017917	-0.0381729566078	0.028453169505	0	0.00955430498453	-0.746182665278	-0.665672797809	0	0.0466418931957	-0.664646023108	0.745701194048	0	635.175258914	-14.4916231209	125.410921169	1	1668093877.31	1
-0.998866892036	-0.0381785319373	0.0284149769311	0	0.00958476235991	-0.746194585788	-0.665658997475	0	0.0466169177497	-0.664632319747	0.745714969386	0	635.127412276	-15.6315420848	125.409450566	1	1668093877.36	1
-0.998867504542	-0.0381824448481	0.0283881752654	0	0.00960613559884	-0.746202950767	-0.66564931223	0	0.0465993908169	-0.664622703333	0.745724635525	0	635.093835814	-16.431482206	125.408418568	1	1668093877.4	1
-0.998865321837	-0.038272352299	0.0283422474435	0	0.00970396999394	-0.746202474226	-0.6656483152	0	0.0466249929737	-0.664617996591	0.745727173136	0	635.035517218	-18.3298571255	125.369448447	1	1668093877.46	1
-0.998864264553	-0.0382979377468	0.0283438442866	0	0.00971934862278	-0.74616382837	-0.665691334756	0	0.0466438209356	-0.664659862201	0.745688642788	0	635.007154499	-19.1579222956	125.343754127	1	1668093877.5	1
-0.998866929439	-0.0382227930188	0.0283527302883	0	0.00965678797981	-0.746157780126	-0.665699118792	0	0.0466004882644	-0.664671036854	0.745681439394	0	634.926909341	-20.2837875516	125.305684232	1	1668093877.55	1
-0.998867636043	-0.0381594125303	0.0284131456819	0	0.00956960503501	-0.746164475066	-0.665692873603	0	0.0466033272567	-0.664667162846	0.745684715089	0	634.854190891	-21.0786489218	125.276448929	1	1668093877.59	1
-0.998859658442	-0.038355397123	0.0284313070045	0	0.0097055895343	-0.746187036728	-0.665665725767	0	0.0467468667905	-0.664630622472	0.745708355737	0	634.843350235	-22.163044291	125.236059852	1	1668093877.64	1
-0.998859304645	-0.0383610944074	0.0284337854281	0	0.00970777823101	-0.74618037479	-0.665673004769	0	0.0467527081488	-0.664637674438	0.745701624642	0	634.838520653	-22.2754369228	125.233255229	1	1668093877.68	1
-0.998861387098	-0.0383360897664	0.0283944311433	0	0.00971744494311	-0.746210803047	-0.665638761088	0	0.0467062440039	-0.664604958789	0.745733697771	0	634.751693658	-24.0244490181	125.240057362	1	1668093877.74	1
-0.998862973352	-0.0382754996185	0.02842178253	0	0.00965606825924	-0.746241933503	-0.665604852679	0	0.0466858406832	-0.664573558632	0.745763008322	0	634.70387944	-24.6877616036	125.230060904	1	1668093877.78	1
-0.998863198841	-0.0382699341499	0.0284187962821	0	0.00965419048649	-0.746245331702	-0.665600893085	0	0.0466799766124	-0.66456995211	0.745766499469	0	634.699391492	-24.7827621848	125.230667941	1	1668093877.83	1
-0.998867370934	-0.038235979999	0.0283193190461	0	0.00969261552284	-0.746210564259	-0.665639425597	0	0.0465835519033	-0.664611015793	0.745735991617	0	634.597075489	-26.8708092845	125.240892157	1	1668093877.89	1
-0.998866468278	-0.038248415367	0.0283351065512	0	0.00968996160395	-0.746190377512	-0.66566214524	0	0.0466038711642	-0.664632997177	0.745715157449	0	634.554526381	-27.5176617621	125.227319319	1	1668093877.93	1
-0.998867006986	-0.0380261146237	0.0286121290228	0	0.00933628189165	-0.746149203857	-0.66571322445	0	0.046663458372	-0.664691895583	0.745658868031	0	634.377362571	-28.4889354783	125.167377478	1	1668093877.99	1
-0.998868629804	-0.0381896962087	0.0283360296947	0	0.00964502830742	-0.746183843335	-0.665669978792	0	0.0465656873283	-0.664643619381	0.745708002542	0	634.460517421	-29.1850359995	125.161961473	1	1668093878.03	1
-0.998871968715	-0.0381237369879	0.0283098769396	0	0.00960937806759	-0.746130928428	-0.665729993703	0	0.0465029232201	-0.664706926417	0.745655585608	0	634.405291007	-30.1050171802	125.141987864	1	1668093878.08	1
-0.998872480862	-0.0380324932382	0.0284143409616	0	0.00946969630861	-0.746104627189	-0.665761471669	0	0.0465205732128	-0.664741674966	0.745623506922	0	634.325715739	-30.6964270457	125.131749541	1	1668093878.12	1
-0.998868187775	-0.0381133865298	0.0284543095138	0	0.00950677876189	-0.746150131537	-0.665709768725	0	0.0466036963075	-0.664685853873	0.745667989632	0	634.289974132	-31.5429295146	125.118474717	1	1668093878.17	1
-0.998865053658	-0.0381236563333	0.0285530406367	0	0.00945158145713	-0.746192593788	-0.6656631415	0	0.0466835081205	-0.664637710341	0.745706002509	0	634.184214581	-33.0455368565	125.061291829	1	1668093878.27	1
-0.998872781223	-0.0379384352866	0.0285287981759	0	0.00932797028428	-0.746174161734	-0.665685504457	0	0.0465424756765	-0.664668975229	0.745686930075	0	634.116729147	-33.6187497315	125.061202724	1	1668093878.31	1
-0.998872361827	-0.0381352043577	0.0282797466554	0	0.00964411026871	-0.746217573987	-0.665632313732	0	0.046486840056	-0.66460896183	0.745743878343	0	634.199017943	-34.4505456116	125.106364616	1	1668093878.36	1
-0.998870108718	-0.0381234162192	0.0283751187129	0	0.00957157122356	-0.746215162285	-0.665636068342	0	0.0465502337667	-0.66461234841	0.74573690774	0	634.132395432	-35.1988406995	125.085181244	1	1668093878.42	1
-0.998869668798	-0.0380597649723	0.0284758733033	0	0.00945574492882	-0.746199600737	-0.665655168707	0	0.0465833336312	-0.664633468231	0.745716017947	0	634.061646174	-35.6914650843	125.050173926	1	1668093878.46	1
-0.998869051258	-0.0380290376557	0.0285386299483	0	0.00939087105002	-0.746198533017	-0.665657291742	0	0.0466097536687	-0.664636430713	0.745711730616	0	633.990449021	-36.4423248198	125.007046641	1	1668093878.52	1
-0.99887023839	-0.0380296772217	0.0284946895113	0	0.0094180653376	-0.746161446279	-0.665698374728	0	0.0465779698378	-0.664677963983	0.745676643796	0	633.971832996	-36.9218415781	125.008265577	1	1668093878.55	1
-0.998870293539	-0.0380757676842	0.0284325302159	0	0.00948957509922	-0.746099396731	-0.665766998898	0	0.0465630524067	-0.664745036025	0.745617832801	0	633.96912603	-37.5858358208	125.002065162	1	1668093878.61	1
-0.998868232577	-0.0381035739555	0.0284678992517	0	0.00948628196375	-0.746092236416	-0.665775086485	0	0.0466080465357	-0.664751489632	0.745609276262	0	633.950244096	-38.0502251036	125.001281236	1	1668093878.65	1
-0.998865972889	-0.0382281990816	0.0283795140687	0	0.00964301374061	-0.746158382367	-0.665698670066	0	0.0466240533068	-0.664670066616	0.745680844705	0	633.980367822	-38.7428527815	125.02118913	1	1668093878.7	1
-0.99886589729	-0.0382807617497	0.028309600579	0	0.00973082191166	-0.746185169621	-0.665667253091	0	0.0466065124272	-0.664636897624	0.745711447998	0	633.988781502	-39.18392211	125.022720479	1	1668093878.74	1
-0.998870756467	-0.0380726630387	0.0284183940212	0	0.00949970471954	-0.746142018152	-0.665718946789	0	0.0465499183793	-0.664697284939	0.74566115063	0	633.866843401	-39.7681951192	124.993103851	1	1668093878.8	1
-0.99886805848	-0.0381306984841	0.0284363125509	0	0.00953060223746	-0.746134442044	-0.665727059001	0	0.0466019735638	-0.664702501902	0.745653280335	0	633.855007351	-40.1803085966	124.987230238	1	1668093878.84	1
-0.998872733849	-0.0379948774194	0.0284538776521	0	0.00941510858843	-0.746102420338	-0.6657645899	0	0.0465251745702	-0.664746221853	0.745619100555	0	633.77877156	-40.7157930969	124.960529472	1	1668093878.89	1
-0.998873963615	-0.0379984511849	0.028405950028	0	0.00944945483595	-0.746098577016	-0.665768414247	0	0.0464918283741	-0.664750333682	0.745617516658	0	633.772078003	-41.0148082287	124.953517702	1	1668093878.93	1
-0.99886963214	-0.0382195495502	0.02826075177	0	0.00971254640678	-0.746112965582	-0.665748467212	0	0.0465303657813	-0.66472148585	0.745640812712	0	633.84444985	-41.6088942945	124.957308397	1	1668093878.99	1
-0.998868515209	-0.0381853624021	0.0283484876966	0	0.00962970438202	-0.746130673036	-0.665729975264	0	0.0465727575101	-0.664703668864	0.745654125443	0	633.795521711	-42.0586846357	124.952335437	1	1668093879.04	1
-0.998862049602	-0.0382651894018	0.0284672172413	0	0.00961177684342	-0.74615194793	-0.665706306469	0	0.0467142463824	-0.664675144123	0.745670659996	0	633.77078595	-42.4005110169	124.951131967	1	1668093879.08	1
-0.998868986583	-0.0381648657332	0.0283578121186	0	0.0096115680364	-0.746178727906	-0.665676259896	0	0.046565462684	-0.664650828214	0.745701623333	0	633.752282627	-42.8851793096	124.953977971	1	1668093879.14	1
-0.998868649587	-0.0381200445101	0.0284304096958	0	0.00953026151723	-0.746187271415	-0.665667888957	0	0.0465896950342	-0.664643831981	0.745706364224	0	633.710993763	-43.1814285471	124.953474646	1	1668093879.18	1
-0.998864671338	-0.0382643437756	0.0283759364295	0	0.00967811381643	-0.746239261572	-0.665607448098	0	0.0466442824814	-0.664577151012	0.745762366858	0	633.735567664	-43.6638774885	124.972273958	1	1668093879.23	1
-0.998866895107	-0.0382408354779	0.0283279023947	0	0.0096932651577	-0.74624912631	-0.665596070605	0	0.0465927025715	-0.664567366056	0.745774261481	0	633.724783485	-43.9285759162	124.97142936	1	1668093879.27	1
-0.998873153334	-0.0379980614847	0.0284358893351	0	0.00943435932957	-0.746172478626	-0.665685865786	0	0.0465128258459	-0.664667442326	0.745690133245	0	633.609068842	-44.2792374761	124.930832541	1	1668093879.33	1
-0.99886959265	-0.0380352131835	0.0285097664972	0	0.00941191620672	-0.746157969616	-0.66570234702	0	0.0465929650251	-0.664681542816	0.745672511021	0	633.585612214	-44.5178591149	124.918102091	1	1668093879.37	1
-0.998870674502	-0.0381901673638	0.0282646195968	0	0.00969404034735	-0.746199568099	-0.665651735795	0	0.0465123964419	-0.664625998366	0.745727082184	0	633.673694057	-44.8737567243	124.921024445	1	1668093879.42	1
-0.998865368526	-0.0382349082992	0.0283923587412	0	0.00964140445117	-0.746186144132	-0.66566761734	0	0.0466376750054	-0.664638540719	0.745708114192	0	633.641400295	-45.3149263445	124.877481818	1	1668093879.52	1
-0.998870004708	-0.0380936048851	0.0284180940527	0	0.00951768010157	-0.746172669376	-0.665684427153	0	0.0465631271068	-0.664661734871	0.745692061595	0	633.580202632	-45.5805424343	124.852041347	1	1668093879.57	1
-0.998869754026	-0.0380828219007	0.0284413480189	0	0.00949290337777	-0.746155298955	-0.665704251104	0	0.0465735614299	-0.664681852901	0.745673477558	0	633.560609661	-45.7598022356	124.854731769	1	1668093879.61	1
-0.99886857471	-0.0381587972234	0.0283801407341	0	0.00959056722767	-0.74615603593	-0.66570197483	0	0.0465784376856	-0.664676636567	0.745677797126	0	633.584812372	-46.0240607876	124.867850775	1	1668093879.67	1
-0.998867866187	-0.038231510138	0.0283065774309	0	0.00969427921711	-0.746160427493	-0.665695512577	0	0.0465718567162	-0.664667504513	0.745686329004	0	633.617796474	-46.1663065544	124.872959474	1	1668093879.71	1
-0.998869382153	-0.0380887553711	0.0284473532339	0	0.00949056263173	-0.746115979666	-0.665748414649	0	0.0465825126156	-0.664725687958	0.745633873534	0	633.532636834	-46.3135872619	124.855499399	1	1668093879.76	1
-0.998869638339	-0.0380219535721	0.028526412369	0	0.00938768260525	-0.746112123151	-0.665754112224	0	0.0465971914638	-0.664733788767	0.745625692263	0	633.487321352	-46.4222123626	124.853626261	1	1668093879.8	1
-0.998871086372	-0.0379903146599	0.0285185578677	0	0.00936971399187	-0.746118762436	-0.66574697308	0	0.0465701516169	-0.664728176033	0.745632409974	0	633.47030375	-46.5615572045	124.856048459	1	1668093879.86	1
-0.998870278399	-0.0381102437149	0.0283859161589	0	0.00955026651583	-0.746154053927	-0.66570481014	0	0.0465504526189	-0.664681668795	0.745675076529	0	633.532174015	-46.7097618529	124.859730144	1	1668093879.95	1
-0.998872238757	-0.0380880570914	0.0283470638734	0	0.00956004991107	-0.746161005655	-0.665696903985	0	0.0465065707013	-0.664675153083	0.745683635876	0	633.528722787	-46.835352833	124.849069725	1	1668093880.04	1
-0.998867376009	-0.0381244285026	0.028469379251	0	0.00950574842158	-0.746161352921	-0.665697300848	0	0.0466220690754	-0.664672683383	0.745678629255	0	633.500333344	-46.9114600553	124.836841931	1	1668093880.14	1
