-0.996608027818	-0.079363162183	0.0217705087533	0	0.0516630612371	-0.809277776298	-0.585149938059	0	0.0640577159423	-0.582040374408	0.810632861209	0	650.446739389	46.2614188469	133.042675757	1	1668093978.33	1
-0.996623499228	-0.0791846630169	0.0217136881512	0	0.0515480373123	-0.8092559545	-0.585190345196	0	0.0639099553548	-0.582095082635	0.810605276621	0	650.402966398	46.1788506038	133.068958226	1	1668093979.42	1
-0.996613344138	-0.0793334174136	0.0216365036362	0	0.051717375832	-0.809277623405	-0.585145427001	0	0.0639314541166	-0.58204469399	0.810639759208	0	650.455707639	46.0047267257	133.097030839	1	1668093979.57	1
-0.99661212936	-0.07932607789	0.0217154999827	0	0.0516707726622	-0.809329585809	-0.585077467338	0	0.0639869572917	-0.581973297974	0.810686551818	0	650.431730375	45.7739050869	133.089156736	1	1668093979.66	1
-0.996616582149	-0.0792541326264	0.0217728210604	0	0.0515797055452	-0.809342338968	-0.585067809399	0	0.0639908007143	-0.581965328756	0.810691947367	0	650.391807219	45.6890316741	133.08579269	1	1668093979.7	1
-0.996632566814	-0.0790454080324	0.0218036811119	0	0.0513895364116	-0.809330523681	-0.585101096992	0	0.0638958989005	-0.582010290349	0.810667243577	0	650.294989461	45.1575063695	133.011407143	1	1668093979.85	1
-0.996612288036	-0.0792894318642	0.0218441071331	0	0.0515498885788	-0.809189962472	-0.58528135175	0	0.0640826324349	-0.582172502679	0.810536008406	0	650.342625264	44.97919957	133.00092009	1	1668093979.91	1
-0.996602224631	-0.0793927377664	0.0219276610687	0	0.0515870202041	-0.809205641417	-0.585256391523	0	0.0642090754161	-0.582136622082	0.810551767695	0	650.345630581	44.8314303444	133.030899906	1	1668093979.95	1
-0.996594272262	-0.0795060520749	0.021877667382	0	0.0517161226077	-0.809269743941	-0.585156309547	0	0.0642284118922	-0.582032006996	0.810625341098	0	650.372372115	44.566773265	133.086210815	1	1668093980	1
-0.996591705871	-0.079581904938	0.0217181134712	0	0.0518743337646	-0.809292405311	-0.585110957699	0	0.0641405616484	-0.581990126284	0.81066236348	0	650.4182647	44.3704217068	133.120777802	1	1668093980.04	1
-0.996603374841	-0.0794524073094	0.0216581615136	0	0.0518050920812	-0.809305925707	-0.585098472021	0	0.0640155219256	-0.581989073923	0.810673036635	0	650.382956893	44.0183044341	133.174228297	1	1668093980.1	1
-0.996611775376	-0.0793526503409	0.021637209323	0	0.0517380412383	-0.809326174095	-0.58507639035	0	0.0639388874481	-0.58197452206	0.810689528467	0	650.350663264	43.7629741304	133.201687779	1	1668093980.13	1
-0.996613818014	-0.0793336062965	0.0216102978033	0	0.0517394217157	-0.809336262396	-0.585062167727	0	0.0639051473593	-0.581962988794	0.810700406691	0	650.332959464	43.3907040298	133.200983099	1	1668093980.19	1
-0.996608093087	-0.0794145123926	0.0215798938381	0	0.0518195373081	-0.809301234006	-0.585103682443	0	0.0639303196545	-0.582000770194	0.810671363334	0	650.347019994	43.1664729975	133.180530332	1	1668093980.23	1
-0.996605042983	-0.0794365916695	0.0216367287562	0	0.0518000583069	-0.809262892105	-0.585158289814	0	0.0639928370116	-0.582050968547	0.810630327271	0	650.313202957	42.8121586158	133.129701039	1	1668093980.28	1
-0.996613674573	-0.0793086227189	0.0217085230057	0	0.0516542950195	-0.809272308453	-0.58515815507	0	0.0639762473486	-0.582055328917	0.810628507003	0	650.246190156	42.5888448114	133.106939689	1	1668093980.32	1
-0.996614794179	-0.0792794988527	0.0217664748053	0	0.0515994587189	-0.809300137474	-0.585124672112	0	0.0640039481141	-0.582020717895	0.810651242095	0	650.206132695	42.0700983239	133.129524257	1	1668093980.38	1
-0.996614913778	-0.079321531377	0.0216058288223	0	0.0517267086085	-0.809286798351	-0.585131806432	0	0.0638988601073	-0.582033483815	0.810650333054	0	650.231241904	41.5750023665	133.190513382	1	1668093980.43	1
-0.996616907609	-0.0793035538821	0.0215791888548	0	0.0517256762164	-0.80926871651	-0.585156870093	0	0.0638684016126	-0.582061050037	0.810632925589	0	650.217130263	41.3434639708	133.216549244	1	1668093980.47	1
-0.996620922895	-0.0792634988357	0.0215391762591	0	0.051715713032	-0.809262025414	-0.585166911313	0	0.0638132932807	-0.582075744693	0.810626674859	0	650.178041237	40.7650759757	133.236683241	1	1668093980.53	1
-0.996607057317	-0.0793935469547	0.0217021177859	0	0.0517284829207	-0.809281275946	-0.585139211745	0	0.0640194404678	-0.582031291271	0.810642361588	0	650.162746923	40.4367430649	133.224153968	1	1668093980.57	1
-0.996613159531	-0.0792962899546	0.0217793879179	0	0.0516043123105	-0.809288231855	-0.585140668468	0	0.0640252596612	-0.582034955868	0.81063931873	0	650.089949593	39.8894983421	133.212136062	1	1668093980.62	1
-0.996625514067	-0.0791457193926	0.0217617301978	0	0.0514918398307	-0.809290822016	-0.585146994348	0	0.0639234215535	-0.582051848349	0.810635226726	0	650.032910356	39.5695491012	133.205865709	1	1668093980.66	1
-0.99661040697	-0.0793844506916	0.0215842346658	0	0.0517938718072	-0.809314683603	-0.585087383995	0	0.0639152191528	-0.581986191132	0.810683034267	0	650.113351236	38.815724785	133.22161878	1	1668093980.72	1
-0.996621256805	-0.0792124440934	0.0217120964832	0	0.0515734173658	-0.809271177454	-0.585166880902	0	0.0639235083898	-0.582070017449	0.810622132385	0	650.011796422	38.4345413161	133.24481456	1	1668093980.75	1
-0.996614928862	-0.0792850504899	0.0217399335551	0	0.0516124084481	-0.809234868654	-0.585213786887	0	0.0639913680319	-0.58211070216	0.810587618834	0	649.984957564	37.8573811684	133.295363018	1	1668093980.81	1
-0.996629624648	-0.0791163192507	0.021678740001	0	0.0515172864346	-0.809297518906	-0.585135410166	0	0.0638383359407	-0.582046477379	0.810645753445	0	649.886782495	36.690371865	133.281604431	1	1668093980.9	1
-0.996614257564	-0.0792808986324	0.0217861633038	0	0.0515907437408	-0.809315627095	-0.585104028433	0	0.0640193939079	-0.581998996888	0.810665622272	0	649.895273815	36.1916433201	133.300192626	1	1668093980.94	1
-0.996628285116	-0.0791308982388	0.0216878757982	0	0.0515235654623	-0.809295106293	-0.585138236374	0	0.0638544046061	-0.582047879139	0.810643499257	0	649.855673071	35.4196741042	133.352584343	1	1668093981	1
-0.996649521247	-0.0789006577038	0.021552173496	0	0.0514094115003	-0.809244480847	-0.585218385581	0	0.0636150296902	-0.582149582138	0.810589328888	0	649.798022103	34.6403441895	133.433678802	1	1668093981.05	1
-0.996648337805	-0.0789276733119	0.0215047190246	0	0.0514577719607	-0.809229378306	-0.585234843045	0	0.0635935236433	-0.582166792603	0.810578581572	0	649.791232994	34.1939308744	133.483237326	1	1668093981.09	1
-0.996635885753	-0.0791231577816	0.0213634933624	0	0.0516968626802	-0.809195898812	-0.585260091615	0	0.0635949087783	-0.582186812188	0.810564106007	0	649.821963476	33.3876473358	133.523941652	1	1668093981.15	1
-0.996628776706	-0.0792222766676	0.0213297666558	0	0.0517952382231	-0.809173623021	-0.585282299743	0	0.0636268430979	-0.582204368016	0.810549035718	0	649.820271725	32.843278667	133.532910972	1	1668093981.19	1
-0.996619827128	-0.079265878807	0.0215823425946	0	0.0516813865945	-0.809162610729	-0.58530747441	0	0.0638585709224	-0.58221366007	0.810524089345	0	649.728995704	32.0295917001	133.554715393	1	1668093981.24	1
-0.996620715783	-0.0792856925468	0.0214676823949	0	0.0517640162871	-0.80915422781	-0.585311731902	0	0.0637775657816	-0.582222592277	0.810524038693	0	649.729429582	31.4708694099	133.589593337	1	1668093981.28	1
-0.996626790273	-0.079243426383	0.0213442964471	0	0.0517992231041	-0.809129999749	-0.585342268452	0	0.0636547900106	-0.582262125359	0.810505358529	0	649.696372948	30.5853570901	133.634601685	1	1668093981.34	1
-0.996615453588	-0.0793612192956	0.0214322710687	0	0.0518434494135	-0.80912570852	-0.585344093176	0	0.0637950971798	-0.582251913482	0.810501582029	0	649.681253298	29.9645700492	133.641849397	1	1668093981.38	1
-0.996621800688	-0.0792594141956	0.0215175248508	0	0.0517085625437	-0.809111896109	-0.585375325294	0	0.063806532225	-0.582285117734	0.810476915765	0	649.58805437	29.0490058987	133.620350939	1	1668093981.43	1
-0.996618949327	-0.0793110539658	0.0214548419723	0	0.0517857889166	-0.809094668374	-0.58539207103	0	0.0637871545594	-0.582301859825	0.810466311262	0	649.588520611	28.4366457202	133.631019511	1	1668093981.47	1
-0.996618693723	-0.0793158781647	0.0214506651927	0	0.0517878509952	-0.809055383042	-0.585446279841	0	0.063789994136	-0.582355851849	0.810427334098	0	649.53770209	27.5159599386	133.656400481	1	1668093981.53	1
-0.996636461898	-0.0791006120242	0.0214220883704	0	0.0516290530423	-0.809059280264	-0.585455033321	0	0.0636415504625	-0.582379794428	0.810421847889	0	649.424100517	26.6025764801	133.687035355	1	1668093981.58	1
-0.996633215071	-0.0791489751336	0.0213940499303	0	0.0516887904836	-0.809093357301	-0.585402642814	0	0.0636437777893	-0.582325862791	0.810460416114	0	649.404595537	25.7862432091	133.706413023	1	1668093981.62	1
-0.996639922056	-0.0790704463187	0.0213736525832	0	0.0516381741603	-0.809108275048	-0.585386582466	0	0.063580294338	-0.582315866457	0.81047261973	0	649.357987826	25.0541900982	133.727512345	1	1668093981.68	1
-0.996638301472	-0.0790692211191	0.0214509492046	0	0.0515926406943	-0.809115794858	-0.585380058984	0	0.0636418561163	-0.582305484689	0.810475185921	0	649.326302866	24.568958802	133.744895457	1	1668093981.71	1
-0.996643959497	-0.0789798289106	0.0215192386329	0	0.0514856290667	-0.809172623399	-0.585311031898	0	0.0636404848283	-0.582238719483	0.810523303684	0	649.231614355	22.9161984209	133.778886508	1	1668093981.77	1
-0.99665225236	-0.0788765024573	0.0215128275283	0	0.0514077273308	-0.809198105527	-0.585282578028	0	0.063573168608	-0.582217262013	0.810543969468	0	649.175710559	22.1291646992	133.784658002	1	1668093981.81	1
-0.996641470956	-0.0790354747668	0.02143031608	0	0.0515816369174	-0.80915704167	-0.585324136706	0	0.0636017922826	-0.582252834718	0.810516208169	0	649.195821883	20.9700931992	133.818806185	1	1668093981.87	1
-0.996630168672	-0.0792019810114	0.0213376715043	0	0.0517706545363	-0.809142590431	-0.585327244505	0	0.0636243421401	-0.582250166747	0.810516277988	0	649.229633677	20.2105567886	133.851599456	1	1668093981.9	1
-0.996641609168	-0.0789868193108	0.0216016554024	0	0.0514342595832	-0.809093173384	-0.585425334691	0	0.06371859959	-0.582348148655	0.81043853198	0	649.051128573	19.0617206774	133.820907914	1	1668093981.96	1
-0.996642930092	-0.0789913380415	0.0215234213086	0	0.0514855207772	-0.809107825668	-0.585400543401	0	0.0636563252397	-0.582327154229	0.810458496454	0	649.036158858	18.28113423	133.827096796	1	1668093982	1
-0.996638976381	-0.0790905492278	0.0213391311331	0	0.0516780266599	-0.809136371921	-0.585344000012	0	0.0635615081465	-0.582273937267	0.810504120514	0	649.040984623	17.0384872826	133.902275828	1	1668093982.06	1
-0.99665965598	-0.0788137531236	0.0213982777007	0	0.0514164722489	-0.809131608222	-0.585373669701	0	0.0634495480236	-0.582318122749	0.810481170204	0	648.89769234	16.1734918272	133.921010795	1	1668093982.11	1
-0.996665319125	-0.0787361763709	0.0214214311712	0	0.0513436112519	-0.809169964399	-0.585327117352	0	0.0634199804145	-0.582275368838	0.810514231639	0	648.807794615	14.9368367099	133.942218343	1	1668093982.15	1
-0.996664687886	-0.0787127207581	0.0215358324838	0	0.0512610169621	-0.809204365925	-0.585286749692	0	0.0634964146553	-0.58223069831	0.810540317211	0	648.715035259	13.6532517845	133.99249358	1	1668093982.2	1
-0.996652205126	-0.0788922876772	0.0214558044437	0	0.0514536671965	-0.80919375828	-0.585284483026	0	0.0635363651355	-0.582221118156	0.810544056348	0	648.737972635	12.7675997883	134.00726836	1	1668093982.24	1
-0.996641828692	-0.0790370893862	0.0214066789122	0	0.0516038553725	-0.809221122297	-0.585233525962	0	0.0635778571567	-0.582163513605	0.81058222049	0	648.722200009	11.4684637745	134.034535175	1	1668093982.3	1
-0.996650991332	-0.0788976689853	0.021494323032	0	0.0514366628381	-0.809205218249	-0.58527023995	0	0.0635697382778	-0.582204534532	0.810553396733	0	648.614611412	10.6095474873	134.050394252	1	1668093982.34	1
-0.996647355588	-0.078934667954	0.0215274586536	0	0.0514433790552	-0.809168000447	-0.585321127209	0	0.0636214071258	-0.582251261122	0.810515787525	0	648.538572662	9.30797968157	134.063573578	1	1668093982.39	1
-0.996645383935	-0.0789468387568	0.0215721679951	0	0.0514251534438	-0.809150146248	-0.585347306562	0	0.0636664559985	-0.582274351384	0.810495618361	0	648.481393649	8.42150261718	134.049390657	1	1668093982.43	1
-0.996646428855	-0.0789167265108	0.0216343794361	0	0.0513621636107	-0.809133440785	-0.58537595058	0	0.0637010534713	-0.582301661968	0.810473287944	0	648.436121129	8.02607847922	134.043276078	1	1668093982.49	1
-0.996630172936	-0.0791856619205	0.0213978459928	0	0.0517283941395	-0.809201307936	-0.58524979713	0	0.063658607347	-0.582170775259	0.810570611708	0	648.462610729	6.06558309195	134.125448852	1	1668093982.53	1
-0.996632766095	-0.0791518137707	0.0214031071883	0	0.0517057621822	-0.809275825606	-0.585148794952	0	0.0636366274827	-0.582071817789	0.810643420457	0	648.369450938	4.61179042278	134.171247726	1	1668093982.58	1
-0.996638442256	-0.0790741198616	0.0214248182156	0	0.0516290159675	-0.809271329982	-0.58516172637	0	0.063609701265	-0.582088584788	0.810633467752	0	648.284050517	3.6871318886	134.189564516	1	1668093982.62	1
-0.996639457855	-0.0790557053308	0.0214483423979	0	0.0515985010076	-0.809256728717	-0.585184764358	0	0.0636193733603	-0.582111491181	0.810616324945	0	648.235530257	3.09182659638	134.194250667	1	1668093982.67	1
-0.996635298662	-0.0790830134809	0.0215408066415	0	0.0515585865996	-0.809184086525	-0.585288730004	0	0.0637168356815	-0.582208759683	0.810538812595	0	648.085421993	0.892968045005	134.166319222	1	1668093982.73	1
-0.996642242962	-0.0789870662659	0.0215696601358	0	0.0514663410141	-0.809212508587	-0.585257450301	0	0.0636822342452	-0.582182210364	0.81056055821	0	647.994289204	-0.0956454767634	134.192800917	1	1668093982.77	1
-0.996633822437	-0.0790743044615	0.0216380913109	0	0.0515035822751	-0.809268035749	-0.585177341729	0	0.0637835647097	-0.582093143802	0.810616534909	0	647.926518962	-1.45580832334	134.2222168	1	1668093982.82	1
-0.996632821848	-0.0790763148924	0.0216777980408	0	0.0514860996109	-0.809306395424	-0.58512588252	0	0.0638136017266	-0.582039574552	0.810652659026	0	647.853592101	-2.5657000391	134.251457001	1	1668093982.86	1
-0.996630803597	-0.0790972183278	0.0216958447547	0	0.0514963276948	-0.80934065749	-0.58507767458	0	0.063837314812	-0.581989148671	0.810687030501	0	647.795965244	-3.56813210841	134.288170939	1	1668093982.92	1
-0.996630599023	-0.079087268034	0.0217417268379	0	0.0514606922804	-0.809335568046	-0.585087864424	0	0.0638693134741	-0.581997588283	0.810678457332	0	647.697346199	-4.99592480817	134.248484531	1	1668093982.96	1
-0.9966255513	-0.0791789727636	0.0216357063583	0	0.0515940317051	-0.809299524995	-0.585125790425	0	0.0638395044163	-0.582035110981	0.810653787274	0	647.662197467	-6.3923211522	134.265840675	1	1668093983.01	1
-0.996616935785	-0.0793248778816	0.0214976760747	0	0.0517922335786	-0.809279942666	-0.58513536453	0	0.063813507916	-0.582042472185	0.810650548844	0	647.673917377	-7.38312463357	134.325065981	1	1668093983.05	1
-0.996606672346	-0.0794598208459	0.0214790501876	0	0.0519152979604	-0.809296809744	-0.585101343933	0	0.0638749164019	-0.582000759429	0.81067575135	0	647.633735012	-8.78415146474	134.374930467	1	1668093983.11	1
-0.996613973574	-0.0793233412574	0.0216423678431	0	0.0517110968223	-0.809326476185	-0.585078296275	0	0.0639261091886	-0.581978057404	0.810687973604	0	647.509623385	-9.77025789522	134.37675222	1	1668093983.14	1
-0.996626763563	-0.0791476365806	0.0216977593345	0	0.0515373753635	-0.809349275291	-0.585062149978	0	0.0638673141832	-0.581970317127	0.810698191107	0	647.374160682	-11.1617165637	134.444337869	1	1668093983.2	1
-0.996621888615	-0.0792160238879	0.0216714811693	0	0.0515998536507	-0.809268341485	-0.585168554257	0	0.0638927532777	-0.582073529541	0.810622069801	0	647.323669114	-12.5563163532	134.461524024	1	1668093983.26	1
-0.996615612589	-0.0792807365146	0.0217204668178	0	0.0516197497416	-0.809229119048	-0.585220877537	0	0.0639736629583	-0.582119136374	0.810582869595	0	647.282244993	-13.471463645	134.441175505	1	1668093983.29	1
-0.996620443392	-0.0792273165214	0.0216981018028	0	0.0515897828121	-0.809235120796	-0.585215462585	0	0.0639238491225	-0.582118232455	0.810587550879	0	647.226580287	-14.249809481	134.469743409	1	1668093983.35	1
-0.996621128944	-0.0792406572334	0.0216161553809	0	0.0516534314822	-0.809276984525	-0.585151866624	0	0.0638612637248	-0.582058154661	0.81063558785	0	647.173534391	-15.7259103495	134.524701267	1	1668093983.39	1
-0.996630038983	-0.0791080195663	0.0216921075105	0	0.0515096315313	-0.809361502699	-0.585047695743	0	0.0638386719977	-0.581958710871	0.810708786075	0	647.066495312	-16.9596752558	134.52517366	1	1668093983.44	1
-0.996631652931	-0.0790904729531	0.0216807229722	0	0.0515030956318	-0.809371607987	-0.585034224329	0	0.0638183884029	-0.581946995614	0.810718764315	0	647.012110513	-18.0151128169	134.561251556	1	1668093983.48	1
-0.99662745645	-0.0791399930551	0.0216916363322	0	0.051528560607	-0.809292788099	-0.585140940322	0	0.0638629732249	-0.582049822891	0.810641402223	0	646.951126897	-19.2538394739	134.568212811	1	1668093983.54	1
-0.996618943355	-0.0792420128791	0.0217104902278	0	0.051598004947	-0.809266332951	-0.585171418615	0	0.0639397620895	-0.582072731958	0.810618903634	0	646.928371011	-20.0919928188	134.553345657	1	1668093983.58	1
-0.996617294075	-0.0792816407401	0.0216411835262	0	0.0516750621961	-0.80930236031	-0.585114778141	0	0.0639031608294	-0.582017233758	0.810661632447	0	646.885386414	-21.3459502664	134.610094536	1	1668093983.63	1
-0.996617658315	-0.0792655885923	0.021683169342	0	0.0516331713439	-0.809264901056	-0.585170284268	0	0.0639313351912	-0.582071503976	0.81062044467	0	646.82563645	-22.1521948229	134.649107088	1	1668093983.67	1
-0.996609607939	-0.0793648239616	0.0216904820291	0	0.0517089155041	-0.809254870319	-0.585177484053	0	0.0639956662428	-0.582071938729	0.810615063135	0	646.817443901	-22.8841061437	134.679062074	1	1668093983.73	1
-0.996605892004	-0.0794072471574	0.0217077401341	0	0.0517441075129	-0.809351834465	-0.585040354239	0	0.0640256102271	-0.581931386618	0.81071364739	0	646.76907286	-24.2093635942	134.688667908	1	1668093983.77	1
-0.996625092969	-0.0791812701133	0.0216517763616	0	0.0515969050067	-0.809395140986	-0.584993451065	0	0.0638453274648	-0.581901952196	0.810748996152	0	646.653591502	-25.4106128296	134.704487841	1	1668093983.82	1
-0.996610818807	-0.0793550900816	0.0216711246981	0	0.0517282545887	-0.809399934038	-0.584975147136	0	0.0639613687678	-0.58187155666	0.810761634518	0	646.644792397	-26.4041281802	134.750589443	1	1668093983.88	1
-0.99660915346	-0.0793770282173	0.0216668249842	0	0.0517465317457	-0.809379934492	-0.585001172269	0	0.063972373304	-0.581896362897	0.810742950037	0	646.599439759	-27.2701053669	134.781341516	1	1668093983.92	1
-0.996612505251	-0.0793269704193	0.0216955052574	0	0.0516871896393	-0.809365596313	-0.585026230073	0	0.0639679954416	-0.581923114481	0.810724083662	0	646.517389375	-28.3953298923	134.796459935	1	1668093983.97	1
-0.996608406113	-0.0793827718579	0.0216791975222	0	0.0517433329645	-0.809374015268	-0.585009592028	0	0.0639863210512	-0.581903776292	0.81073650621	0	646.508063462	-29.1093829862	134.819350558	1	1668093984.01	1
-0.99661051278	-0.0793765658166	0.0216080418551	0	0.0517799054879	-0.809373428132	-0.585007338101	0	0.0639247991234	-0.581905556398	0.810740153478	0	646.474405943	-29.9063735398	134.866673249	1	1668093984.07	1
-0.996601595874	-0.0794737341149	0.0216603549678	0	0.0518261447479	-0.80935022689	-0.585035247302	0	0.064025759999	-0.581924498423	0.810718550583	0	646.376857361	-31.8003723792	134.869546904	1	1668093984.16	1
-0.996599593425	-0.0794887111718	0.0216973630621	0	0.0518172134859	-0.809355154069	-0.585029214506	0	0.0640641067648	-0.581915594749	0.810721909004	0	646.342556496	-32.4845650264	134.844011642	1	1668093984.2	1
-0.996601721858	-0.0794478944742	0.0217484647411	0	0.0517482470821	-0.809304325253	-0.585105599182	0	0.0640865703722	-0.581991835062	0.810665391417	0	646.271208943	-33.4439032959	134.851627945	1	1668093984.26	1
-0.996601605103	-0.079449620974	0.0217467493397	0	0.0517498664118	-0.809296938092	-0.585115631687	0	0.064086855422	-0.582001842804	0.810658166334	0	646.264492311	-33.5939242288	134.854867857	1	1668093984.3	1
-0.996595592338	-0.0795485347116	0.0216603421156	0	0.0518846361967	-0.809325513564	-0.585064159355	0	0.0640713333428	-0.581948585932	0.810697621277	0	646.230980453	-34.993336607	134.95678149	1	1668093984.35	1
-0.99662649963	-0.07915067249	0.0216989966716	0	0.0515375173538	-0.809334597189	-0.585082452386	0	0.0638713736298	-0.581990323794	0.810683513265	0	646.055001878	-35.9016208376	134.948814958	1	1668093984.41	1
-0.996628985926	-0.0791123888837	0.021721448486	0	0.0514932413138	-0.809336031819	-0.585084203515	0	0.0638674190697	-0.581993421976	0.810681531792	0	646.033778246	-36.0030143663	134.946569548	1	1668093984.45	1
-0.996595335066	-0.0795285852069	0.0217450275221	0	0.0518281845923	-0.809412400972	-0.584948939472	0	0.0641209342529	-0.581830449147	0.810778484342	0	646.098176352	-37.3474166322	134.996996133	1	1668093984.5	1
-0.99659969643	-0.0794552786458	0.0218133257761	0	0.0517253344689	-0.809387005241	-0.584993198971	0	0.0641362869129	-0.581875803242	0.810744728283	0	646.030613397	-37.8975966862	135.001444017	1	1668093984.54	1
-0.996604527314	-0.0793975734858	0.0218057598102	0	0.0516782810819	-0.809348472432	-0.585050834774	0	0.0641000348033	-0.581937390167	0.81070346164	0	645.968870675	-38.7201045162	135.016163514	1	1668093984.6	1
-0.996608152484	-0.0793332750704	0.0218731895384	0	0.0515824982886	-0.809315534145	-0.585104805725	0	0.0641205807906	-0.581991935054	0.810662661849	0	645.904850908	-39.2106765048	135.010861986	1	1668093984.63	1
-0.99659115521	-0.0795787175019	0.0217538972007	0	0.0518586546093	-0.809364200064	-0.585012969939	0	0.0641614601259	-0.581890671164	0.810732074894	0	645.965579803	-39.9204297457	135.035121491	1	1668093984.69	1
-0.996610661172	-0.0793347435598	0.0217542442197	0	0.0516579306256	-0.809355693024	-0.58504265442	0	0.0640210828947	-0.581935924573	0.810710757097	0	645.857544979	-40.5342296946	135.023830042	1	1668093984.73	1
-0.996620264612	-0.0792189654091	0.0217330120917	0	0.0515762319746	-0.809359905641	-0.585043858835	0	0.0639364624925	-0.581945716864	0.810710331657	0	645.794006326	-41.1256873334	135.040983403	1	1668093984.79	1
-0.996615320512	-0.0792618202089	0.0218033691966	0	0.0515704801072	-0.809364481309	-0.585038035773	0	0.064018116873	-0.581933517648	0.810712644663	0	645.780338287	-41.3775128233	135.055568095	1	1668093984.83	1
-0.99660181203	-0.0794287057617	0.0218138224401	0	0.0516999319578	-0.809356413773	-0.585037788786	0	0.0641240050093	-0.58192199555	0.810712554206	0	645.774756601	-42.4223519048	135.096613077	1	1668093984.88	1
-0.996595242649	-0.0795651271361	0.0216179690982	0	0.0519264514045	-0.809356547599	-0.58501765591	0	0.0640436298085	-0.58190325101	0.810732409973	0	645.835066815	-42.8425317215	135.117436847	1	1668093984.92	1
-0.996610590228	-0.0793566468228	0.0216759708206	0	0.0517146468351	-0.809290443813	-0.585127818035	0	0.063975942779	-0.582023619544	0.810651330426	0	645.730426375	-43.3554326642	135.092094434	1	1668093984.98	1
-0.996615811872	-0.0792496059524	0.0218254984885	0	0.0515381218034	-0.809279269133	-0.585158765554	0	0.0640365826213	-0.582053684939	0.810624920694	0	645.626874901	-44.1178451129	135.082387585	1	1668093985.03	1
-0.996615020458	-0.079255033299	0.0218451902149	0	0.0515336085436	-0.809303531487	-0.585125787815	0	0.0640534953789	-0.582019335186	0.810648324219	0	645.600579674	-44.5442980904	135.100455163	1	1668093985.07	1
-0.996611565174	-0.0792980327149	0.0218436713367	0	0.0515701253478	-0.809307216965	-0.585117300517	0	0.0640769436682	-0.582008234692	0.810654367886	0	645.586175873	-45.1070287218	135.113985135	1	1668093985.13	1
-0.996605187942	-0.0794008366624	0.021762837237	0	0.0517013017297	-0.809304326334	-0.585109822544	0	0.0640709559744	-0.581998307001	0.810662010913	0	645.619208858	-45.4768020367	135.129226585	1	1668093985.17	1
-0.996588624892	-0.0796083977962	0.0217624709617	0	0.0518724892236	-0.809315384681	-0.585079342693	0	0.06418994019	-0.581954551781	0.810683996403	0	645.659833845	-45.9763461527	135.15211939	1	1668093985.22	1
-0.996595632582	-0.0795360561357	0.0217035930702	0	0.0518467430109	-0.809304549289	-0.585096480084	0	0.0641011761414	-0.581979420005	0.810673111621	0	645.628176187	-46.3374938779	135.168204772	1	1668093985.26	1
-0.996602613088	-0.0794782242728	0.0215990503651	0	0.0518601799995	-0.809299405852	-0.585102645364	0	0.063982956759	-0.581994639506	0.810671626837	0	645.605511532	-46.8214361524	135.196359093	1	1668093985.32	1
-0.996617653456	-0.0792973359121	0.0215687716665	0	0.0517288594956	-0.80928852039	-0.585129263791	0	0.0638545295783	-0.58203440648	0.810653176063	0	645.511081373	-47.606104142	135.238959621	1	1668093985.41	1
-0.996617388456	-0.0792760503518	0.0216609225554	0	0.0516567415344	-0.809283281794	-0.585142982015	0	0.063917560616	-0.58204466	0.810640889725	0	645.475522442	-47.8013999903	135.244342982	1	1668093985.45	1
-0.996602985407	-0.0794685711807	0.0216147590216	0	0.0518470522931	-0.809335254757	-0.585054076412	0	0.0639870286677	-0.581946005285	0.810706157706	0	645.520804018	-48.3151280286	135.272644079	1	1668093985.51	1
-0.996603922501	-0.0794549650182	0.021623130505	0	0.0518353009578	-0.809374530842	-0.585000866961	0	0.0639824105804	-0.581893295601	0.810744392159	0	645.50468517	-48.6735803934	135.243190617	1	1668093985.56	1
-0.996607127535	-0.0793969645164	0.0216898933718	0	0.0517486348223	-0.809374410063	-0.585008791295	0	0.0640030891003	-0.581901438526	0.810736951216	0	645.466274504	-48.8785731769	135.218008667	1	1668093985.6	1
-0.996612172632	-0.0792892066911	0.0218483567709	0	0.0515621573397	-0.80932544638	-0.585092807941	0	0.0640740148402	-0.581984101431	0.810671933771	0	645.380145184	-49.2669619624	135.177410642	1	1668093985.66	1
-0.996615613165	-0.0792399051799	0.0218728220137	0	0.0515027278217	-0.809282725184	-0.585157272735	0	0.0640690525447	-0.582050317915	0.810624844817	0	645.346551997	-49.4768960867	135.169251101	1	1668093985.7	1
-0.996614606043	-0.0792848360914	0.0217547685694	0	0.0516122303825	-0.809313946274	-0.585104397432	0	0.0639963210428	-0.582000755841	0.810666155462	0	645.373495662	-49.7769941064	135.207858344	1	1668093985.75	1
-0.996611762492	-0.079322676239	0.021747895039	0	0.0516481051532	-0.809322217158	-0.585089835593	0	0.0640118951917	-0.581984128656	0.810676881463	0	645.372076221	-49.9647085719	135.23052551	1	1668093985.79	1
-0.996611130892	-0.0793182590032	0.021792569867	0	0.0516174231154	-0.809314510714	-0.585103184475	0	0.0640463696586	-0.581995434626	0.810666034102	0	645.345365498	-50.2068295917	135.240018637	1	1668093985.85	1
-0.996610536929	-0.0793114143411	0.0218423275251	0	0.0515813387575	-0.80930256205	-0.585122768583	0	0.0640840064204	-0.582012896564	0.810650470219	0	645.323110796	-50.3311188455	135.238380668	1	1668093985.89	1
-0.996607487299	-0.0793393101592	0.0218795669938	0	0.0515814262756	-0.809294657478	-0.585133662419	0	0.0641311782618	-0.582020064301	0.810641580319	0	645.313060694	-50.5275744695	135.240542563	1	1668093985.94	1
-0.996606562584	-0.0793425426335	0.0219116367966	0	0.0515639616113	-0.809283335437	-0.585150954952	0	0.0641600875198	-0.582035431385	0.810628299119	0	645.303932494	-50.6429426414	135.235064211	1	1668093985.98	1
-0.996615177429	-0.0792850179163	0.0217284996726	0	0.0516237101779	-0.809276823952	-0.585154761128	0	0.0639783334916	-0.582052371133	0.810630530388	0	645.311084711	-50.9138736545	135.243693247	1	1668093986.08	1
-0.996613636648	-0.0793146399263	0.0216873098129	0	0.0516725303512	-0.809279973625	-0.585145891059	0	0.0639618283889	-0.582043814968	0.810637889683	0	645.323865588	-51.0007338179	135.25418362	1	1668093986.13	1
-0.996597850826	-0.0795210786274	0.0216579754593	0	0.0518610191796	-0.809302444635	-0.585098203516	0	0.0640555363518	-0.581984446809	0.810673143164	0	645.383452155	-51.1702457425	135.284704811	1	1668093986.19	1
-0.996606654303	-0.0794015535881	0.0216912247544	0	0.0517409367997	-0.809276811268	-0.58514427972	0	0.0640156191902	-0.582036402903	0.810638990801	0	645.341197699	-51.2595111329	135.268115073	1	1668093986.28	1
-0.996615208554	-0.0792906506385	0.0217041340334	0	0.0516402090873	-0.809254473388	-0.585184084504	0	0.0639638343283	-0.582082588457	0.81060992169	0	645.299693793	-51.3365536575	135.259514906	1	1668093986.42	1
