-0.996859663278	-0.0761268457477	0.0218059053349	0	-0.0210066639659	-0.0112839151384	-0.999715639854	0	0.0763512719235	-0.997034281721	0.0096493088391	0	625.269348222	57.2415746172	112.39559611	1	1668092427.69	1
-0.9968667763	-0.0760331882029	0.0218062560793	0	-0.0210080830227	-0.0112818489866	-0.999715582814	0	0.0762576499586	-0.99704142438	0.00964918914942	0	625.276608045	57.1618057914	112.395779952	1	1668092429.36	1
-0.996859327617	-0.0761302637668	0.0218089564849	0	-0.0210097604099	-0.0112830053459	-0.999715570402	0	0.076354714038	-0.997034023102	0.00964809063668	0	625.286162587	57.0596691063	112.395815087	1	1668092429.46	1
-0.996848806814	-0.0762664739513	0.0218138893145	0	-0.021013288004	-0.0112842795711	-0.999715479799	0	0.0764909642657	-0.99702359763	0.00964611136743	0	625.304637096	56.8598583548	112.395875211	1	1668092429.55	1
-0.99685781256	-0.0761484929737	0.0218141358289	0	-0.0210149063242	-0.0112813269836	-0.999715463723	0	0.0763729705547	-0.99703264055	0.00964562567372	0	625.311880159	56.7790506051	112.395838951	1	1668092429.59	1
-0.996872605034	-0.0759553161845	0.0218139097833	0	-0.0210168404698	-0.0112775761497	-0.99971555805	0	0.0761796718101	-0.997047468226	0.00964596578715	0	625.323413827	56.6542421651	112.395941645	1	1668092429.64	1
-0.996854143431	-0.0761948477627	0.0218211256488	0	-0.0210215593423	-0.0112801133234	-0.999715385692	0	0.0764193067642	-0.997029138913	0.00964289319228	0	625.347528453	56.3922153009	112.396114953	1	1668092429.74	1
-0.996860989561	-0.076105148271	0.0218218003353	0	-0.0210232689138	-0.0112779854622	-0.99971539001	0	0.0763295768097	-0.997036022733	0.00964260469105	0	625.357435376	56.2840228907	112.396199545	1	1668092429.79	1
-0.996868595751	-0.0760048142985	0.0218252288826	0	-0.0210279335926	-0.0112746726665	-0.999715378242	0	0.0762291841711	-0.997043740264	0.00964114267968	0	625.382170889	56.0120977627	112.396328425	1	1668092429.83	1
-0.996870887206	-0.0759734139723	0.0218302691708	0	-0.0210333355451	-0.0112741122626	-0.999715286243	0	0.0761978139048	-0.997046148046	0.00964085968729	0	625.406246858	55.7429874523	112.39653775	1	1668092429.89	1
-0.996872228472	-0.0759540470552	0.0218337439237	0	-0.0210370355784	-0.0112737565488	-0.999715103802	0	0.076178586904	-0.997047568823	0.00964064692924	0	625.423555114	55.5504110745	112.396689357	1	1668092429.92	1
-0.996867433197	-0.0760156321195	0.021839297609	0	-0.0210418813298	-0.0112754111701	-0.999715021453	0	0.0762402057072	-0.997042877442	0.00964057824445	0	625.447714728	55.2827854243	112.397162401	1	1668092429.98	1
-0.996866734475	-0.0760237196905	0.0218433804576	0	-0.0210458183236	-0.0112764448155	-0.999714940822	0	0.0762483385003	-0.99704225664	0.00964113123861	0	625.466119963	55.0768078896	112.397556772	1	1668092430.02	1
-0.996870110045	-0.0759758494212	0.021853287336	0	-0.0210563441173	-0.0112747957634	-0.999714632109	0	0.0762006477994	-0.997045867006	0.00963973356618	0	625.49492093	54.720348456	112.396392994	1	1668092430.08	1
-0.996871312509	-0.0759639466519	0.0218433346313	0	-0.0210462081713	-0.0112783258224	-0.999714949276	0	0.0761885829569	-0.997046811715	0.00964428620181	0	625.527288594	54.4771684566	112.402454867	1	1668092430.11	1
-0.9968587735	-0.0761311524775	0.021831357279	0	-0.0210318512616	-0.0112877776391	-0.999715059617	0	0.0763559123778	-0.997033905333	0.00965114118482	0	625.577462182	54.0876419213	112.411666379	1	1668092430.17	1
-0.996857996807	-0.0761406795041	0.021832130763	0	-0.0210324935142	-0.0112883152568	-0.999714980354	0	0.0763655153491	-0.997033139428	0.00965141929567	0	625.595451765	53.9063398002	112.412878221	1	1668092430.21	1
-0.996862220541	-0.076086100986	0.0218318282188	0	-0.0210326089095	-0.0112897620679	-0.999715054251	0	0.0763108864626	-0.997037339722	0.00965404804339	0	625.644865862	53.4157943491	112.417071512	1	1668092430.26	1
-0.996872309087	-0.0759533009302	0.0218327849026	0	-0.0210350410768	-0.0112873679909	-0.999714997314	0	0.0761781137447	-0.997047474441	0.00965438387422	0	625.673883059	53.1041347872	112.418562713	1	1668092430.3	1
-0.99686916394	-0.0759999944059	0.0218131936461	0	-0.0210144102167	-0.0112943053867	-0.99971532445	0	0.076224779522	-0.997043822383	0.00966184990214	0	625.712038733	52.8745426168	112.428635727	1	1668092430.36	1
-0.996866473305	-0.0760433123933	0.0217849862636	0	-0.0209848750024	-0.0113051071897	-0.999715815314	0	0.0762680472569	-0.997040393055	0.00967392315128	0	625.804083731	52.1630322191	112.446179671	1	1668092430.41	1
-0.99686765852	-0.0760303263977	0.0217760751845	0	-0.0209758569979	-0.011307824511	-0.999715973837	0	0.0762550354353	-0.997041352586	0.00967760351199	0	625.843703905	51.8260606028	112.452367436	1	1668092430.45	1
-0.996852204518	-0.0762354680187	0.0217678678975	0	-0.0209650983483	-0.0113147501288	-0.99971618428	0	0.0764601248578	-0.997025643693	0.00968084950969	0	625.90432077	51.2866256234	112.460951283	1	1668092430.51	1
-0.996864179557	-0.0760810752792	0.0217599232098	0	-0.0209586910487	-0.0113140117983	-0.999716338587	0	0.0763056692334	-0.997037451645	0.0096839732784	0	625.947045519	50.8906244165	112.466508158	1	1668092430.55	1
-0.996869677855	-0.076011539062	0.0217499091412	0	-0.0209491972311	-0.0113156947578	-0.999716472376	0	0.0762361358769	-0.997042711233	0.00968789237973	0	626.009757082	50.3064683752	112.474808332	1	1668092430.6	1
-0.996870108802	-0.0760089265053	0.0217397792375	0	-0.0209388556224	-0.0113184173138	-0.999716678241	0	0.0762334627181	-0.997042890343	0.00969145200079	0	626.055952629	49.9014535181	112.482093748	1	1668092430.64	1
-0.996866167534	-0.0760651597231	0.0217218601505	0	-0.0209198290418	-0.0113250616781	-0.999716922068	0	0.0762897253458	-0.997038483488	0.00969830103584	0	626.129813079	49.2649880385	112.494520552	1	1668092430.7	1
-0.996857767789	-0.0761791340046	0.0217115421626	0	-0.0209079684238	-0.0113302923362	-0.999717257272	0	0.0764035321228	-0.99702980152	0.00970193878286	0	626.177028262	48.8544573075	112.502384683	1	1668092430.74	1
-0.99685786296	-0.076179655408	0.0217025472923	0	-0.0208987443596	-0.0113328853112	-0.999717307679	0	0.076404133264	-0.997029670991	0.00970521690417	0	626.217399227	48.4914389862	112.508789859	1	1668092430.79	1
-0.996856475538	-0.0762029610766	0.0216861993022	0	-0.0208816766334	-0.0113386912739	-0.999717669268	0	0.0764273243716	-0.997027862318	0.00971180217411	0	626.299079376	47.7359375595	112.521496569	1	1668092430.83	1
-0.99686481621	-0.0760990983019	0.0216664216086	0	-0.0208625713643	-0.0113424252104	-0.999717982029	0	0.0763234184636	-0.997035728958	0.0097192418669	0	626.379194838	47.0070318271	112.534694035	1	1668092430.89	1
-0.996863920296	-0.0761151528079	0.0216520552066	0	-0.0208476511887	-0.0113470692089	-0.999718273371	0	0.076339392931	-0.997034468374	0.00972466172673	0	626.452989888	46.3067095579	112.546008472	1	1668092430.94	1
-0.996867257276	-0.0760744453175	0.0216404980289	0	-0.0208362695939	-0.0113495481082	-0.99971844285	0	0.0762986749884	-0.997037525523	0.00972888538249	0	626.50785437	45.7833871681	112.55461603	1	1668092430.98	1
-0.996865381834	-0.0761012307131	0.0216322541805	0	-0.0208267107002	-0.0113629951953	-0.999718470845	0	0.0763256721385	-0.997035318278	0.00974243844009	0	626.582717162	45.0560735867	112.561731249	1	1668092431.03	1
-0.996874084803	-0.0759884863334	0.0216275808491	0	-0.0208223955042	-0.0113725907196	-0.999718453503	0	0.0762131105764	-0.997043808984	0.00975477885433	0	626.642293424	44.4570400212	112.565777881	1	1668092431.07	1
-0.996869635035	-0.0760559187619	0.0215976508958	0	-0.0207896631212	-0.0113994511609	-0.999718910182	0	0.0762807109321	-0.99703840472	0.0097825896771	0	626.7389103	43.6954906029	112.581182656	1	1668092431.13	1
-0.996868432889	-0.0760749031198	0.021583631282	0	-0.0207743213497	-0.0114137683205	-0.999718959446	0	0.076299957291	-0.997036735031	0.00979762116076	0	626.800365158	43.1589282702	112.58921263	1	1668092431.16	1
-0.996867911889	-0.0760837451199	0.021580283435	0	-0.0207683763704	-0.0114464313561	-0.999718860652	0	0.0763092933231	-0.997035767707	0.00983044398128	0	626.891948589	42.2774336431	112.591612457	1	1668092431.22	1
-0.996871613392	-0.0760307832043	0.0215926647566	0	-0.0207808974354	-0.011451919921	-0.999718405331	0	0.0762567142457	-0.99703967318	0.00983610621249	0	626.944122836	41.6944020728	112.594810903	1	1668092431.26	1
-0.996865645415	-0.076100918573	0.0216204833261	0	-0.0208088975163	-0.0114415263752	-0.999717917085	0	0.0763269132936	-0.997034428299	0.0098220886863	0	627.030593055	40.8275984995	112.620226984	1	1668092431.31	1
-0.996866056531	-0.076091843786	0.0216349729978	0	-0.0208226741973	-0.0114525510577	-0.99971756486	0	0.0763181530705	-0.997035027289	0.00983222382762	0	627.093509563	40.2261694805	112.629076216	1	1668092431.35	1
-0.996868308823	-0.076066006222	0.0216217412753	0	-0.0208080529802	-0.0114735555608	-0.999717616072	0	0.0762926426342	-0.997036750635	0.00985483857977	0	627.198543581	39.3242343236	112.650084069	1	1668092431.4	1
-0.996862510559	-0.0761433134072	0.0216172123138	0	-0.0208007375382	-0.0114997604824	-0.999717477349	0	0.0763704210383	-0.997030553277	0.00987984312724	0	627.275192388	38.6583599272	112.66006338	1	1668092431.44	1
-0.996859334732	-0.0761875861213	0.0216074517694	0	-0.0207878686172	-0.0115342121549	-0.999717339272	0	0.0764153124315	-0.997026768416	0.00991420966004	0	627.38261237	37.6703628867	112.673092502	1	1668092431.5	1
-0.996866269126	-0.0761019264932	0.0215903583864	0	-0.020769989602	-0.0115549927761	-0.999717509887	0	0.0763298995576	-0.997033090861	0.00993814629673	0	627.493025329	36.648410145	112.694620339	1	1668092431.56	1
-0.996864837463	-0.0761104031024	0.021625132761	0	-0.0208035143437	-0.0115715089443	-0.999716564635	0	0.0763391223112	-0.997032221329	0.00995186672815	0	627.55433731	35.946166022	112.697755549	1	1668092431.59	1
-0.996857607131	-0.076205265482	0.0216249254864	0	-0.0208014042049	-0.0115839362338	-0.999716487729	0	0.0764341934208	-0.997024843484	0.00996235854144	0	627.631768538	35.2420895786	112.705617107	1	1668092431.65	1
-0.996857506922	-0.0762186734184	0.021583790511	0	-0.0207634628909	-0.011538990066	-0.999717858243	0	0.0764461886892	-0.997024373346	0.00992016514148	0	627.759433762	34.1694599189	112.72798406	1	1668092431.69	1
-0.996859118351	-0.0761824106331	0.0216359831687	0	-0.020819984823	-0.0114891762536	-0.999717202391	0	0.0764094688242	-0.997027690837	0.00986697356078	0	627.844553267	33.1370845608	112.743077408	1	1668092431.74	1
-0.996860947995	-0.0761506933538	0.0216624869349	0	-0.0208461030506	-0.0114993109606	-0.999716507831	0	0.0763782680026	-0.997029978716	0.00987576904004	0	627.913746085	32.3630033595	112.735690174	1	1668092431.78	1
-0.996867267694	-0.0760680202785	0.0216614304039	0	-0.0208456482263	-0.0115021424993	-0.999716456402	0	0.0762956941292	-0.997036241633	0.00988042250094	0	628.026517474	31.2536123464	112.732137775	1	1668092431.84	1
-0.996863081067	-0.076125476665	0.0216548990238	0	-0.0208377446851	-0.0115123555661	-0.9997166104	0	0.0763531770738	-0.99703179632	0.00988995890054	0	628.101302652	30.5227250418	112.734364749	1	1668092431.87	1
-0.99686481846	-0.0760984324786	0.0216684079728	0	-0.0208506882166	-0.0115237634399	-0.999716146055	0	0.0763265757608	-0.997033694917	0.00990092981559	0	628.214694781	29.3061229125	112.742172198	1	1668092431.93	1
-0.996869821456	-0.0760314024141	0.0216744437078	0	-0.0208577131914	-0.0115197816771	-0.999716081736	0	0.0762595039864	-0.997038874392	0.00989788153106	0	628.290570927	28.5096769268	112.756240942	1	1668092431.97	1
-0.996862126685	-0.0761377578741	0.0216564546851	0	-0.0208400855808	-0.0115005651542	-0.999716729536	0	0.0763651917626	-0.997031012066	0.00987776022855	0	628.425447871	27.2971908484	112.800882908	1	1668092432.02	1
-0.996865198769	-0.0760889688204	0.0216862214762	0	-0.0208686664269	-0.0115235046486	-0.999715858062	0	0.0763172019883	-0.997034465732	0.00989950526772	0	628.548218297	26.1030202774	112.808421354	1	1668092432.08	1
-0.996866814725	-0.0760579167552	0.0217190953279	0	-0.0209008963483	-0.011537192526	-0.999714956241	0	0.0762868422849	-0.997036638453	0.00991136583132	0	628.631203689	25.206872949	112.810408201	1	1668092432.12	1
-0.996868617512	-0.0760283284673	0.0217399808137	0	-0.0209221621879	-0.0115368557969	-0.999714517135	0	0.0762574607091	-0.997038900014	0.00991005256397	0	628.692506718	24.5353010562	112.81849584	1	1668092432.17	1
-0.996868738857	-0.0760340123349	0.0217160519012	0	-0.0209052711455	-0.0114432067554	-0.999716008698	0	0.0762608800355	-0.9970395793	0.00981786329683	0	628.840037243	23.1001539894	112.838122324	1	1668092432.21	1
-0.996862039171	-0.0761358244725	0.0216660702069	0	-0.0208583884811	-0.0113877499386	-0.999717590508	0	0.0763610432535	-0.997032428227	0.00976394499418	0	628.998132503	21.7721327386	112.863328968	1	1668092432.27	1
-0.996862077482	-0.0761398496712	0.0216488024292	0	-0.0208415072876	-0.0113815431217	-0.999717958617	0	0.0763648231374	-0.997032162133	0.00975895967385	0	629.047311628	21.3935070931	112.86937425	1	1668092432.31	1
-0.996864422728	-0.0761100212917	0.021646147651	0	-0.0208365695397	-0.0114150858722	-0.999717697254	0	0.0763356596027	-0.997034065931	0.00979342135176	0	629.264484833	19.5219250551	112.879742837	1	1668092432.36	1
-0.996860959669	-0.0761523530886	0.0216566256476	0	-0.0208436777016	-0.011454024067	-0.999717098937	0	0.0763789019008	-0.997030384417	0.00983077445344	0	629.371674247	18.5909863325	112.873854345	1	1668092432.4	1
-0.99686002336	-0.076159950553	0.0216734454359	0	-0.0208580466813	-0.0114856606443	-0.999716454219	0	0.0763873071342	-0.997029449866	0.00986104819819	0	629.518232756	17.1836235161	112.871905823	1	1668092432.45	1
-0.996860743271	-0.0761491100966	0.0216795291262	0	-0.0208644146241	-0.0114835791043	-0.999716389939	0	0.0763764415129	-0.997030326047	0.0098587224843	0	629.529431527	17.0446042321	112.87275317	1	1668092432.49	1
-0.996858416841	-0.0761497681163	0.0217853405579	0	-0.0209787177937	-0.0113765965574	-0.999715277923	0	0.0763758378778	-0.997031533057	0.00974333121485	0	629.705062398	14.8378797042	112.922677938	1	1668092432.55	1
-0.996859585212	-0.0761348620193	0.0217806436293	0	-0.0209754142938	-0.0113601407203	-0.999715399047	0	0.0763606790214	-0.997032785788	0.00972750508304	0	629.803487674	13.86097843	112.94680499	1	1668092432.59	1
-0.996867060712	-0.0760536923977	0.0217248453979	0	-0.0209172986717	-0.0113987226504	-0.999716292637	0	0.0762796809146	-0.997038602662	0.00977217309566	0	629.984935954	12.3225811391	112.975722491	1	1668092432.64	1
-0.996866671297	-0.076067212298	0.0216940514937	0	-0.0208845926834	-0.0114208258728	-0.999716671238	0	0.0762934112155	-0.997037289688	0.00979640787892	0	630.093998313	11.3686415421	112.99062109	1	1668092432.7	1
-0.996873327659	-0.0759928359212	0.0216472015611	0	-0.0208379376226	-0.0114261187236	-0.999717519854	0	0.0762187692736	-0.997042865775	0.0098068592236	0	630.261534201	9.70240255631	113.024443498	1	1668092432.74	1
-0.996871720998	-0.076026961396	0.0216038333146	0	-0.0207920468757	-0.0114530763877	-0.999718268242	0	0.0762529197833	-0.997040009783	0.00983649163132	0	630.433191484	8.09190867807	113.053863527	1	1668092432.8	1
-0.996867925085	-0.0760496567602	0.0216988995458	0	-0.0208885617581	-0.011434756036	-0.99971646599	0	0.0762761629611	-0.997038489222	0.00981037338481	0	630.516832665	7.05198557903	113.061110285	1	1668092432.83	1
-0.996859722259	-0.0761158389555	0.0218402297049	0	-0.0210340614124	-0.0113770637338	-0.999713952156	0	0.0763426216666	-0.997034033237	0.0097403116347	0	630.639036512	5.50628434858	113.093085704	1	1668092432.89	1
-0.996860586263	-0.0760852170367	0.0219105253722	0	-0.0211083518569	-0.0113314124867	-0.99971303285	0	0.0763116002824	-0.997036959711	0.0096898047558	0	630.711947638	4.50892354886	113.115592754	1	1668092432.92	1
-0.996861661074	-0.0760787015815	0.0218830876079	0	-0.0210757198312	-0.0113990888841	-0.999712905208	0	0.0763062973382	-0.997036660146	0.00975990124624	0	630.886680582	2.82783956321	113.124574183	1	1668092432.98	1
-0.996866306042	-0.0760305275889	0.0218379640625	0	-0.0210277179845	-0.0114412213025	-0.999713397667	0	0.0762586202099	-0.997039832236	0.00980661963072	0	631.017748369	1.72006155495	113.126470521	1	1668092433.02	1
-0.996862978765	-0.0760797981883	0.0218200949014	0	-0.0210094817517	-0.0114389966046	-0.999713881796	0	0.0763075795461	-0.99703614009	0.00980471491798	0	631.20178803	0.0643882624442	113.120471198	1	1668092433.07	1
-0.996868787665	-0.075994843574	0.0218510529902	0	-0.0210419865758	-0.0114308793651	-0.999713303989	0	0.0762227681254	-0.997042719113	0.00979600414849	0	631.304183862	-1.02109442442	113.120021395	1	1668092433.11	1
-0.996864973635	-0.0760567986805	0.0218076403082	0	-0.0209977852135	-0.0114315909655	-0.99971415147	0	0.0762843685624	-0.997037946857	0.00979872835545	0	631.502442662	-2.66862859258	113.160176017	1	1668092433.17	1
-0.996864975222	-0.0760680896067	0.0217683745435	0	-0.0209561482268	-0.0114596566194	-0.999714712905	0	0.0762958512624	-0.997036768227	0.00982963616798	0	631.655657249	-3.89029031968	113.185964275	1	1668092433.22	1
-0.99686409883	-0.0760985028568	0.0217010346664	0	-0.020886336528	-0.0114855031129	-0.999715833793	0	0.0763261771105	-0.997034126467	0.00986006695713	0	631.839715818	-5.48039428034	113.214668995	1	1668092433.26	1
-0.996862635546	-0.07614144808	0.0216173846848	0	-0.0208000758632	-0.0115108989676	-0.999717337372	0	0.0763688158491	-0.99703055336	0.00989103738658	0	632.043945955	-7.14559525956	113.255431334	1	1668092433.32	1
-0.996860802197	-0.0761580671285	0.0216433318002	0	-0.0208321492007	-0.0114297473618	-0.999717599124	0	0.07638399405	-0.997030216841	0.00980733111021	0	632.146493631	-8.2686945215	113.295858171	1	1668092433.36	1
-0.996863939205	-0.0760649103457	0.0218251988056	0	-0.0210270367543	-0.0112783898823	-0.999715218688	0	0.0762894786355	-0.99703904138	0.00964360076598	0	632.236110897	-9.91385980008	113.308763033	1	1668092433.41	1
-0.996862437594	-0.0760614229354	0.02190605884	0	-0.0211119897266	-0.0112283604828	-0.999714002401	0	0.0762857039123	-0.997039878047	0.00958732304265	0	632.321329067	-11.0428917727	113.304104557	1	1668092433.45	1
-0.996861123701	-0.0760969967211	0.0218428045124	0	-0.0210478819598	-0.0112326610966	-0.999715330104	0	0.0763207261687	-0.997037128264	0.00959572269252	0	632.517930747	-12.6865727742	113.33577706	1	1668092433.51	1
-0.99686477588	-0.0760637459076	0.021794476542	0	-0.0209985765131	-0.0112478190257	-0.999716301922	0	0.0762872328396	-0.997039551682	0.00961532394509	0	632.650051035	-13.8656184043	113.35167028	1	1668092433.55	1
-0.996864950513	-0.0760722299587	0.021753115287	0	-0.0209524521332	-0.0113074520446	-0.99971644571	0	0.0762967201681	-0.997038147998	0.00967810317622	0	632.841800431	-15.4572965327	113.366104408	1	1668092433.6	1
-0.99686002791	-0.0761177794507	0.0218226192644	0	-0.0210186795786	-0.0113470460113	-0.999714743469	0	0.0763436301421	-0.997034295732	0.00971152118299	0	632.944190291	-16.5572623519	113.350476735	1	1668092433.64	1
-0.996860069625	-0.0761040970405	0.0218673926874	0	-0.0210616519857	-0.0113739928131	-0.999713492356	0	0.0763309972959	-0.997035011249	0.00973540120911	0	633.090575902	-18.1374276757	113.346988919	1	1668092433.7	1
-0.996861252991	-0.0761156271676	0.0217742921272	0	-0.0209696531483	-0.0113546458599	-0.999715694111	0	0.0763411600131	-0.997034377512	0.00972288796446	0	633.286092741	-19.7705084968	113.423140068	1	1668092433.76	1
-0.996864519341	-0.076061532997	0.0218135048688	0	-0.0210132365817	-0.0113059030975	-0.99971532162	0	0.0762864454109	-0.997039054309	0.00967215447582	0	633.368218333	-20.8209342562	113.462276849	1	1668092433.79	1
-0.99686096044	-0.0760758369027	0.0219264191435	0	-0.0211241126575	-0.0113349380245	-0.999712674377	0	0.0763024374772	-0.997037643197	0.009692322393	0	633.485754741	-22.3458527179	113.463637481	1	1668092433.85	1
-0.99686266385	-0.0760761815122	0.021847080106	0	-0.0210367791718	-0.0114363913594	-0.999713337761	0	0.0763041740682	-0.997036446052	0.0098001135448	0	633.626896586	-23.3699635748	113.46077095	1	1668092433.89	1
-0.996872206515	-0.0759945190997	0.0216944338764	0	-0.0208847421991	-0.0114332567835	-0.999716524645	0	0.076221003008	-0.997042689806	0.00981036993589	0	633.836010542	-24.8883892795	113.495108425	1	1668092433.94	1
-0.996867859228	-0.0760798069646	0.021594238652	0	-0.0207787368876	-0.0114944351966	-0.999717999769	0	0.0763065891554	-0.997035464625	0.00987759080121	0	633.991489327	-25.8355650915	113.525344481	1	1668092433.98	1
-0.996865122468	-0.0760839705441	0.021705704344	0	-0.0208914256044	-0.0114820797374	-0.999715796596	0	0.0763115933406	-0.997035291109	0.00985658228296	0	634.085886052	-27.0116154237	113.522478681	1	1668092434.04	1
-0.996859924387	-0.076117566826	0.0218267498286	0	-0.0210129253579	-0.0114763214649	-0.999713334265	0	0.07634623749	-0.997032802821	0.00984083219816	0	634.171694524	-28.1169375447	113.504891009	1	1668092434.07	1
-0.996859793694	-0.0761333098128	0.0217769099399	0	-0.0209658820974	-0.0114359098971	-0.999714750674	0	0.0763606687756	-0.997032046538	0.00980379691577	0	634.336734431	-29.4764050648	113.551881055	1	1668092434.13	1
-0.996856202007	-0.0761958189047	0.0217252691732	0	-0.0209168569878	-0.0113918061923	-0.999716388024	0	0.0764216210615	-0.997027834133	0.00976221533044	0	634.409843155	-30.0912942031	113.584608339	1	1668092434.17	1
-0.996857487627	-0.0761962178001	0.021662864944	0	-0.0208627154095	-0.0112816228587	-0.999718690853	0	0.076419181435	-0.997029014274	0.0096565102334	0	634.58763096	-31.6686779727	113.635707101	1	1668092434.22	1
-0.996853106323	-0.0762305127823	0.0217425911286	0	-0.020947725641	-0.01121135894	-0.999717659812	0	0.0764528070638	-0.997027161593	0.00957922230229	0	634.666199189	-32.593129618	113.635188098	1	1668092434.26	1
-0.996861671758	-0.076117570444	0.0217465180126	0	-0.0209536894038	-0.0111991160596	-0.999717710508	0	0.0763396368715	-0.997035948897	0.00956902566936	0	634.769958707	-33.8653329761	113.63643703	1	1668092434.32	1
-0.996876254986	-0.0759382022837	0.021705624777	0	-0.0209064006479	-0.0113039196787	-0.999717543634	0	0.0761620991888	-0.997048455883	0.0096810145903	0	634.894281023	-35.0257874832	113.637609258	1	1668092434.37	1
-0.996863005425	-0.0761194132623	0.0216771415999	0	-0.0208698274529	-0.0113854723643	-0.999717291615	0	0.0763447832904	-0.997033660686	0.00976115748381	0	635.021948064	-36.0462181195	113.627515062	1	1668092434.41	1
-0.996868685129	-0.0760326077373	0.0217215234913	0	-0.0209133031454	-0.0114101202522	-0.999716141481	0	0.0762589131438	-0.997040023702	0.00978429875091	0	635.130408011	-37.3259425009	113.605564279	1	1668092434.46	1
-0.996866148606	-0.0760309988621	0.0218441639419	0	-0.0210442695105	-0.0113060469581	-0.999714613913	0	0.0762562732972	-0.997041352717	0.00967059866084	0	635.184574384	-38.0881908139	113.636944031	1	1668092434.5	1
-0.996856244294	-0.0761645463573	0.0218326090416	0	-0.0210356671242	-0.0112501224732	-0.999715495019	0	0.0763884237439	-0.997031829885	0.00961258254167	0	635.318239023	-39.2400235628	113.700643084	1	1668092434.56	1
-0.99685495874	-0.0762198950515	0.0216954358995	0	-0.0208929335733	-0.0113105310695	-0.999717713707	0	0.0764437930969	-0.99702686645	0.00968250187393	0	635.446927217	-40.0744456681	113.734681514	1	1668092434.6	1
-0.996856360333	-0.0762263112552	0.0216072049955	0	-0.0207991942033	-0.0113782520175	-0.999718855025	0	0.0764508080893	-0.997025581094	0.00975703731379	0	635.610313551	-41.2691519504	113.758348777	1	1668092434.65	1
-0.996857800473	-0.0761933203153	0.0216570722329	0	-0.020850963641	-0.0113595251286	-0.999717989798	0	0.0764179220988	-0.997028316482	0.00973512735088	0	635.672770179	-42.0487560458	113.767677537	1	1668092434.69	1
-0.996867481583	-0.0760587082814	0.0216851869004	0	-0.0208795813987	-0.011371229756	-0.999717282806	0	0.0762838422953	-0.997038473677	0.00974753535714	0	635.778909802	-43.2205692573	113.778224319	1	1668092434.75	1
-0.99686745419	-0.0760813395863	0.0216070907298	0	-0.0207955990626	-0.0114423212919	-0.999718229175	0	0.0763071796598	-0.997035937473	0.00982432081645	0	635.890122987	-43.983406045	113.794498327	1	1668092434.79	1
-0.996862331779	-0.0761512031174	0.0215978548492	0	-0.0207794793161	-0.0115228249619	-0.999717661862	0	0.0763785894938	-0.997029688748	0.00990428787821	0	636.009998008	-45.0782800385	113.791762232	1	1668092434.84	1
-0.996856766328	-0.0761784493182	0.0217570365529	0	-0.020936702771	-0.011550791865	-0.99971401758	0	0.0764080374563	-0.997027261428	0.00991955970395	0	636.05227543	-45.9119799965	113.754434353	1	1668092434.9	1
-0.996855136416	-0.0761966922219	0.0217689795154	0	-0.020950319631	-0.0115270250045	-0.999714053255	0	0.0764258482605	-0.997026167703	0.00989442907205	0	636.150580347	-46.8251327638	113.780151024	1	1668092434.94	1
-0.996858683757	-0.0761320787568	0.0218332271636	0	-0.0210301142943	-0.0113348246574	-0.999714604633	0	0.0763578081539	-0.997033322942	0.00969815200604	0	636.193195372	-47.7698319055	113.789566931	1	1668092434.99	1
-0.996859532952	-0.0761136585254	0.0218594990333	0	-0.0210603001872	-0.0112870329919	-0.999714543965	0	0.0763386049948	-0.997035289929	0.00964860974937	0	636.241644638	-48.3885261089	113.779549309	1	1668092435.03	1
-0.996859713647	-0.076135341671	0.0217746096177	0	-0.0209799032646	-0.011222451431	-0.999716921765	0	0.0763581413063	-0.997034341925	0.00958989757307	0	636.371815929	-49.396390021	113.81675189	1	1668092435.09	1
-0.996862278981	-0.0761067118172	0.021755075934	0	-0.0209610633148	-0.0112162704801	-0.99971729834	0	0.0763292892171	-0.997036549657	0.00958579963132	0	636.43998284	-50.047370619	113.85270639	1	1668092435.13	1
-0.996859685268	-0.076141685986	0.0217544378694	0	-0.0209571850729	-0.0112541430053	-0.999717071325	0	0.0763649267183	-0.997033516096	0.00962308589553	0	636.537619479	-50.9833213149	113.860221985	1	1668092435.18	1
-0.996863079795	-0.0760977994956	0.0217517298524	0	-0.0209526671197	-0.0112832371038	-0.999716808884	0	0.076321666464	-0.997036522024	0.00965339058348	0	636.610847138	-51.5752496371	113.857531271	1	1668092435.22	1
-0.996865329819	-0.0760912873948	0.0216717965777	0	-0.0208710016086	-0.0113037045328	-0.999718308186	0	0.0763147879999	-0.997036799246	0.00968016963456	0	636.734701207	-52.4571292251	113.884393426	1	1668092435.28	1
-0.996871573806	-0.0760175040944	0.0216412219332	0	-0.020840602196	-0.0113096708653	-0.999718783077	0	0.0762409438915	-0.997042310089	0.00969003905334	0	636.7863657	-52.9092117841	113.893399525	1	1668092435.32	1
-0.996864566556	-0.0761004633346	0.0216718933728	0	-0.0208635609715	-0.0114010079168	-0.999717245743	0	0.0763261117496	-0.997034929934	0.00977753446295	0	636.892869499	-53.9261164316	113.857383573	1	1668092435.37	1
-0.996865906203	-0.0760892135872	0.0216520942479	0	-0.0208402790302	-0.0114472111198	-0.999717297534	0	0.0763155424629	-0.997035310105	0.00982561398381	0	636.9720361	-54.5055341259	113.851062182	1	1668092435.41	1
-0.996858287317	-0.0761852444362	0.0216667706753	0	-0.0208596353569	-0.0113743103555	-0.9997177901	0	0.0764101031094	-0.997028845892	0.00974937881783	0	637.049037606	-55.2748020675	113.891483883	1	1668092435.47	1
-0.996855490923	-0.0761549101119	0.0218987702161	0	-0.0211037218559	-0.0112291006503	-0.999714225788	0	0.0763790542539	-0.997032764354	0.0095866386131	0	637.043993574	-56.014555866	113.893097973	1	1668092435.53	1
-0.996854395123	-0.0761744717347	0.0218793608126	0	-0.0210832147756	-0.0112402397574	-0.999714482405	0	0.0763987103696	-0.997031116943	0.00959887985609	0	637.090267161	-56.3941368021	113.905522662	1	1668092435.56	1
-0.996858039267	-0.0761828696688	0.0216831867689	0	-0.0208804809043	-0.0113174355045	-0.999717865507	0	0.0764068334288	-0.997029601529	0.00969114182245	0	637.250798489	-57.2996700113	113.966629635	1	1668092435.62	1
-0.996868023721	-0.076065011597	0.0216391911557	0	-0.0208367933289	-0.0113267795624	-0.999718723981	0	0.0762887213882	-0.997038522506	0.00970635344096	0	637.309935203	-57.7802897663	113.981622184	1	1668092435.66	1
-0.996864046892	-0.0761213787115	0.0216247944579	0	-0.0208159186936	-0.0114036519108	-0.999718309831	0	0.0763465136059	-0.997033357814	0.00978335407589	0	637.390709117	-58.4168349485	113.976897827	1	1668092435.71	1
-0.996861560221	-0.0761561213417	0.0216153050235	0	-0.0208024864183	-0.0114503045917	-0.999717983903	0	0.0763821996024	-0.997030130862	0.00983013201752	0	637.442509889	-58.7971344615	113.978225035	1	1668092435.75	1
-0.99687233947	-0.0760182958051	0.0216027881993	0	-0.020788673471	-0.0114846107266	-0.999717855787	0	0.0762450245724	-0.997040242365	0.00986837151721	0	637.497213025	-59.4390114109	113.982290926	1	1668092435.81	1
-0.996869045025	-0.0760502144621	0.021645773206	0	-0.0208338634509	-0.0114532468868	-0.999717409648	0	0.0762765700411	-0.997038241986	0.00983296725683	0	637.517267241	-60.0458652648	113.98606475	1	1668092435.85	1
-0.996865587255	-0.0760845084581	0.0216835519216	0	-0.0208684023098	-0.011492558572	-0.999716201173	0	0.0763120872656	-0.997035153216	0.00986877391613	0	637.567809837	-60.6420702251	113.965981169	1	1668092435.9	1
-0.996860022968	-0.0761452722328	0.021724484821	0	-0.0209066930865	-0.0115207102595	-0.999715014869	0	0.0763738924608	-0.997030155823	0.00989258979848	0	637.613581103	-61.0231554123	113.965833948	1	1668092435.94	1
-0.996854725373	-0.0762213855746	0.0217024600895	0	-0.0208797897604	-0.0115736303101	-0.999715039295	0	0.0764508017141	-0.997023766819	0.00994574141164	0	637.704480891	-61.6040030319	113.976324513	1	1668092436	1
-0.996858555656	-0.0761649224405	0.0217222643612	0	-0.0209083980419	-0.0114668447052	-0.999715571526	0	0.0763924128399	-0.997029261258	0.00983833598011	0	637.748834105	-62.1095900937	113.996385371	1	1668092436.06	1
-0.996859855771	-0.0761213303261	0.0218182556983	0	-0.0210103439361	-0.0113983014258	-0.999714342092	0	0.0763482112677	-0.997033443499	0.00976317355922	0	637.737744329	-62.4397742293	113.987870002	1	1668092436.09	1
-0.996854715282	-0.0761425099522	0.0219785042063	0	-0.0211776977521	-0.011308818657	-0.99971182211	0	0.0763690582551	-0.997032842498	0.0096607259382	0	637.720213364	-62.8950302662	113.982846654	1	1668092436.15	1
-0.99685293411	-0.076168974064	0.0219674761515	0	-0.0211649958119	-0.0113268956694	-0.999711881805	0	0.0763957966793	-0.997030613387	0.00967913297567	0	637.760961433	-63.2318073873	113.993306557	1	1668092436.19	1
-0.996854516276	-0.0761825697993	0.0218476952582	0	-0.0210384816135	-0.0114085453851	-0.999713602821	0	0.0764099693022	-0.997028632338	0.00976989428327	0	637.864160603	-63.6802880292	114.014609957	1	1668092436.24	1
-0.996861308167	-0.0761131217155	0.0217775086353	0	-0.0209653880702	-0.01145280485	-0.99971454148	0	0.0763408734279	-0.997033379812	0.00982111712421	0	637.925824991	-63.9556035494	114.029097317	1	1668092436.28	1
-0.996861780504	-0.0761222257757	0.0217247735431	0	-0.0209097022992	-0.0114881896141	-0.999715333028	0	0.0763501662344	-0.99703229462	0.0098604441891	0	637.976126423	-64.4141713969	114.031468007	1	1668092436.34	1
-0.996864603616	-0.0760930560823	0.0216987764432	0	-0.0208838923945	-0.0114885497753	-0.999715923897	0	0.076320699226	-0.997034547165	0.00986340932078	0	638.001020715	-64.6713926748	114.034108978	1	1668092436.38	1
-0.996869061359	-0.0760414646028	0.0216734581512	0	-0.0208606655042	-0.0114669581029	-0.999716601356	0	0.0762684746641	-0.997038701836	0.00984478031725	0	638.03051851	-65.0544701755	114.046053391	1	1668092436.43	1
-0.996873071939	-0.0759938299724	0.0216549199699	0	-0.0208428688665	-0.011462738703	-0.999716974974	0	0.0762206274378	-0.997042357293	0.00984296640533	0	638.055310463	-65.2910430916	114.051845852	1	1668092436.47	1
-0.996876028835	-0.075960487066	0.0216392580837	0	-0.0208276651469	-0.0114604723584	-0.999717458243	0	0.0761869510144	-0.99704500017	0.00984259032865	0	638.098987059	-65.600294755	114.055188034	1	1668092436.53	1
-0.996862428104	-0.0761525001275	0.0215909242552	0	-0.0207769637459	-0.011464761032	-0.999718465833	0	0.0763785233171	-0.997030304593	0.00984657152178	0	638.186404936	-66.0725240283	114.075770184	1	1668092436.62	1
-0.996869650999	-0.076061869849	0.0215761469322	0	-0.0207662230382	-0.0114231863992	-0.999719134523	0	0.076286935682	-0.997037683468	0.00980790994132	0	638.223305707	-66.3008862649	114.092592049	1	1668092436.68	1
-0.996871454669	-0.0760271542707	0.0216121711767	0	-0.020806292614	-0.0113761202024	-0.999718718788	0	0.0762517209213	-0.997040804788	0.00975868659754	0	638.224579154	-66.4477380186	114.086223285	1	1668092436.72	1
-0.996863509257	-0.0761225087993	0.0216448516785	0	-0.0208419386519	-0.0113263892846	-0.999718616243	0	0.0763462551633	-0.9970341361	0.00970432353938	0	638.234005698	-66.613218694	114.075299813	1	1668092436.77	1
-0.996861303476	-0.0761509782898	0.0216478309956	0	-0.0208464661827	-0.0113026590673	-0.999718852312	0	0.0763741880465	-0.997032264883	0.00967970444846	0	638.248012721	-66.721305764	114.071489733	1	1668092436.81	1
-0.996861697641	-0.0761282554873	0.0217100826103	0	-0.0209100286288	-0.0112907585179	-0.999717682403	0	0.0763518029983	-0.997034147459	0.00966348040839	0	638.240547669	-66.897940377	114.071291204	1	1668092436.87	1
-0.996863051292	-0.0761010619817	0.0217420536122	0	-0.020942693707	-0.0112863425758	-0.999717000391	0	0.0763248820196	-0.997036247383	0.00965717655541	0	638.235476487	-67.0087582175	114.072069428	1	1668092436.9	1
-0.996863871761	-0.0760762479281	0.021790431719	0	-0.0209920321734	-0.0112787531862	-0.999716019257	0	0.0763004154128	-0.997038209622	0.00964638653535	0	638.227628575	-67.1468866449	114.070981136	1	1668092436.96	1
-0.996862288306	-0.0760916667426	0.0218090908224	0	-0.0210091048087	-0.0112982228254	-0.999715443387	0	0.0763164182856	-0.99703681399	0.00966415445772	0	638.245343519	-67.2757449845	114.074091273	1	1668092437.05	1
-0.99685515524	-0.0761868553639	0.021802990077	0	-0.0210004732784	-0.0113189438966	-0.999715397617	0	0.0764119513661	-0.997029313743	0.00968338752755	0	638.262440822	-67.3861991836	114.079255881	1	1668092437.15	1
