-0.999581630353	-0.0165443334262	0.0237235056851	0	-0.0232676308826	-0.0272232849651	-0.999358505329	0	0.0171795967993	-0.999492437646	0.0268269486155	0	638.26186432	51.5704181157	111.164115157	1	1668092517.46	1
-0.999581483725	-0.0165447263403	0.0237285629281	0	-0.0232726901513	-0.0272224779758	-0.999358369868	0	0.0171801460353	-0.999492432896	0.026826045567	0	638.27116802	51.4549777629	111.164082252	1	1668092518.93	1
-0.999581159306	-0.0165018469857	0.0237722306504	0	-0.0233168913358	-0.0272579017203	-0.999356382534	0	0.0171392835445	-0.999492180691	0.0268617140643	0	638.267040689	51.3806280351	111.135838815	1	1668092518.99	1
-0.999577565288	-0.0165816585546	0.0238697307384	0	-0.0234108928763	-0.0273352486358	-0.999352171438	0	0.0172233769529	-0.999488798047	0.0269355095772	0	638.250839075	51.3033936154	111.073725561	1	1668092519.03	1
-0.99957608533	-0.0165979284174	0.0239216666874	0	-0.0234617339948	-0.0273726422578	-0.999350018045	0	0.0172418512677	-0.999487536469	0.0269716214497	0	638.250434221	51.1713554508	111.042848031	1	1668092519.08	1
-0.999578137667	-0.0165753959473	0.0238488490971	0	-0.0233906847749	-0.0273062005652	-0.999353379713	0	0.0172159348793	-0.999489665816	0.0269069716339	0	638.277086915	51.0694526704	111.094884721	1	1668092519.14	1
-0.99958133945	-0.0165161403366	0.0237568212086	0	-0.0233016628396	-0.0272252060192	-0.999357727378	0	0.0171522931241	-0.999492885941	0.0268289541065	0	638.306124686	50.9903746083	111.158531757	1	1668092519.18	1
-0.999576932364	-0.0168864242046	0.0236822638667	0	-0.0232184874611	-0.0271509678832	-0.999361703721	0	0.0175185972412	-0.999488728593	0.0267474034687	0	638.342395789	50.8156414141	111.22158411	1	1668092519.24	1
-0.999577364158	-0.0168895750742	0.0236602287912	0	-0.0231969360047	-0.0271188230751	-0.999363004425	0	0.017520483035	-0.999489511001	0.0267155756132	0	638.373950196	50.5168437035	111.245550504	1	1668092519.33	1
-0.999578316267	-0.0168368821478	0.0236572734872	0	-0.0231955410471	-0.0271101487084	-0.999363258764	0	0.0174675562134	-0.999490628514	0.0267081766743	0	638.387325032	50.3670395225	111.250989544	1	1668092519.37	1
-0.999579129513	-0.0167929429146	0.023653724482	0	-0.0231934066826	-0.0270963779714	-0.999363662258	0	0.0174232496265	-0.999491731188	0.0266954890332	0	638.409244413	50.1216737535	111.260083821	1	1668092519.43	1
-0.999579700179	-0.0167669485751	0.0236508766813	0	-0.0231914325207	-0.0270861335131	-0.999364117802	0	0.0173968257936	-0.999492512648	0.0266858988757	0	638.426426127	49.9283915442	111.267052791	1	1668092519.46	1
-0.999581660888	-0.0166522533935	0.0236484046026	0	-0.0231923862585	-0.027065103575	-0.999364635651	0	0.0172816781631	-0.999494984615	0.0266675752381	0	638.449408842	49.6141013074	111.27653669	1	1668092519.52	1
-0.999581662562	-0.0166472260049	0.0236515032934	0	-0.0231957241029	-0.0270589831731	-0.999364706655	0	0.017276611811	-0.999495225267	0.0266615186647	0	638.464655293	49.3982002648	111.28342459	1	1668092519.56	1
-0.999579588091	-0.016742588864	0.0236698622569	0	-0.0232115915276	-0.027055763401	-0.999364332361	0	0.0173724229803	-0.999493672062	0.0266557674719	0	638.47891541	49.0863642601	111.28713116	1	1668092519.62	1
-0.999579284984	-0.0167398400226	0.0236862770094	0	-0.0232280054221	-0.0270598460725	-0.999363918757	0	0.0173701301729	-0.999493647543	0.0266596283965	0	638.502380943	48.7053394066	111.294547816	1	1668092519.67	1
-0.999579614961	-0.0167078545252	0.0236943675471	0	-0.0232369263106	-0.0270610433325	-0.999363652472	0	0.0173384347885	-0.999494136806	0.0266614282858	0	638.520345722	48.4424363995	111.300615881	1	1668092519.71	1
-0.999579480355	-0.0166642701408	0.0237293344987	0	-0.0232724221962	-0.0270971941058	-0.999361782454	0	0.0172967166097	-0.999493852089	0.0266979821824	0	638.538316946	47.9986322646	111.310991931	1	1668092519.77	1
-0.999579020205	-0.0166663272392	0.0237498262447	0	-0.0232925146266	-0.0271168630609	-0.999360900846	0	0.0172996581187	-0.999493345591	0.0267172463195	0	638.550028364	47.6966165597	111.321040644	1	1668092519.8	1
-0.999579774453	-0.0166273986158	0.0237452592006	0	-0.0232892574566	-0.0271013143784	-0.999361393478	0	0.0172602746588	-0.9994944131	0.0267026855839	0	638.581710759	47.2652705334	111.341501592	1	1668092519.86	1
-0.999577863664	-0.016723816617	0.0237579806858	0	-0.0232993630844	-0.0271034936207	-0.999361098823	0	0.0173570226993	-0.999492745367	0.0267023976135	0	638.601844598	46.9734992528	111.345097536	1	1668092519.89	1
-0.999575885469	-0.0168066301443	0.0237803313886	0	-0.0233194696857	-0.0271050358126	-0.999360474109	0	0.0174405310873	-0.999491256312	0.0267016193671	0	638.63314544	46.4819457769	111.348370935	1	1668092519.95	1
-0.999578055022	-0.0166737681906	0.0237851463195	0	-0.023327933134	-0.0270992496487	-0.999360549974	0	0.0173076298393	-0.999493697915	0.0266988503168	0	638.657992087	46.1248238847	111.353839143	1	1668092519.99	1
-0.999577558286	-0.0166837534968	0.0237974353614	0	-0.0233401966767	-0.0270851577583	-0.999360571418	0	0.0173176822604	-0.999493875378	0.0266843141988	0	638.692651913	45.5529266061	111.363767671	1	1668092520.05	1
-0.999575971743	-0.0167811247446	0.0237979358202	0	-0.0233383953459	-0.0270681245569	-0.999361184128	0	0.0174144987676	-0.999492762433	0.0266650016095	0	638.713411501	45.2052612129	111.376153023	1	1668092520.08	1
-0.999580206463	-0.0165631965758	0.0237709029411	0	-0.0233178879926	-0.0270270478658	-0.999362688982	0	0.0171951135889	-0.999497465511	0.0266294834921	0	638.760066018	44.6067561327	111.408880483	1	1668092520.14	1
-0.999576592261	-0.016751618902	0.0237910611618	0	-0.023333059265	-0.0270249809725	-0.999362401298	0	0.0173838959601	-0.999494386556	0.0266226719228	0	638.797863934	44.0187449474	111.417372759	1	1668092520.2	1
-0.999576949723	-0.0167083285582	0.0238082897255	0	-0.0233513795898	-0.0270283100325	-0.999361968429	0	0.0173410843623	-0.999495064565	0.0266267122937	0	638.821995508	43.614276552	111.418411453	1	1668092520.23	1
-0.99957842457	-0.0165907833184	0.0238275988561	0	-0.023373815613	-0.0270282884219	-0.999361399223	0	0.017224172103	-0.999497000097	0.0266291036655	0	638.867525728	42.9110679485	111.427533048	1	1668092520.29	1
-0.999576529482	-0.0166827274079	0.0238428900574	0	-0.0233866726581	-0.0270272416725	-0.999361126407	0	0.0173164415974	-0.999495497812	0.0266256425674	0	638.892705006	42.4926902791	111.434794045	1	1668092520.33	1
-0.999576255801	-0.0166936229016	0.0238468049186	0	-0.0233903137696	-0.0270262459651	-0.999361071299	0	0.0173274080421	-0.99949534444	0.0266243242577	0	638.902826226	42.3372061178	111.4386114	1	1668092520.38	1
-0.999576060354	-0.0166716299099	0.0238686245731	0	-0.0234128307853	-0.0270195063425	-0.999360643958	0	0.0173059344905	-0.999495851737	0.0266177221402	0	638.968494603	41.329486185	111.457901428	1	1668092520.42	1
-0.999578463231	-0.0165997933025	0.0238177468894	0	-0.0233631519529	-0.027061546855	-0.999360656669	0	0.0172337832401	-0.999495903699	0.0266623165509	0	639.040092193	40.5755460039	111.472335443	1	1668092520.48	1
-0.999578441413	-0.016586693751	0.0238276284678	0	-0.023373094019	-0.0270781861318	-0.999359966043	0	0.0172213520542	-0.999495666727	0.0266790894456	0	639.072582566	40.0729264726	111.481881397	1	1668092520.52	1
-0.999579255626	-0.016514724235	0.0238433028646	0	-0.0233905933274	-0.0270835654383	-0.999359403596	0	0.0171499793709	-0.999496709027	0.0266858817697	0	639.120613559	39.2993647338	111.500084949	1	1668092520.57	1
-0.999579564522	-0.0164941122448	0.0238450076917	0	-0.0233929007247	-0.027080492873	-0.999359451068	0	0.0171293357588	-0.999497141936	0.0266832627298	0	639.139017656	39.0269226179	111.508758187	1	1668092520.61	1
-0.999578919825	-0.0165342790276	0.0238438287119	0	-0.0233911101083	-0.0270536995869	-0.99936020047	0	0.0171688369155	-0.999497194577	0.0266555534552	0	639.213954701	37.9516274119	111.547731162	1	1668092520.66	1
-0.999578226697	-0.0165797959256	0.0238423495401	0	-0.0233887107007	-0.0270366972751	-0.999360767139	0	0.0172138374821	-0.999496926344	0.0266375141001	0	639.25225966	37.4066474981	111.566791351	1	1668092520.7	1
-0.999579054198	-0.01654702984	0.023829689714	0	-0.0233775158559	-0.0270024138362	-0.999361921785	0	0.0171799869719	-0.999498378671	0.0266042194384	0	639.314535785	36.5328536743	111.60184847	1	1668092520.76	1
-0.999578619161	-0.0165952348574	0.0238170550281	0	-0.0233641791845	-0.0269689056025	-0.99936326278	0	0.0172269179168	-0.999498547573	0.0265698066265	0	639.37282734	35.7125877773	111.636244885	1	1668092520.81	1
-0.999578984032	-0.0165618253503	0.0238250316961	0	-0.0233731154084	-0.0269646433141	-0.999363170511	0	0.0171936400238	-0.999499217584	0.0265661885404	0	639.411055079	35.0791734964	111.654431198	1	1668092520.85	1
-0.999579311647	-0.0164783628504	0.0238680543428	0	-0.0234177661261	-0.0269985418327	-0.999361159879	0	0.0171122176737	-0.999499656413	0.0266012971891	0	639.461005799	34.1472922804	111.664802481	1	1668092520.91	1
-0.999577563114	-0.0165544093105	0.0238870226049	0	-0.0234342269237	-0.0270264282557	-0.99935994352	0	0.0171894516532	-0.999497606954	0.0266270721276	0	639.503967766	33.533371436	111.67590599	1	1668092520.94	1
-0.999577130037	-0.0165559731216	0.023906962154	0	-0.0234537822362	-0.0270461273079	-0.999359089034	0	0.0171918707071	-0.999497118201	0.0266463892385	0	639.568063677	32.570095725	111.692904631	1	1668092521	1
-0.99957721622	-0.016535349685	0.0239142608669	0	-0.023461656829	-0.0270444711443	-0.999358789964	0	0.0171715750043	-0.999497423259	0.026645091336	0	639.611569807	31.9072964815	111.708179644	1	1668092521.04	1
-0.999576175879	-0.0166106429797	0.0239067756918	0	-0.0234520765381	-0.027049703325	-0.999358930401	0	0.0172466868928	-0.99949606238	0.0266486851674	0	639.692125533	30.9061062397	111.738166872	1	1668092521.09	1
-0.999577095802	-0.0165868238274	0.023884876421	0	-0.0234306772343	-0.0270578134567	-0.999359214507	0	0.0172224873293	-0.999496239298	0.0266577302895	0	639.733318729	30.4831934737	111.752269715	1	1668092521.13	1
-0.999578943377	-0.0165212818769	0.0238535316791	0	-0.0234009624676	-0.0270650815237	-0.99935974086	0	0.0171562939573	-0.999497141783	0.0266670716104	0	639.841397182	29.1512302844	111.788907602	1	1668092521.19	1
-0.999579208468	-0.0165024138432	0.0238544314503	0	-0.0234025327642	-0.0270553046969	-0.999359919258	0	0.0171372824548	-0.999497692893	0.0266577222332	0	639.884254195	28.4608813661	111.804784046	1	1668092521.22	1
-0.999580237569	-0.0164507659386	0.0238481669758	0	-0.023397687344	-0.0270529529635	-0.999360152195	0	0.0170853891387	-0.999498636436	0.0266566871191	0	639.973845979	27.3205608085	111.837969817	1	1668092521.28	1
-0.999579785878	-0.0164801692877	0.0238462070469	0	-0.0233948435483	-0.0270588029506	-0.999360032555	0	0.0171148864752	-0.999497979493	0.0266618816302	0	640.062514725	26.2163063503	111.869021054	1	1668092521.34	1
-0.999578281532	-0.0165652674871	0.0238509625258	0	-0.0233972835786	-0.0270614240699	-0.999359935558	0	0.0172000881906	-0.999496517638	0.0266624293178	0	640.090713571	25.8260288728	111.878084974	1	1668092521.37	1
-0.999577320635	-0.0165978872572	0.0238684908371	0	-0.0234138254297	-0.0270679587763	-0.999359368435	0	0.0172333107591	-0.999495798136	0.0266678975152	0	640.196405731	24.2939961779	111.909308617	1	1668092521.43	1
-0.999577412617	-0.016579847119	0.0238766883017	0	-0.0234224976893	-0.0270682229754	-0.999359135106	0	0.0172155298393	-0.999496078684	0.0266684429484	0	640.249748461	23.4848846303	111.925857624	1	1668092521.47	1
-0.999578299872	-0.0165430768374	0.0238661582273	0	-0.0234131587704	-0.0270561368846	-0.999359733629	0	0.0171781662829	-0.999497041939	0.0266574011417	0	640.339325016	22.2425194391	111.965722936	1	1668092521.53	1
-0.999578758781	-0.0165187117464	0.0238636892983	0	-0.023411352497	-0.0270554121431	-0.999359789681	0	0.0171537396062	-0.999497461533	0.0266572894875	0	640.399114515	21.4204338687	111.98877962	1	1668092521.56	1
-0.999578088081	-0.0165545631296	0.0238666448088	0	-0.0234132078733	-0.027063754297	-0.99935950647	0	0.017189856502	-0.999496635451	0.0266647400835	0	640.48798573	20.2024259246	112.019372063	1	1668092521.62	1
-0.99957806825	-0.0165528731527	0.0238689032322	0	-0.023415449986	-0.0270672981821	-0.999359370014	0	0.0171882988065	-0.999496573625	0.0266682842585	0	640.543070902	19.4148676216	112.038769721	1	1668092521.66	1
-0.999578254194	-0.0165484286451	0.0238642739099	0	-0.0234107946839	-0.0270757652364	-0.999359253308	0	0.0171839283208	-0.999496419723	0.0266769338433	0	640.648877433	17.9879886258	112.078556274	1	1668092521.71	1
-0.999578025926	-0.0165595406947	0.0238643916367	0	-0.0234105707801	-0.0270783655785	-0.99935910634	0	0.0171951791625	-0.999496123519	0.0266792713719	0	640.691968345	17.3677747733	112.094904207	1	1668092521.75	1
-0.999579244324	-0.0164923058662	0.0238605775121	0	-0.0234082042888	-0.0270986540866	-0.999358642934	0	0.0171283289861	-0.999496701203	0.0267011970288	0	640.811636508	15.7780156671	112.136513467	1	1668092521.81	1
-0.99957925411	-0.0165142240296	0.0238462408335	0	-0.0233929139317	-0.0271203157579	-0.999358471642	0	0.0171502990635	-0.999495781507	0.0267225886524	0	640.894684748	14.8503018636	112.168768959	1	1668092521.85	1
-0.999579453921	-0.0165286403317	0.0238283740152	0	-0.0233743116885	-0.0271409364223	-0.999358370804	0	0.0171646871578	-0.999494995571	0.0267431760316	0	641.002969825	13.5324479165	112.213188659	1	1668092521.9	1
-0.999580302761	-0.0164912740414	0.0238186048039	0	-0.0233652957319	-0.0271554378414	-0.999358185396	0	0.0171274243882	-0.999495217735	0.0267587165234	0	641.102528415	12.1367446907	112.254068201	1	1668092521.96	1
-0.999580792526	-0.0164573381997	0.0238186228389	0	-0.0233660399243	-0.0271660561044	-0.999357743021	0	0.0170938950705	-0.999495418953	0.0267701258163	0	641.16800069	11.1162150994	112.279669471	1	1668092522	1
-0.999579939521	-0.016508095351	0.0238222301319	0	-0.0233679696558	-0.0271846079453	-0.999357331422	0	0.0171450125125	-0.999494147917	0.0267874273152	0	641.251654244	9.80817321048	112.31171437	1	1668092522.05	1
-0.999577612749	-0.0166718723602	0.0238044091794	0	-0.0233449291565	-0.0272328290004	-0.999356491665	0	0.0173094001265	-0.999490083425	0.0268321224652	0	641.358415227	8.70666067018	112.351720267	1	1668092522.09	1
-0.999579130707	-0.0166063323243	0.0237858902475	0	-0.0233276211822	-0.0272648343594	-0.999355995778	0	0.017244178816	-0.999490287983	0.0268659734464	0	641.438377636	7.84115093165	112.382771761	1	1668092522.15	1
-0.999579072898	-0.0166532046769	0.0237556788281	0	-0.0232954077146	-0.0273081413201	-0.999355571744	0	0.0172912118894	-0.999488329378	0.0269087035616	0	641.580055867	6.2041410379	112.436092936	1	1668092522.19	1
-0.99958077253	-0.0166074108761	0.0237163334563	0	-0.0232573215728	-0.0273071130536	-0.999356493732	0	0.0172443571509	-0.999489122903	0.0269094213616	0	641.701456368	4.66847810284	112.479880747	1	1668092522.24	1
-0.999580883302	-0.016633015824	0.0236923423174	0	-0.023233029803	-0.0272849180343	-0.999357601011	0	0.0172688480911	-0.999489270624	0.0268870479277	0	641.752235517	3.99075122125	112.497460272	1	1668092522.28	1
-0.999585036231	-0.0164330187619	0.0236580752056	0	-0.0232039964173	-0.0272939161186	-0.999358095702	0	0.0170681985933	-0.999492366793	0.0269012784981	0	641.886716031	2.04295645145	112.54757251	1	1668092522.34	1
-0.999585631042	-0.0164063799313	0.0236511373509	0	-0.0231973984872	-0.0273161104969	-0.999357628747	0	0.0170419187087	-0.99949219109	0.026924206444	0	641.955704051	0.968094350948	112.575043308	1	1668092522.37	1
-0.999586030758	-0.0164944081742	0.0235723592045	0	-0.0231165866544	-0.0272974811179	-0.999359985782	0	0.0171273631947	-0.99949123869	0.0269048868897	0	642.10730825	-0.612326079763	112.625427874	1	1668092522.43	1
-0.999583390016	-0.0166765611848	0.0235573678428	0	-0.0230967611698	-0.0272937789925	-0.999360600931	0	0.0173088568937	-0.999488345544	0.0268972334602	0	642.236870768	-2.14703815676	112.677030377	1	1668092522.49	1
-0.999584107178	-0.0165809101047	0.0235939541491	0	-0.0231362472779	-0.0272743559774	-0.999360195839	0	0.0172138229371	-0.999490455894	0.0268793928589	0	642.302771381	-3.20547485971	112.710981665	1	1668092522.53	1
-0.999586041306	-0.0164731813378	0.0235886695912	0	-0.0231335789117	-0.0272908262545	-0.999359863683	0	0.0171063453786	-0.999491816084	0.02689844484	0	642.412662533	-4.81403666401	112.75733546	1	1668092522.58	1
-0.999587366905	-0.0164096608975	0.0235750289839	0	-0.0231212744736	-0.0273128597996	-0.99935946557	0	0.0170430884901	-0.999492217831	0.0269221777469	0	642.488236607	-5.90868401773	112.787997587	1	1668092522.62	1
-0.999584577084	-0.0165044803822	0.023627248259	0	-0.0231712070709	-0.027296620536	-0.999358761102	0	0.0171388697162	-0.99949110447	0.0269028524773	0	642.518040151	-6.60627182228	112.805951546	1	1668092522.67	1
-0.999584457286	-0.0165454884882	0.0236036757878	0	-0.023147216822	-0.0272570317932	-0.999360400045	0	0.0171782982718	-0.99949150812	0.0268627236113	0	642.675969228	-8.53590858423	112.861659441	1	1668092522.71	1
-0.999585020276	-0.0164753326424	0.0236308020051	0	-0.023176523695	-0.0272394350166	-0.999360289635	0	0.0171084185352	-0.999493192164	0.0268462895574	0	642.783135769	-10.1280900179	112.903174762	1	1668092522.77	1
-0.999585488945	-0.0164375270023	0.0236364867953	0	-0.0231838356918	-0.0272035189912	-0.999361060207	0	0.0170699944325	-0.999494773347	0.0268111576253	0	642.85300173	-11.1891707115	112.923200199	1	1668092522.81	1
-0.999584567126	-0.0164719737382	0.0236499093394	0	-0.0231964053747	-0.0271991792279	-0.999360813061	0	0.0171047523862	-0.999494286808	0.0268057897547	0	642.960475975	-12.7362898006	112.968954814	1	1668092522.87	1
-0.999584146453	-0.016495987503	0.0236501506252	0	-0.0231959858172	-0.0272001562348	-0.999360758795	0	0.017128817602	-0.999493845088	0.026806205219	0	643.044228489	-13.8240045533	113.007047624	1	1668092522.9	1
-0.99958346331	-0.0165046016936	0.0236744529771	0	-0.0232199710653	-0.0272048798361	-0.999360140989	0	0.0171381200612	-0.999493608901	0.0268103118328	0	643.152237915	-15.3447575718	113.046892893	1	1668092522.96	1
-0.999584023518	-0.0164726259682	0.0236741031714	0	-0.0232207624274	-0.0271883240303	-0.99936062144	0	0.0171057221705	-0.999494611531	0.0267945070558	0	643.216355863	-16.3927278364	113.074941652	1	1668092523	1
-0.999583715754	-0.0164678175384	0.0236913191868	0	-0.0232381407695	-0.0271861544904	-0.99936031776	0	0.0171012865684	-0.999494770827	0.0267921550644	0	643.31955498	-17.9227167379	113.103931759	1	1668092523.06	1
-0.99958303828	-0.0165936268332	0.0236308076159	0	-0.023174031184	-0.027200061851	-0.999361370281	0	0.0172257750952	-0.99949228222	0.0268041790871	0	643.463407268	-19.3252010723	113.157982287	1	1668092523.11	1
-0.999584025335	-0.0165927618695	0.0235907900168	0	-0.0231340555107	-0.0271995034315	-0.999362365848	0	0.017223770477	-0.999492339422	0.0268043304928	0	643.562092873	-20.3320708348	113.190442575	1	1668092523.15	1
-0.999583696011	-0.0166304261057	0.0235783226239	0	-0.023121216702	-0.027162696018	-0.999363668883	0	0.0172602205105	-0.999492716872	0.0267668715803	0	643.669486335	-21.7977683506	113.22215451	1	1668092523.2	1
-0.999583603598	-0.0166683450635	0.0235538463333	0	-0.0230964370211	-0.0271218538234	-0.999365276397	0	0.0172965912697	-0.9994931562	0.0267255810213	0	643.744981714	-22.7397618452	113.255717189	1	1668092523.24	1
-0.999583182831	-0.0166886081504	0.0235582914269	0	-0.0230997781274	-0.0271542622226	-0.999364362687	0	0.0173176659977	-0.999491960359	0.0267574402491	0	643.854741059	-24.112510553	113.286507644	1	1668092523.3	1
-0.999584949205	-0.0165499830368	0.0235784176536	0	-0.0231230109339	-0.0271891080253	-0.999362751896	0	0.0171805986257	-0.999493253742	0.0267951386715	0	643.916211347	-25.0485079111	113.309091737	1	1668092523.34	1
-0.999584564483	-0.0165659932324	0.0235849307544	0	-0.0231288613599	-0.0272026156955	-0.999362316293	0	0.0171970185911	-0.999492655346	0.0268081623938	0	644.001337783	-26.3938100042	113.351419304	1	1668092523.39	1
-0.999583445176	-0.0166129817825	0.0235993137247	0	-0.0231419774069	-0.0272028316421	-0.999362006776	0	0.0172443683868	-0.999491869556	0.0268070431138	0	644.05890689	-27.2966729589	113.37786073	1	1668092523.43	1
-0.999581647916	-0.0166360156351	0.0236611725917	0	-0.0232033449281	-0.0271947542951	-0.999360898716	0	0.017268764094	-0.999491754752	0.0267973652352	0	644.141595167	-28.6176300056	113.403223735	1	1668092523.49	1
-0.99958017584	-0.0166491745318	0.0237127909784	0	-0.023254851146	-0.0271801695193	-0.999360039504	0	0.0172830179307	-0.999491902371	0.0267815843392	0	644.191484279	-29.4731355155	113.421120821	1	1668092523.52	1
-0.999576950622	-0.0166870802736	0.0238222540676	0	-0.0233644119066	-0.0271145635287	-0.999359285216	0	0.0173222798563	-0.999493061863	0.0267132084919	0	644.23655689	-30.7047186811	113.448764075	1	1668092523.58	1
-0.999578141998	-0.0165416732059	0.0238711986252	0	-0.0234180546139	-0.0270666320301	-0.999359214847	0	0.0171772637175	-0.999496719848	0.0266678407825	0	644.310160701	-31.9647312204	113.48409104	1	1668092523.64	1
-0.999577810768	-0.0165684057633	0.0238665285902	0	-0.0234126035931	-0.0270706356441	-0.999359234125	0	0.0172039486168	-0.999496168637	0.0266712980319	0	644.376303581	-32.7745832123	113.507092725	1	1668092523.67	1
-0.999577792121	-0.0166025497744	0.0238444808788	0	-0.0233892768423	-0.0270922702457	-0.999359236907	0	0.017237946276	-0.999495037723	0.0266925104078	0	644.469275963	-33.9858526007	113.52933528	1	1668092523.73	1
-0.999578516028	-0.0165769074972	0.0238340335546	0	-0.0233790461261	-0.0271196065191	-0.999358831869	0	0.0172125835864	-0.999494771494	0.02672062305	0	644.532239358	-34.8095170315	113.537014848	1	1668092523.77	1
-0.999577889231	-0.0166169761258	0.0238313666589	0	-0.023374162015	-0.0271860316615	-0.999357091824	0	0.0172541586047	-0.999492276337	0.0267861480935	0	644.62937907	-36.013384981	113.541893657	1	1668092523.83	1
-0.999577697411	-0.0166613531243	0.0238069048133	0	-0.0233479637482	-0.0272179544503	-0.999356764245	0	0.0172986688229	-0.999490632492	0.0268174521984	0	644.70258771	-36.769981896	113.56435435	1	1668092523.86	1
-0.999578750069	-0.0166885882861	0.0237446938186	0	-0.0232849192509	-0.0272246974316	-0.999358105271	0	0.0173243210314	-0.999490021913	0.0268246366314	0	644.797016459	-37.9067838065	113.621804996	1	1668092523.92	1
-0.999580215002	-0.0166643527407	0.0237007856988	0	-0.023241769633	-0.0272190163115	-0.999359301053	0	0.0172987537479	-0.999490599681	0.026820280754	0	644.85870752	-38.6734776188	113.665285228	1	1668092523.96	1
-0.999583861543	-0.0165202955447	0.0236473055248	0	-0.0231922634999	-0.0272133536004	-0.999360583049	0	0.0171532431552	-0.999493133934	0.0268188859035	0	644.952458232	-39.7479132538	113.725117061	1	1668092524.02	1
-0.999584510468	-0.0165355538965	0.0236092951724	0	-0.0231536019375	-0.0272279311397	-0.999361087838	0	0.0171678044074	-0.99949248735	0.0268337603995	0	645.014035793	-40.3221661844	113.759446161	1	1668092524.05	1
-0.999584810646	-0.0165342090007	0.0235983109126	0	-0.0231415947054	-0.0272897447867	-0.99935971652	0	0.0171675601028	-0.999490842455	0.0268957858127	0	645.096613416	-41.4720254807	113.780794978	1	1668092524.11	1
-0.999583601834	-0.0165501021275	0.0236381486429	0	-0.0231802272832	-0.0273344454549	-0.99935759063	0	0.0171855607152	-0.999489353383	0.0269394278139	0	645.133278447	-42.2243108653	113.771747398	1	1668092524.15	1
-0.999581214307	-0.0166137309014	0.0236918769533	0	-0.0232316308931	-0.02736906446	-0.99935533112	0	0.0172515202202	-0.999487289977	0.0269716394533	0	645.195628722	-43.1824927178	113.781079845	1	1668092524.2	1
-0.999580379757	-0.0166127838364	0.0237290974379	0	-0.0232690295526	-0.0273597512695	-0.999354780362	0	0.0172512969314	-0.999487593522	0.0269617073138	0	645.268464036	-44.1888908261	113.795917077	1	1668092524.26	1
-0.999580650711	-0.0166264811376	0.0237068924369	0	-0.0232475213903	-0.0272982961505	-0.999356905903	0	0.0172630128356	-0.999489017749	0.0269003248829	0	645.318859847	-44.7954578682	113.826003859	1	1668092524.3	1
-0.99958120972	-0.0166597128143	0.0236598589686	0	-0.0232006405787	-0.0272384014595	-0.999359625581	0	0.0172935715486	-0.999490096378	0.0268404790471	0	645.395225572	-45.7062344781	113.876814626	1	1668092524.36	1
-0.999580908099	-0.0166921126362	0.0236498956956	0	-0.0231900753362	-0.0272230754037	-0.999360294576	0	0.0173253216804	-0.999489976503	0.0268245757892	0	645.431149273	-46.1633403726	113.901915959	1	1668092524.39	1
-0.999580213252	-0.0166945817796	0.0236797831388	0	-0.0232202342898	-0.0272032398037	-0.999360240901	0	0.0173280240264	-0.99949052967	0.0268041676607	0	645.501051574	-47.180270828	113.931175116	1	1668092524.45	1
-0.999579946107	-0.016657650702	0.0237179260024	0	-0.023258971178	-0.0272256628749	-0.999358771011	0	0.0172926193046	-0.999490556505	0.0268267858661	0	645.52846745	-47.7555743007	113.918794503	1	1668092524.49	1
-0.999579745711	-0.0166300606307	0.0237450238119	0	-0.0232867766292	-0.0272272016385	-0.999358049096	0	0.0172658422164	-0.999490957459	0.0268284981998	0	645.56858313	-48.612602871	113.917285821	1	1668092524.54	1
-0.999581053927	-0.0165782490948	0.0237242238561	0	-0.0232677678713	-0.0272041782788	-0.999359027453	0	0.0172130605294	-0.999492398461	0.0268070427771	0	645.607861154	-49.1773363307	113.94316978	1	1668092524.58	1
-0.999582203849	-0.0165719879327	0.0236794267303	0	-0.0232234704856	-0.0271854708184	-0.999360535098	0	0.0172051990449	-0.999492995067	0.0267892545492	0	645.691130186	-49.9475122438	113.989070507	1	1668092524.64	1
-0.99958281196	-0.016576456747	0.0236506110269	0	-0.023194666871	-0.0271781845703	-0.99936140221	0	0.0172087236828	-0.999493119116	0.0267823615546	0	645.742587118	-50.4228219521	114.01548981	1	1668092524.67	1
-0.999581303274	-0.0167089724652	0.0236239589041	0	-0.0231648521417	-0.0271562306723	-0.999362823571	0	0.0173398003194	-0.999491577181	0.0267577988768	0	645.806651899	-51.2491950018	114.046017521	1	1668092524.73	1
-0.999584344678	-0.0165520041308	0.0236055662895	0	-0.0231508371252	-0.0271462284912	-0.999363410882	0	0.0171822155007	-0.999494455974	0.0267517516732	0	645.851199456	-51.787982517	114.058664577	1	1668092524.79	1
-0.999583547355	-0.0166318636853	0.0235818739702	0	-0.0231249449054	-0.0271501613119	-0.999363842407	0	0.0172615430963	-0.999492992275	0.0267542437143	0	645.911317217	-52.4520819003	114.075474803	1	1668092524.83	1
-0.999581985528	-0.0167009858178	0.0235979538009	0	-0.0231394452279	-0.0271343564555	-0.999363877136	0	0.0173307453077	-0.999492238819	0.0267365631013	0	645.964098606	-53.1071785995	114.100504177	1	1668092524.88	1
-0.999583644264	-0.0165094711931	0.0236634793595	0	-0.0232106771275	-0.0270994691696	-0.999363223857	0	0.0171402413608	-0.999496393592	0.0267049903116	0	645.961337316	-53.5520194471	114.106600327	1	1668092524.92	1
-0.999579942485	-0.0166118347434	0.0237474764927	0	-0.023293145509	-0.0270285228511	-0.9993631991	0	0.0172431585536	-0.999496604655	0.0266302278998	0	645.957708842	-54.1991117903	114.117819866	1	1668092524.98	1
-0.999580094634	-0.0165397535873	0.0237905268085	0	-0.0233387292319	-0.0269922716971	-0.999363076966	0	0.0171714614705	-0.999498760111	0.0265949215537	0	645.963529943	-54.6137233264	114.115896297	1	1668092525.02	1
-0.999580800479	-0.0164732665247	0.0238076140645	0	-0.023357634166	-0.026989203299	-0.999362747259	0	0.0171053699154	-0.999499955839	0.0265931134716	0	645.998678874	-55.20813278	114.119713766	1	1668092525.07	1
-0.999580727206	-0.0164800761517	0.023805395194	0	-0.0233547400277	-0.027018085749	-0.99936200709	0	0.0171128185056	-0.99949904929	0.0266218707761	0	646.035460169	-55.6034161682	114.131198692	1	1668092525.11	1
-0.999580487661	-0.0165356332748	0.0237787927832	0	-0.0233259242702	-0.0270611731847	-0.999361602645	0	0.0171685495015	-0.999497011136	0.026664111656	0	646.099438244	-56.1618039219	114.151790231	1	1668092525.17	1
-0.999580942264	-0.0165473208787	0.0237529731577	0	-0.0232994036208	-0.0270841674207	-0.999361665747	0	0.0171800096998	-0.999496229247	0.0266872740354	0	646.143605974	-56.5335749916	114.167353671	1	1668092525.2	1
-0.999582121466	-0.016507559799	0.0237290561084	0	-0.0232762559964	-0.0271014797525	-0.999361644491	0	0.0171401295007	-0.999496370855	0.0267059205999	0	646.191339742	-57.041794259	114.181614972	1	1668092525.26	1
-0.999581528387	-0.0165520748269	0.0237223766393	0	-0.0232682599719	-0.0271089689097	-0.999361597008	0	0.0171846430293	-0.999495415966	0.0267124870962	0	646.211812894	-57.3418926759	114.184968208	1	1668092525.32	1
-0.999580110828	-0.016658302701	0.0237103764112	0	-0.0232532824721	-0.0271171847555	-0.999361845837	0	0.0172905515695	-0.999493491096	0.0267184374609	0	646.250529693	-57.8520450827	114.195368905	1	1668092525.35	1
-0.999581608439	-0.0165890403574	0.0236941169057	0	-0.0232388417921	-0.0271192494911	-0.999362047151	0	0.0172210246369	-0.999494546962	0.0267223929486	0	646.273371765	-58.1197415254	114.205598766	1	1668092525.41	1
-0.999582135321	-0.0165979259555	0.0236645504515	0	-0.0232090683523	-0.0271178422807	-0.99936272589	0	0.0172291329024	-0.999494411425	0.0267212888717	0	646.325568524	-58.6245001327	114.229094544	1	1668092525.45	1
-0.999582071766	-0.0166104701837	0.0236605363164	0	-0.023204819031	-0.0271121146711	-0.999363078228	0	0.0172413307371	-0.999494408555	0.026715340284	0	646.36202814	-59.010681226	114.248720328	1	1668092525.51	1
-0.999581893158	-0.0166410578216	0.0236439330654	0	-0.0231872695283	-0.0271197513803	-0.999363154595	0	0.0172717563836	-0.999493629417	0.0267225525962	0	646.393126783	-59.2660351378	114.261860563	1	1668092525.54	1
-0.999582130445	-0.0166709011872	0.0236143042474	0	-0.023156704419	-0.0271281477985	-0.999363702836	0	0.0173009160942	-0.999492938643	0.0267307687523	0	646.433293711	-59.6237203875	114.278555075	1	1668092525.6	1
-0.9995832326	-0.0166218791023	0.0236040658342	0	-0.0231476829539	-0.0271337372021	-0.999363846821	0	0.0172516936193	-0.99949364763	0.0267376699023	0	646.449408929	-59.8438270015	114.283493746	1	1668092525.64	1
-0.999584136582	-0.0165603669672	0.0236080248321	0	-0.0231530755084	-0.0271459804942	-0.999363343034	0	0.0171906558771	-0.999494312588	0.0267512677092	0	646.465860015	-60.1944789131	114.282178635	1	1668092525.69	1
-0.999583508957	-0.0165879201514	0.0236151477291	0	-0.0231592813165	-0.0271563253424	-0.999362913229	0	0.0172186270811	-0.99949357214	0.0267608503842	0	646.474780723	-60.4166995276	114.281826767	1	1668092525.73	1
-0.999584247696	-0.0165431138958	0.0236147086162	0	-0.0231598795622	-0.0271657555458	-0.99936261508	0	0.0171740836531	-0.99949404421	0.0267713248244	0	646.490537165	-60.7081244272	114.28550498	1	1668092525.79	1
-0.999584296883	-0.0165537480232	0.0236067887087	0	-0.0231515681439	-0.0271720849329	-0.999362710905	0	0.0171845702999	-0.999493734525	0.0267775433754	0	646.505362067	-60.8753075239	114.291142854	1	1668092525.83	1
-0.999582468829	-0.0166853522071	0.0235902425358	0	-0.0231312299295	-0.0271877021316	-0.999362696791	0	0.0173160705118	-0.999491090742	0.026790397562	0	646.541233957	-61.0800913806	114.304436743	1	1668092525.88	1
-0.999581770524	-0.0167507763665	0.0235729672303	0	-0.0231120717282	-0.0271953718526	-0.999362908406	0	0.0173811909766	-0.999489776048	0.0267968529204	0	646.572164027	-61.2869572114	114.317236391	1	1668092525.94	1
-0.999582584932	-0.0167133566458	0.0235665532262	0	-0.023106812605	-0.0271867206906	-0.999363338005	0	0.0173433501585	-0.999490674882	0.0267891794495	0	646.577712342	-61.43286294	114.321502529	1	1668092525.98	1
-0.999584728437	-0.0165893410365	0.0235601422252	0	-0.0231039232856	-0.0271752578401	-0.999363571528	0	0.0172191204651	-0.99949297867	0.0267806947953	0	646.582061971	-61.6255942334	114.326463475	1	1668092526.03	1
-0.99958446552	-0.0166124216309	0.0235580364039	0	-0.0231012302914	-0.0271735164308	-0.999363820784	0	0.0172419503093	-0.999492713925	0.0267784568864	0	646.591068456	-61.7122006315	114.331463031	1	1668092526.07	1
-0.999582463434	-0.0167221693146	0.0235642613493	0	-0.0231044492755	-0.0271772489223	-0.999363594751	0	0.017351932448	-0.999490756738	0.0267795448419	0	646.604190381	-61.8153067257	114.335147713	1	1668092526.12	1
-0.999583112732	-0.0166796484649	0.0235674699563	0	-0.0231086970804	-0.0271829804788	-0.999363369284	0	0.0173096280728	-0.999491325983	0.0267862029035	0	646.620187663	-61.9670567777	114.339212695	1	1668092526.22	1
-0.999583032071	-0.016688519343	0.0235641208184	0	-0.0231050666986	-0.0271855311155	-0.999363361042	0	0.0173184854086	-0.999491096897	0.0267886061305	0	646.630909658	-62.0767079541	114.342653661	1	1668092526.31	1
-0.999583184977	-0.0166735397647	0.0235672416351	0	-0.023108821299	-0.0271720567824	-0.999363594314	0	0.0173033336769	-0.999491689641	0.0267754255912	0	646.630553327	-62.1571187549	114.340036506	1	1668092526.5	1
