-0.999694877467	-0.0198098289408	0.01475275458	0	-0.00685763468751	-0.351194977793	-0.936277154336	0	0.0237286606282	-0.936092718915	0.350951985753	0	623.783535258	49.973798684	107.789950248	1	1668092616.53	1
-0.999694020515	-0.019793913004	0.0148323780966	0	-0.00693792664505	-0.351189892493	-0.936278482476	0	0.0237416614584	-0.936094969906	0.350945118775	0	623.788848975	49.8208479043	107.791560926	1	1668092618.08	1
-0.999694259427	-0.0197460768929	0.0148810089583	0	-0.0070011623531	-0.35115482878	-0.936291194964	0	0.023713650942	-0.936109150979	0.350909227357	0	623.76723363	49.6712190664	107.797998806	1	1668092618.17	1
-0.99969439263	-0.019722591084	0.0149071932776	0	-0.00703429689519	-0.35114119095	-0.936296183127	0	0.0237006346304	-0.93611482635	0.350895130178	0	623.759980747	49.5932359903	107.800859167	1	1668092618.21	1
-0.999695192597	-0.0197466165682	0.0148196974205	0	-0.00694291336907	-0.351180417558	-0.936282098706	0	0.0236927614377	-0.936099576023	0.350936270711	0	623.803890501	49.4309413307	107.814202446	1	1668092618.27	1
-0.999695370892	-0.0197879224071	0.0147508272537	0	-0.00686306639064	-0.351213366936	-0.936270280109	0	0.0237075476127	-0.936086316623	0.350970574257	0	623.839228263	49.3134072144	107.824691226	1	1668092618.3	1
-0.999695561383	-0.0197751784921	0.0147536609716	0	-0.00687027922991	-0.351209787243	-0.936271529495	0	0.0236966217883	-0.936087907525	0.350967014448	0	623.846611896	49.1360022671	107.834432834	1	1668092618.36	1
-0.99969518544	-0.0197783490346	0.0147748693119	0	-0.00688915474291	-0.3512048116	-0.936273257223	0	0.0237069995112	-0.936089707331	0.350961513177	0	623.849888673	49.0011929725	107.840867036	1	1668092618.4	1
-0.999690335083	-0.0199391885884	0.0148882383131	0	-0.00693942314482	-0.351182908905	-0.936281155986	0	0.0238971843693	-0.936094541248	0.350935793956	0	623.853710033	48.7903207618	107.840272191	1	1668092618.45	1
-0.99969237032	-0.0198390627051	0.0148847793821	0	-0.00697157876744	-0.351173377913	-0.93628447503	0	0.0238021638659	-0.936100235198	0.350927040466	0	623.859578792	48.6295086615	107.840320271	1	1668092618.49	1
-0.999693348249	-0.0197944810387	0.0148796533187	0	-0.00698252489273	-0.351169901681	-0.936285733764	0	0.0237585608747	-0.936102502383	0.350923996497	0	623.870202795	48.4639334471	107.841773641	1	1668092618.55	1
-0.999694086887	-0.0197634895913	0.0148712211608	0	-0.00698555506911	-0.351168071114	-0.936286397744	0	0.0237265688049	-0.93610384392	0.350922582389	0	623.897080855	48.1431425245	107.84355569	1	1668092618.59	1
-0.999695262675	-0.0197309304081	0.0148351735694	0	-0.00696437311698	-0.351122665808	-0.936303578204	0	0.023683096467	-0.936121559559	0.35087825025	0	623.923041209	47.8268285357	107.846412964	1	1668092618.64	1
-0.999692368847	-0.0198588032527	0.0148568414564	0	-0.00694049364639	-0.351093952236	-0.936314441194	0	0.023810299696	-0.936129581798	0.350848127322	0	623.952192326	47.4976487595	107.851776705	1	1668092618.7	1
-0.999693319375	-0.0198515158013	0.0148025218483	0	-0.00689201381772	-0.351100330089	-0.936312407743	0	0.0237844591042	-0.936127344336	0.350855849925	0	623.984905136	47.2540990899	107.856883244	1	1668092618.74	1
-0.999695881893	-0.0197966138534	0.0147075312565	0	-0.00682177733813	-0.351122647926	-0.936304699449	0	0.0236997379469	-0.936120213844	0.350880803975	0	624.037568553	46.8586472717	107.864478131	1	1668092618.8	1
-0.999693914757	-0.0198129340693	0.0148149300975	0	-0.00691741280074	-0.351091291488	-0.936315637836	0	0.0237525942455	-0.936131566545	0.350846780899	0	624.065424865	46.1602320194	107.876558834	1	1668092618.89	1
-0.999693701599	-0.0197837572719	0.0148691207134	0	-0.00697873857057	-0.351078500224	-0.936320006668	0	0.0237441711681	-0.936136995456	0.35083290247	0	624.074049034	45.8686243949	107.876555388	1	1668092618.93	1
-0.999692686682	-0.0199153822858	0.0147618598528	0	-0.00683022253128	-0.351151405941	-0.936293780522	0	0.0238302937135	-0.93610686914	0.350907465453	0	624.163242699	45.4081442423	107.88454613	1	1668092618.99	1
-0.999692765889	-0.0199447868547	0.0147143861642	0	-0.00677501465272	-0.351167494097	-0.936288077419	0	0.0238413448621	-0.936100170714	0.350924489009	0	624.203438123	45.0719674877	107.89302129	1	1668092619.02	1
-0.999695610433	-0.0198513450514	0.0146496834249	0	-0.00674705977263	-0.351174406226	-0.936285756939	0	0.0237311229235	-0.936099601104	0.350933573718	0	624.255435854	44.547155955	107.907571605	1	1668092619.08	1
-0.999696072825	-0.0198346526838	0.0146395500813	0	-0.00674340072231	-0.351175332572	-0.936285400404	0	0.0237119759551	-0.936099588638	0.350934853546	0	624.274580577	44.3393907309	107.913551169	1	1668092619.12	1
-0.999696256262	-0.0198568481108	0.0145977207695	0	-0.00669591255532	-0.3511959811	-0.936278021518	0	0.0237181985068	-0.936091384965	0.350956349109	0	624.350834759	43.5895491182	107.932984781	1	1668092619.17	1
-0.999695377487	-0.0198744385338	0.0146315266274	0	-0.00672133773859	-0.351197863631	-0.93627706179	0	0.0237466173601	-0.936090267534	0.350957311807	0	624.387954801	43.052456633	107.931961734	1	1668092619.23	1
-0.999694177968	-0.0198563799272	0.0147392719851	0	-0.00682994830828	-0.351144648865	-0.936296284727	0	0.0237670991488	-0.93611064027	0.350901648129	0	624.378112765	42.6666088645	107.931745027	1	1668092619.27	1
-0.999692418884	-0.0198526080394	0.0148668410208	0	-0.00695251083655	-0.351076202425	-0.936321161864	0	0.0238077316199	-0.93613645182	0.350830178074	0	624.377484563	42.0644919137	107.939590236	1	1668092619.33	1
-0.999692219448	-0.0198421917171	0.0148939334444	0	-0.0069820593729	-0.351055821369	-0.936328577621	0	0.0238073394873	-0.936144312639	0.350809220442	0	624.383380958	41.8496369408	107.944145842	1	1668092619.36	1
-0.999693338284	-0.0198552102057	0.0147989928461	0	-0.00688701834453	-0.351116341063	-0.936306522165	0	0.0237867210989	-0.936121304085	0.350871922118	0	624.502015056	40.939067408	107.961240147	1	1668092619.42	1
-0.999696008907	-0.019795191099	0.0147004245427	0	-0.00681489304732	-0.351151319475	-0.93629398539	0	0.0236961309937	-0.936109483073	0.350909659409	0	624.554761415	40.470894238	107.969474478	1	1668092619.46	1
-0.999696793787	-0.0197703299885	0.0146786705445	0	-0.00680328201828	-0.351149582016	-0.9362946669	0	0.0236652549371	-0.936110631301	0.350908606581	0	624.600359026	39.7398635838	107.989026187	1	1668092619.51	1
-0.999698206222	-0.0197164239172	0.0146556386055	0	-0.00680059634004	-0.351151301865	-0.93629406161	0	0.0236066892333	-0.936111133796	0.350911238051	0	624.632295938	39.2771404559	108.000512792	1	1668092619.55	1
-0.999697431641	-0.0197664023993	0.0146409986666	0	-0.00676868067465	-0.351177298993	-0.936284538016	0	0.0236485395357	-0.936100325095	0.350937247057	0	624.699290877	38.5993236898	108.019684233	1	1668092619.61	1
-0.999696678131	-0.0197629148673	0.0146978348494	0	-0.00682354124427	-0.351161428589	-0.936290115805	0	0.0236650882153	-0.936106364827	0.350920052147	0	624.727841852	37.9844377974	108.033059129	1	1668092619.65	1
-0.999693502218	-0.0197789445761	0.0148879830214	0	-0.00699719223605	-0.351113882414	-0.936306573109	0	0.0237465752755	-0.936123812038	0.350867877344	0	624.726592631	37.1708121394	108.041620821	1	1668092619.7	1
-0.999694137598	-0.0197412096689	0.0148980466351	0	-0.0070196631414	-0.351122349337	-0.936303310213	0	0.0237147620284	-0.936121475439	0.350876371187	0	624.756288743	36.6139999479	108.047968479	1	1668092619.74	1
-0.999697290449	-0.0197078234411	0.0147283492257	0	-0.00686990475873	-0.351222804121	-0.936266701815	0	0.0236247157468	-0.936084471941	0.350981095624	0	624.891500759	35.7401104132	108.074408184	1	1668092619.8	1
-0.999693051977	-0.0199274574314	0.0147197655371	0	-0.00678454978164	-0.351230120947	-0.936264557103	0	0.0238274232844	-0.936077064926	0.350987117492	0	624.97787216	34.9233758055	108.092997454	1	1668092619.85	1
-0.99969568601	-0.0198399215388	0.0146607059594	0	-0.00676087308541	-0.351195100722	-0.936277916298	0	0.0237244256376	-0.936092090789	0.350954087782	0	625.03203158	34.3550831732	108.102542659	1	1668092619.89	1
-0.999696185961	-0.0197781772477	0.0147084843719	0	-0.00682881630343	-0.35113491038	-0.936299953986	0	0.0236829882912	-0.936115953397	0.350893172677	0	625.089390501	33.4213884006	108.109592686	1	1668092619.95	1
-0.999694292872	-0.0198441719665	0.0147497289459	0	-0.00684438068771	-0.351131110471	-0.936301311126	0	0.0237591886463	-0.93611600631	0.350887941698	0	625.100087821	33.2259505197	108.10869099	1	1668092619.99	1
-0.999694949646	-0.0198872695996	0.0146446232069	0	-0.00672856508925	-0.351219112714	-0.936269078017	0	0.0237633453998	-0.936082043264	0.350978167383	0	625.252600754	31.8319610956	108.129033847	1	1668092620.05	1
-0.999696202453	-0.0198073917525	0.0146690696313	0	-0.00678008747598	-0.351196637883	-0.936277188689	0	0.023696925699	-0.936092196573	0.350955647299	0	625.278597063	31.1780041241	108.137620029	1	1668092620.08	1
-0.999696073497	-0.0197655410491	0.0147365395161	0	-0.00685840063954	-0.351180170177	-0.936282866587	0	0.0236812382103	-0.936099297103	0.350937862705	0	625.294420649	30.7409842868	108.139502831	1	1668092620.14	1
-0.999695153523	-0.0197379508034	0.0148357199173	0	-0.00696170078105	-0.351151597051	-0.936292824662	0	0.0236900051694	-0.936110600035	0.350907124853	0	625.35233734	29.563973103	108.148219822	1	1668092620.18	1
-0.999693132816	-0.0197725630109	0.014920575836	0	-0.00702938965276	-0.351136179467	-0.936297950438	0	0.0237522251377	-0.936115573039	0.350889449336	0	625.410163582	28.5196016755	108.164042222	1	1668092620.23	1
-0.999692558189	-0.0198705270193	0.0148325098358	0	-0.00691132664747	-0.351183704842	-0.936281121526	0	0.0238132841991	-0.936095732465	0.350938395321	0	625.504669382	27.8584692366	108.183079597	1	1668092620.27	1
-0.99969407324	-0.019865335571	0.0147327289336	0	-0.00681844934147	-0.351232018683	-0.936263549645	0	0.0237738690445	-0.936077647155	0.350989129982	0	625.633766824	26.7095821652	108.206830814	1	1668092620.33	1
-0.999694487679	-0.0198377815596	0.0147423574434	0	-0.00683690296547	-0.351241599494	-0.936259839668	0	0.0237515026954	-0.936074646539	0.350998671945	0	625.707104064	25.6264687328	108.215297033	1	1668092620.38	1
-0.99969510462	-0.019832123951	0.0147116140177	0	-0.00680944749892	-0.351267908613	-0.936250275009	0	0.0237355035544	-0.936064950067	0.351025754492	0	625.778373733	24.8856269708	108.222152095	1	1668092620.42	1
-0.999695416644	-0.0198794726511	0.0146249931157	0	-0.00671064386474	-0.351309086937	-0.936235500094	0	0.0237497513121	-0.936048472057	0.35106867821	0	625.90866917	23.746957737	108.246022359	1	1668092620.47	1
-0.999694428814	-0.0199047376818	0.0146597152359	0	-0.00673573983232	-0.351252247866	-0.93625669383	0	0.0237851463133	-0.936069290873	0.351010832052	0	625.948953982	23.0181478536	108.269862389	1	1668092620.51	1
-0.99969450504	-0.0198203432534	0.0147667878445	0	-0.00686830862578	-0.351147342136	-0.936295030776	0	0.0237429999356	-0.936110413163	0.350903934835	0	625.996354215	21.859576162	108.300383868	1	1668092620.57	1
-0.999694591512	-0.0198146946208	0.0147685143127	0	-0.00687263484002	-0.351118707898	-0.936305737493	0	0.0237381066589	-0.936121273324	0.350875292782	0	626.055897139	21.062283302	108.325758495	1	1668092620.61	1
-0.999696115129	-0.0198415785767	0.0146263803357	0	-0.00672855253585	-0.351178397695	-0.936284331	0	0.0237138847357	-0.936098277897	0.350938185138	0	626.196231376	19.8272655826	108.355869485	1	1668092620.66	1
-0.999695493522	-0.0198753281208	0.0146236639786	0	-0.00671307078879	-0.35122139976	-0.936268330442	0	0.0237448230935	-0.936081438324	0.350981033206	0	626.273061073	19.0063482307	108.358156952	1	1668092620.7	1
-0.999695218112	-0.0198056724795	0.014740557158	0	-0.00684723634325	-0.351213152549	-0.936270572787	0	0.0237204698735	-0.936086072737	0.350970481179	0	626.332203679	17.7264262309	108.360067425	1	1668092620.76	1
-0.999695202066	-0.0198269738099	0.0147117666362	0	-0.00681200995212	-0.351243783351	-0.936259302447	0	0.0237305642168	-0.936074109398	0.351001655955	0	626.395032781	17.0459749515	108.370864167	1	1668092620.79	1
-0.999694039986	-0.0198830445227	0.0147109773819	0	-0.00679062468942	-0.351280584609	-0.936245528212	0	0.0237831685412	-0.936059045336	0.351038102402	0	626.520126455	15.5878973243	108.402567235	1	1668092620.85	1
-0.999695659664	-0.0197408953063	0.0147965337039	0	-0.00692234227389	-0.351215569756	-0.936269087749	0	0.0236795119639	-0.93608652034	0.350972018152	0	626.567464863	14.2316106298	108.433799913	1	1668092620.9	1
-0.999696135696	-0.0196700858833	0.0148543978628	0	-0.00700214623458	-0.35118517555	-0.936279769637	0	0.0236334170142	-0.93609934754	0.350940742696	0	626.604509869	13.3497759536	108.450643539	1	1668092620.94	1
-0.99969481541	-0.0197860990801	0.0147904253322	0	-0.00690016835416	-0.351237909887	-0.936260787229	0	0.0237199357348	-0.936077139415	0.350994195348	0	626.742599237	12.0317607996	108.485014705	1	1668092621	1
-0.999695392374	-0.0198133467197	0.0147167099823	0	-0.00682221659858	-0.351212454635	-0.936270966211	0	0.0237193259661	-0.936086145147	0.350970296755	0	626.845197384	11.0772350329	108.496794167	1	1668092621.04	1
-0.999694968468	-0.0198176957772	0.0147375687415	0	-0.00684070913527	-0.351192946898	-0.936278086716	0	0.0237306367348	-0.936093339127	0.350950260757	0	626.953308099	9.69201611032	108.507710391	1	1668092621.09	1
-0.999695267861	-0.0197859060251	0.0147597863014	0	-0.00687236859173	-0.35120518938	-0.936273257556	0	0.0237087653935	-0.936089415793	0.350962196601	0	627.019349963	8.69600114939	108.514428387	1	1668092621.13	1
-0.999695554316	-0.0197886255307	0.0147377603627	0	-0.00685089191559	-0.351201174471	-0.93627495224	0	0.0237035204004	-0.936090881196	0.350958684371	0	627.114150888	7.50376325623	108.541968908	1	1668092621.18	1
-0.999694131852	-0.0197948771597	0.0148263104405	0	-0.00693495228925	-0.351070282239	-0.936323443007	0	0.0237394709478	-0.936139858055	0.350825622023	0	627.295919003	4.86413192471	108.597231885	1	1668092621.28	1
-0.999695297933	-0.0198167364347	0.0147179148975	0	-0.00682556011995	-0.351077950181	-0.936321366509	0	0.0237219605646	-0.936136517145	0.350835714118	0	627.412359879	3.79722547632	108.626951948	1	1668092621.32	1
-0.999695550128	-0.0197968517459	0.0147268549529	0	-0.0068418813056	-0.35103958569	-0.936335610797	0	0.0237062175252	-0.936151313806	0.350797266061	0	627.528198564	2.36349400862	108.650340636	1	1668092621.37	1
-0.999695935003	-0.0197769493753	0.0147288429042	0	-0.00685146640353	-0.351010691376	-0.936346414185	0	0.0236880286333	-0.936162590671	0.350768455051	0	627.611517767	1.25129164645	108.666051116	1	1668092621.41	1
-0.99969625068	-0.019766873563	0.0147204243378	0	-0.00684664951504	-0.351029089152	-0.936339536886	0	0.0236757888997	-0.936155896875	0.350787124995	0	627.719377621	-0.290092284051	108.697230548	1	1668092621.46	1
-0.999695678925	-0.019784280959	0.0147369104757	0	-0.00685556733107	-0.351045655897	-0.936333292262	0	0.0236979656031	-0.936149333717	0.350803184875	0	627.748076687	-0.658415468836	108.704662836	1	1668092621.52	1
-0.999698036064	-0.0197647213782	0.0146009289508	0	-0.0067319783421	-0.35116777493	-0.936288344525	0	0.0236328592183	-0.936103917427	0.350928680202	0	627.978500203	-3.03092239334	108.767220114	1	1668092621.56	1
-0.999698794215	-0.0197057864971	0.0146279462625	0	-0.00677779948346	-0.351174570477	-0.936285444076	0	0.0235872292122	-0.936102599451	0.350935237424	0	628.083340292	-4.62683537294	108.80356719	1	1668092621.61	1
-0.999695381779	-0.0197444617206	0.0148066348734	0	-0.00693269381779	-0.351130081575	-0.936300957145	0	0.0236858752912	-0.936118452877	0.350886249923	0	628.109171692	-5.65481202641	108.811434904	1	1668092621.65	1
-0.999695823492	-0.0197786353785	0.0147302614136	0	-0.0068468254479	-0.351222430914	-0.936266928663	0	0.0236917639063	-0.936083074882	0.350980191646	0	628.27042521	-7.3888124576	108.848536196	1	1668092621.71	1
-0.99969579833	-0.0198338212861	0.0146621822331	0	-0.00676249147199	-0.351270500663	-0.936249645214	0	0.0237197521298	-0.936063942664	0.351029508777	0	628.386059257	-8.53758242637	108.876844282	1	1668092621.75	1
-0.999694381034	-0.0198638804769	0.0147188220567	0	-0.00680525414022	-0.351259849301	-0.936253355735	0	0.0237676847278	-0.936067315078	0.351017305895	0	628.5006896	-10.1374550837	108.905987047	1	1668092621.81	1
-0.999695804296	-0.0198448261979	0.0146478718903	0	-0.00674470562615	-0.351291160349	-0.936242051708	0	0.0237251521283	-0.936055972099	0.35105043762	0	628.603734809	-11.2319847671	108.933977894	1	1668092621.84	1
-0.999695569278	-0.0198267403588	0.0146876213131	0	-0.00679000672829	-0.351223049814	-0.936267255728	0	0.0237217031782	-0.936081902098	0.350981492869	0	628.670206162	-12.3901526912	108.951720788	1	1668092621.9	1
-0.999695930864	-0.0196872040986	0.0148460093403	0	-0.0069907679186	-0.351086757774	-0.936316779212	0	0.0236457513375	-0.936135912147	0.350842384376	0	628.726575621	-13.9192409164	108.957416685	1	1668092621.94	1
-0.999696995579	-0.0196652432641	0.0148046988417	0	-0.00695983226032	-0.351085152473	-0.936317652097	0	0.0236106401069	-0.936136997235	0.350841908193	0	628.815231523	-15.0076354093	108.976896563	1	1668092621.99	1
-0.999698659183	-0.0197003145538	0.0146477479002	0	-0.00679750377607	-0.351205459469	-0.936273811054	0	0.0235891911175	-0.936091177058	0.350965701851	0	629.056179733	-17.1767882886	109.028717398	1	1668092622.05	1
-0.999694967015	-0.0197844154817	0.014784549568	0	-0.00689705991941	-0.351167150827	-0.936287416308	0	0.0237157150943	-0.936103756304	0.35092357308	0	629.112074801	-18.1886251861	109.040929564	1	1668092622.09	1
-0.999694209621	-0.0198295901682	0.0147752388017	0	-0.0068705892108	-0.351241614839	-0.93625967883	0	0.0237552921489	-0.936074862843	0.350997961678	0	629.257307442	-19.7667392433	109.077344836	1	1668092622.14	1
-0.999695543297	-0.0198603357648	0.0146429841461	0	-0.00673555135693	-0.351256502113	-0.936255070945	0	0.0237377549327	-0.936068622674	0.351015784207	0	629.384975762	-20.8584661648	109.099598392	1	1668092622.18	1
-0.999695706365	-0.0197880497847	0.014728166444	0	-0.00684298061417	-0.351166729154	-0.93628792847	0	0.0236993628457	-0.93610381499	0.350924463691	0	629.458365999	-22.4050574088	109.113497094	1	1668092622.24	1
-0.99969480328	-0.0198638098819	0.0146874258656	0	-0.00677752850165	-0.351194159028	-0.93627811617	0	0.0237561973396	-0.936091920026	0.350952349764	0	629.560208843	-23.4032439155	109.134031792	1	1668092622.28	1
-0.999693646718	-0.0199234641797	0.0146864941828	0	-0.00675650340686	-0.351163172922	-0.936289924684	0	0.023811470426	-0.93610229499	0.350920975562	0	629.68732376	-24.9407907979	109.156685125	1	1668092622.34	1
-0.999694261738	-0.0198683320145	0.0147192817478	0	-0.00680880958565	-0.351074908574	-0.9363226453	0	0.023770715438	-0.936136572877	0.350832287439	0	629.731962718	-25.8506495642	109.163977902	1	1668092622.37	1
-0.999694753614	-0.0197694349026	0.0148170647141	0	-0.00693708434031	-0.350996544198	-0.936351033356	0	0.0237118923956	-0.936168025239	0.350752265735	0	629.798351603	-27.3300496018	109.181248423	1	1668092622.43	1
-0.999695537595	-0.0198143366891	0.0147046653011	0	-0.00681397127814	-0.351078761387	-0.936321140872	0	0.0237150750772	-0.936136260599	0.350836856247	0	629.916044072	-28.2816596477	109.208633339	1	1668092622.47	1
-0.999695539168	-0.0198631090224	0.014636216733	0	-0.00673191503335	-0.351110914926	-0.936309606216	0	0.0237370207044	-0.936123129972	0.350870310568	0	630.058952937	-29.7003757236	109.236785995	1	1668092622.52	1
-0.999695635991	-0.0198641079746	0.0146280950444	0	-0.00672387315839	-0.351114216974	-0.936308421254	0	0.0237351334834	-0.936121867892	0.350873799409	0	630.120264506	-30.4258094717	109.249326525	1	1668092622.56	1
-0.999695417017	-0.0198472844652	0.0146695315821	0	-0.00676841186419	-0.351121892102	-0.936305332425	0	0.0237338761535	-0.936119404403	0.350880605231	0	630.207948037	-31.9143100983	109.278465256	1	1668092622.62	1
-0.999696467606	-0.0197923080124	0.0146705108023	0	-0.00678755746324	-0.351163908212	-0.936289385393	0	0.0236830948158	-0.9361047808	0.350922979531	0	630.329609429	-33.3778231767	109.304614544	1	1668092622.67	1
-0.999694061126	-0.0198348015529	0.0147795019589	0	-0.00687497728375	-0.351154176441	-0.936292481356	0	0.0237609921223	-0.936107576479	0.350910368666	0	630.379364448	-34.2665385252	109.315200738	1	1668092622.71	1
-0.999692174228	-0.0198705747349	0.014854268051	0	-0.00693143335048	-0.351192916664	-0.936277395357	0	0.0238211498734	-0.936092210704	0.350947090921	0	630.470976069	-35.5724911218	109.338701014	1	1668092622.77	1
-0.999691419209	-0.0199006560297	0.0148650145399	0	-0.00692984957469	-0.351235587374	-0.936261406708	0	0.0238533984831	-0.936075565167	0.350989305222	0	630.534832014	-36.3756830483	109.356605453	1	1668092622.81	1
-0.999691954175	-0.0199231183113	0.0148028067767	0	-0.00686250142334	-0.351283440535	-0.936244070373	0	0.0238528266283	-0.936057194532	0.351038496572	0	630.599084537	-36.9034167138	109.371311104	1	1668092622.86	1
-0.999696003845	-0.0197880942215	0.0147087875129	0	-0.00682507839063	-0.351156505227	-0.936291920297	0	0.0236925023506	-0.936107663456	0.350914696645	0	630.726164171	-38.4888019587	109.381715441	1	1668092622.9	1
-0.999695449753	-0.0198375258366	0.0146816262336	0	-0.00678343913513	-0.351111314987	-0.936309223955	0	0.0237288752983	-0.93612359641	0.350869804877	0	630.827194281	-39.734677702	109.396950667	1	1668092622.95	1
-0.999695865745	-0.0197943022167	0.0147109139364	0	-0.00682494315138	-0.351154634926	-0.936292655558	0	0.023699017172	-0.936108251193	0.350912733002	0	630.875234307	-40.5906180299	109.415732558	1	1668092622.99	1
-0.999695250663	-0.0198230832555	0.0147099774593	0	-0.00681269900382	-0.351203662569	-0.93627423607	0	0.023726106252	-0.936089186029	0.350961596838	0	630.966099871	-41.6575825463	109.436407466	1	1668092623.05	1
-0.999692453592	-0.0198359130001	0.0148825894776	0	-0.00697161945428	-0.351134443893	-0.936299052699	0	0.0237981786405	-0.936114894136	0.35088817302	0	631.073345249	-43.573342502	109.450099611	1	1668092623.14	1
-0.999694711614	-0.0198171845266	0.0147545117499	0	-0.00685601672835	-0.351221908646	-0.936267076018	0	0.0237363507793	-0.936082465442	0.350978829675	0	631.207343516	-44.7886115627	109.47795543	1	1668092623.2	1
-0.999695579835	-0.0198119366064	0.0147058496465	0	-0.00681121293086	-0.351264851267	-0.936251389095	0	0.0237145747023	-0.936066514172	0.351022971006	0	631.275761324	-45.5128101579	109.496785439	1	1668092623.24	1
-0.999696951633	-0.0197480354841	0.0146979782006	0	-0.00682530741403	-0.351303352379	-0.936236823664	0	0.0236522767041	-0.936053406811	0.351062102177	0	631.349983557	-46.6334977791	109.52426692	1	1668092623.3	1
-0.999696978996	-0.019712870445	0.0147420437534	0	-0.00687910648182	-0.35129600431	-0.936239150725	0	0.0236348066372	-0.936056886474	0.351053951768	0	631.380559097	-47.3471696887	109.538558647	1	1668092623.33	1
-0.999696233136	-0.0197283903181	0.0147750911058	0	-0.00690469292749	-0.351293171073	-0.93624012374	0	0.0236608296069	-0.93605767488	0.351050228693	0	631.420088349	-47.9988924054	109.550128344	1	1668092623.39	1
-0.99969574924	-0.019839303594	0.0146572517142	0	-0.00675388105557	-0.351351905429	-0.936219135443	0	0.0237237654944	-0.936033260585	0.351111009768	0	631.567367075	-49.0447005162	109.574463941	1	1668092623.43	1
-0.999695284587	-0.0197782476761	0.0147696542445	0	-0.00688256546703	-0.351273813776	-0.936247460391	0	0.0237055427612	-0.936063839848	0.351030653029	0	631.599994149	-49.9655097462	109.579000611	1	1668092623.48	1
-0.999695790157	-0.0197059970967	0.0148318783141	0	-0.00696751706893	-0.351222303054	-0.936266156914	0	0.0236593604578	-0.936084692277	0.350978158782	0	631.624226468	-50.6005839425	109.584034408	1	1668092623.52	1
-0.9996940042	-0.0197428488896	0.0149007374317	0	-0.00701989479373	-0.351189152386	-0.936278129719	0	0.023717858896	-0.936096315665	0.350943112534	0	631.685728984	-51.4958341156	109.590987203	1	1668092623.58	1
-0.999691697822	-0.0198283403749	0.0149452965396	0	-0.0070334378345	-0.351117959663	-0.93630483235	0	0.0238129176358	-0.936121269483	0.350870245048	0	631.731426163	-52.0718077467	109.600121262	1	1668092623.61	1
-0.999692721804	-0.0199221862104	0.0147499146643	0	-0.00681623882926	-0.351167329512	-0.936287898759	0	0.0238325982974	-0.936100744894	0.350923630578	0	631.886844093	-52.9531562305	109.621807195	1	1668092623.67	1
-0.999693892625	-0.0199791774368	0.0145951659612	0	-0.00664868144262	-0.351270479212	-0.936250484805	0	0.0238323016727	-0.936060868244	0.351030105908	0	631.994917507	-53.5942112882	109.644930135	1	1668092623.71	1
-0.999691774128	-0.0199037305676	0.0148380253443	0	-0.00690485139164	-0.351182471123	-0.936281547026	0	0.0238463805815	-0.936095444839	0.350936800856	0	631.964660853	-54.4452329134	109.645284871	1	1668092623.76	1
-0.999691377808	-0.0198955184346	0.0148776980931	0	-0.00694522526327	-0.351169751753	-0.936286079991	0	0.0238524667532	-0.936100423334	0.350923189064	0	631.964930934	-54.6722078563	109.646762407	1	1668092623.82	1
-0.999693380372	-0.0198407600171	0.0148180022237	0	-0.00690788404999	-0.351195994974	-0.93627656927	0	0.0237803799926	-0.936091770123	0.350951238829	0	632.055479329	-55.8796824601	109.682661947	1	1668092623.86	1
-0.9996956093	-0.0197973447091	0.0147225958823	0	-0.0068327595658	-0.351235515851	-0.93626221092	0	0.0237066033689	-0.936077816476	0.350993332363	0	632.11112007	-56.3244102984	109.697604443	1	1668092623.92	1
-0.999694939955	-0.0198757446834	0.0146635464342	0	-0.00674855134246	-0.35128988658	-0.936242460496	0	0.0237596347572	-0.936055772172	0.351048582861	0	632.204632634	-57.2226141557	109.718246777	1	1668092623.95	1
-0.999695052403	-0.0198048973563	0.014751732384	0	-0.00685724472439	-0.351241741778	-0.936259741575	0	0.0237239079471	-0.936075344615	0.350998816353	0	632.216574428	-57.9575000626	109.723079064	1	1668092624.01	1
-0.999696565694	-0.0196919115335	0.0147997934182	0	-0.00694268497376	-0.35121187574	-0.936270298763	0	0.0236347870453	-0.936088925282	0.35096858616	0	632.228706381	-58.4297530054	109.727683066	1	1668092624.05	1
-0.999695664215	-0.0196618717481	0.0148980640846	0	-0.00704623937849	-0.351173012358	-0.936284035096	0	0.0236409312262	-0.936104101207	0.350927602245	0	632.250431196	-59.1261811879	109.740682797	1	1668092624.11	1
-0.999692510749	-0.0197631708676	0.0149745892492	0	-0.00708240033412	-0.351170637474	-0.936284627227	0	0.0237626503718	-0.936102845299	0.350922696739	0	632.276865841	-59.5940954913	109.747418215	1	1668092624.14	1
-0.99969378877	-0.0197598831492	0.0148964266111	0	-0.00701081019869	-0.351153074271	-0.936291845585	0	0.0237319162951	-0.936109552137	0.350907009521	0	632.352691014	-60.2389427705	109.755845253	1	1668092624.2	1
-0.999693713676	-0.0197645718424	0.0148954923614	0	-0.00700873596675	-0.351135498475	-0.936298460159	0	0.0237358399779	-0.936116049963	0.350889419558	0	632.390304766	-60.6847728812	109.75847477	1	1668092624.24	1
-0.999693995149	-0.0198132610017	0.0148115329728	0	-0.00691182496865	-0.351182081942	-0.936281704808	0	0.0237523087315	-0.936097543607	0.350937667257	0	632.470696742	-61.2987192266	109.773265398	1	1668092624.3	1
-0.99969448044	-0.0198459805613	0.0147341705022	0	-0.00682673580047	-0.351227105083	-0.936265422338	0	0.0237561327775	-0.936079948945	0.350984312763	0	632.549263158	-61.9219177327	109.792224049	1	1668092624.35	1
-0.999695645252	-0.0198493825331	0.0146487689501	0	-0.00674490134272	-0.351252715807	-0.936256361239	0	0.0237295622309	-0.936070242453	0.351011934023	0	632.603767273	-62.286133232	109.809254365	1	1668092624.39	1
-0.999699026826	-0.0197406410933	0.0145662581817	0	-0.00670587965944	-0.351250475037	-0.936257528594	0	0.0235987162265	-0.93607340741	0.351012377385	0	632.644934875	-62.6720333123	109.8199869	1	1668092624.45	1
-0.999697486373	-0.0197342011435	0.014677789158	0	-0.00681492941605	-0.35115749849	-0.936291543386	0	0.0236312395351	-0.936108387036	0.350916791963	0	632.642365708	-63.088114259	109.814910671	1	1668092624.48	1
-0.999694953073	-0.0197973936364	0.0147647868166	0	-0.00687647372582	-0.351068638212	-0.936324410152	0	0.0237203000844	-0.93614037868	0.350825421117	0	632.665312128	-63.633916603	109.812054239	1	1668092624.54	1
-0.999695974488	-0.01972904905	0.0147920071045	0	-0.00692603387417	-0.351066586189	-0.93632496253	0	0.0236657021562	-0.936142669643	0.350823194658	0	632.673743757	-63.9531010055	109.815563425	1	1668092624.58	1
-0.999695490616	-0.0197007014569	0.0148607169497	0	-0.00700081492117	-0.351047404637	-0.936331549395	0	0.0236631726859	-0.936150433938	0.350802580667	0	632.687559292	-64.4469159928	109.818266817	1	1668092624.63	1
-0.999694763247	-0.0197488523347	0.0148441028952	0	-0.00696782693204	-0.351067901282	-0.936324061387	0	0.0237026290874	-0.936141706981	0.350823138675	0	632.711245136	-64.6023484418	109.822884108	1	1668092624.67	1
-0.999693937917	-0.0198326498389	0.0147910345551	0	-0.00688686105918	-0.351141350773	-0.936297213676	0	0.0237629222428	-0.936112438198	0.350897281106	0	632.810433372	-65.4556915286	109.840926832	1	1668092624.77	1
-0.999694255811	-0.0198864361088	0.0146934904582	0	-0.00677455971356	-0.35122175659	-0.936267768093	0	0.0237797279738	-0.936081076159	0.350979655338	0	632.881877809	-65.8517255279	109.86115626	1	1668092624.82	1
-0.99969464134	-0.0198920875242	0.014661762507	0	-0.00674259474729	-0.351232636288	-0.936263983009	0	0.0237738971372	-0.936076908635	0.35099125325	0	632.91156604	-66.088380574	109.871762208	1	1668092624.86	1
-0.999695795458	-0.0198606706451	0.0146241779706	0	-0.00671831671735	-0.351236730329	-0.936262578754	0	0.0237313548056	-0.936076016817	0.350996452907	0	632.947972015	-66.4376235215	109.885071525	1	1668092624.92	1
-0.999694534712	-0.0199096098812	0.0146444213312	0	-0.00672038367569	-0.351225270416	-0.936266881462	0	0.0237841851573	-0.936079286923	0.350984180512	0	632.96532927	-66.6422327031	109.89031185	1	1668092624.98	1
-0.999694322355	-0.019897934126	0.0146754278233	0	-0.00675429553075	-0.351194995184	-0.936278014274	0	0.0237839017362	-0.936090904831	0.350953240128	0	632.978158695	-66.9502000514	109.895926777	1	1668092625.01	1
-0.999695821423	-0.0198399408696	0.0146508081933	0	-0.00675213407073	-0.351173759639	-0.93628596508	0	0.0237208328861	-0.93610008661	0.350932977309	0	632.997519552	-67.2105841491	109.903752938	1	1668092625.07	1
-0.99969702653	-0.0198051805025	0.0146153727853	0	-0.0067312393166	-0.351170230842	-0.936287433305	0	0.0236758262836	-0.936102143431	0.350930522321	0	633.017437359	-67.3673651356	109.909947665	1	1668092625.11	1
-0.999696686459	-0.0198267555444	0.0146072580373	0	-0.00671619447083	-0.351164668639	-0.936289564262	0	0.0236931986337	-0.936103739782	0.35092500648	0	633.039164942	-67.5633882137	109.917031557	1	1668092625.16	1
-0.999697336908	-0.0198070900504	0.0145894106393	0	-0.00670652527858	-0.35115906724	-0.936291734412	0	0.0236684799232	-0.936106257351	0.350919958788	0	633.054333565	-67.7059066255	109.921456408	1	1668092625.2	1
-0.99969767352	-0.0197994684824	0.0145761735365	0	-0.006696720331	-0.351162264311	-0.936290590299	0	0.023656734098	-0.936105211205	0.350923520998	0	633.071648275	-67.880806998	109.927726041	1	1668092625.26	1
-0.999695395375	-0.0198942025947	0.0146059712624	0	-0.00669150239098	-0.351157429281	-0.936292517519	0	0.0237557910593	-0.936105057009	0.350917343493	0	633.084431356	-68.0216280399	109.932214662	1	1668092625.3	1
-0.999695839491	-0.0198667222148	0.0146102801863	0	-0.0067057292274	-0.35113548697	-0.936300564545	0	0.0237314907417	-0.936113828854	0.350895479075	0	633.089443087	-68.1468604488	109.9340676	1	1668092625.36	1
-0.999697946926	-0.0197665309603	0.0146057824412	0	-0.00673748887443	-0.351104630498	-0.93631202142	0	0.0236357693841	-0.936127583599	0.350865396196	0	633.090471245	-68.3109215983	109.938518775	1	1668092625.45	1
-0.999697203138	-0.0197771754039	0.0146399001158	0	-0.00676602397674	-0.351091619677	-0.936316624643	0	0.0236576821585	-0.936132201537	0.350851504277	0	633.089457934	-68.4207671605	109.93635732	1	1668092625.55	1
-0.999695619842	-0.0198359204808	0.0146711416531	0	-0.00677471589095	-0.351090074439	-0.936317219936	0	0.023723568559	-0.936131579871	0.350848820018	0	633.093649305	-68.5029655587	109.931535382	1	1668092625.73	1
