-0.998654889974	-0.0517495059903	-0.00323129560471	0	0.0195713690239	-0.318509190619	-0.947717750754	0	0.0480146870355	-0.946506168243	0.319093562267	0	637.080966811	53.8582374605	105.798921537	1	1668092695.1	1
-0.998656481916	-0.0517205448582	-0.0031830474548	0	0.01951639926	-0.318510447586	-0.947718337564	0	0.0480027577323	-0.946507260645	0.319091936219	0	637.080181414	53.7591004765	105.796990156	1	1668092696.44	1
-0.998654369616	-0.0517669637612	-0.00309716226021	0	0.0194497917672	-0.318511496582	-0.947719399034	0	0.0480741122788	-0.946504394314	0.319089761144	0	637.073337477	53.6378270174	105.793320591	1	1668092696.54	1
-0.998651494966	-0.0518291376707	-0.00299967790712	0	0.0193753252525	-0.318475548376	-0.94773310841	0	0.0481648010818	-0.946513144295	0.319050277687	0	637.080760428	53.4028846111	105.816399829	1	1668092696.65	1
-0.998648697378	-0.0518816053833	-0.00301537150831	0	0.0194074469815	-0.318484113813	-0.94772952193	0	0.0482093672231	-0.946507360064	0.319060632485	0	637.106444771	53.2927890698	105.828606671	1	1668092696.69	1
-0.99864526432	-0.0519414296549	-0.00312286258071	0	0.0195306631663	-0.318524729354	-0.947713354747	0	0.048230849848	-0.946490419043	0.31910765829	0	637.170967027	53.1050344875	105.849732504	1	1668092696.75	1
-0.998649705518	-0.0518554759417	-0.00313039389816	0	0.0195100555465	-0.318519727056	-0.947715456281	0	0.0481471202529	-0.94649681323	0.319101330749	0	637.173727949	52.9535744934	105.855621335	1	1668092696.79	1
-0.998653167855	-0.0517898620502	-0.00309582541215	0	0.0194534500999	-0.318464176915	-0.947735189272	0	0.0480972400147	-0.946519044147	0.319042763601	0	637.191683805	52.5904687732	105.896406541	1	1668092696.88	1
-0.998654509385	-0.0517643431957	-0.00311584177268	0	0.0194633458243	-0.318446208549	-0.947741182206	0	0.0480668887736	-0.946526571649	0.319025235066	0	637.221350671	52.3551735937	105.924688149	1	1668092696.94	1
-0.998655114726	-0.0517549217255	-0.00306602900367	0	0.0194139188778	-0.318462916244	-0.947736509018	0	0.0480736018999	-0.946521425961	0.319039384205	0	637.225258943	52.1661268083	105.918603042	1	1668092696.98	1
-0.998657921531	-0.0517024655563	-0.00302733295045	0	0.0193617332292	-0.318488694779	-0.947728858237	0	0.0480357924437	-0.946515588747	0.319062315132	0	637.248112816	51.8420387914	105.90136107	1	1668092697.04	1
-0.998659795348	-0.0516663736643	-0.00302537811471	0	0.0193500545564	-0.31852265459	-0.947717683729	0	0.0480015296201	-0.946506131906	0.319095524025	0	637.275062565	51.5944623599	105.897858964	1	1668092697.08	1
-0.998655841932	-0.0517456161172	-0.00298953959639	0	0.0193428370448	-0.318551257191	-0.947708298839	0	0.0480873922319	-0.94649222128	0.319123974723	0	637.312984399	51.2753028103	105.892318171	1	1668092697.13	1
-0.998654955402	-0.051763630917	-0.00295312537309	0	0.0193135489439	-0.318541140961	-0.947712176152	0	0.0481164152088	-0.94649457548	0.319112442884	0	637.340705701	50.9579808588	105.881588968	1	1668092697.17	1
-0.998653499664	-0.0517925850407	-0.0029420778038	0	0.0193110059968	-0.318515211846	-0.947720968023	0	0.0481478809695	-0.946501731291	0.319086508105	0	637.375316477	50.5983949599	105.900508149	1	1668092697.23	1
-0.998654153357	-0.0517718719026	-0.00308733709458	0	0.0194400444937	-0.318472300758	-0.947732786352	0	0.0480826921856	-0.946517323159	0.319050137388	0	637.461392008	50.2018487299	105.971329133	1	1668092697.28	1
-0.998651584935	-0.0518124122249	-0.00322643694311	0	0.0195862667595	-0.318496685287	-0.947721529835	0	0.0480762034724	-0.946506871904	0.319082044199	0	637.550470303	49.8924892126	106.012798705	1	1668092697.32	1
-0.998652620555	-0.051794733308	-0.00320698882353	0	0.0195649045374	-0.318551171757	-0.947703768078	0	0.0480644389028	-0.946489562916	0.319135315396	0	637.608326236	49.4438164826	106.01651394	1	1668092697.38	1
-0.998653050857	-0.0517967942574	-0.00302122633657	0	0.0193876064019	-0.318518037869	-0.947718465718	0	0.0481265106015	-0.946500556145	0.319093234337	0	637.647536688	48.6312195266	106.007656252	1	1668092697.47	1
-0.998654677172	-0.0517706434392	-0.00295258277882	0	0.0193105516739	-0.318448688935	-0.947743471075	0	0.0481249633903	-0.946525390811	0.319019978486	0	637.653893828	48.306752455	106.005420421	1	1668092697.51	1
-0.998649742406	-0.0518308097555	-0.00349577026743	0	0.0198530715578	-0.318601719519	-0.947680709781	0	0.0480053380909	-0.946470534293	0.319200532496	0	637.915836695	47.6592282077	106.059528144	1	1668092697.57	1
-0.998650877814	-0.0518058496433	-0.00355401111539	0	0.0199012446214	-0.318619617096	-0.947673772167	0	0.0479626155863	-0.946465924887	0.3192207522	0	637.975576539	47.2558234913	106.072798738	1	1668092697.6	1
-0.998658541898	-0.0516645807689	-0.00343649793959	0	0.0197416122954	-0.318561794484	-0.94769642081	0	0.0478676779505	-0.946493040135	0.319154412616	0	637.981989224	46.7067059464	106.08427032	1	1668092697.66	1
-0.998657454787	-0.0516920063157	-0.00336081946377	0	0.0196772585116	-0.318536307446	-0.947706472457	0	0.047918236785	-0.946500200094	0.319125803012	0	638.00376058	46.3600120099	106.097220415	1	1668092697.7	1
-0.998656360621	-0.0517187966807	-0.00324971183196	0	0.0195777930459	-0.318484603833	-0.947725762157	0	0.0479803300044	-0.946516055562	0.319069228677	0	638.054161287	45.7022918955	106.127536954	1	1668092697.76	1
-0.998658072078	-0.0516943152374	-0.00312865681297	0	0.0194538808052	-0.31846129895	-0.947736257624	0	0.047996185846	-0.94652529544	0.31903959583	0	638.092166997	45.0637634115	106.142744865	1	1668092697.81	1
-0.998660223674	-0.0516561955142	-0.00305144182174	0	0.0193672373465	-0.318437818694	-0.947745804297	0	0.0479853301573	-0.946535212392	0.319011635279	0	638.11202138	44.6119091366	106.15678167	1	1668092697.85	1
-0.998655253466	-0.0517416376641	-0.00322696422616	0	0.0195649664858	-0.31851328262	-0.947716393408	0	0.0480086400749	-0.946505159255	0.319097299037	0	638.258552831	43.8904569355	106.197947379	1	1668092697.9	1
-0.998652642343	-0.0517849718368	-0.0033403784901	0	0.0196890929532	-0.31856523268	-0.947696377089	0	0.048012359028	-0.946485314219	0.319155620449	0	638.347787695	43.5000485031	106.219591322	1	1668092697.94	1
-0.998659996524	-0.0516545721383	-0.00317837955996	0	0.0194899689123	-0.318493308145	-0.947724808812	0	0.047941943092	-0.94651672168	0.319073257465	0	638.384651858	42.653190295	106.248380232	1	1668092698	1
-0.998661829592	-0.0516201257202	-0.00314745278069	0	0.019448717325	-0.318475600124	-0.94773151674	0	0.0479196392765	-0.946524510193	0.3190533718	0	638.428100904	42.1791008871	106.269832786	1	1668092698.04	1
-0.998652052605	-0.0518109773383	-0.00311049571149	0	0.0194739594876	-0.318461037061	-0.947735873381	0	0.0481125749127	-0.946518972306	0.319040737503	0	638.536694582	41.3810499266	106.325415215	1	1668092698.09	1
-0.998655909963	-0.0517375363558	-0.00309047658653	0	0.0194283928714	-0.318400371523	-0.94775716732	0	0.0480506607534	-0.946543385367	0.318977598395	0	638.577205053	40.8626604153	106.365126745	1	1668092698.13	1
-0.998657043286	-0.0517165350063	-0.00308431298992	0	0.0194150930071	-0.318386068595	-0.947762296799	0	0.0480329766935	-0.946549372432	0.3189625707	0	638.587892266	40.7142125899	106.375134003	1	1668092698.19	1
-0.99865816328	-0.051682387355	-0.00328819547038	0	0.0196036433004	-0.318504156047	-0.947718742849	0	0.0479330549471	-0.946511511813	0.31908993712	0	638.808731015	39.4152965069	106.420052639	1	1668092698.23	1
-0.998654237634	-0.0517566984424	-0.0032985255635	0	0.0196383057313	-0.318525293104	-0.947710836758	0	0.0479997960994	-0.946500292319	0.319113060805	0	638.93049133	38.5778259306	106.453024803	1	1668092698.28	1
-0.998654628518	-0.0517548234859	-0.00321271194529	0	0.019555764365	-0.318515417638	-0.947715890058	0	0.0480256189483	-0.946503733075	0.319099009654	0	639.00926356	37.6801970286	106.481835726	1	1668092698.34	1
-0.998654538426	-0.0517615674999	-0.00313375704555	0	0.019481735557	-0.318490676758	-0.947725746248	0	0.0480577296812	-0.946511698813	0.319070570498	0	639.057124565	37.0543261205	106.507737136	1	1668092698.38	1
-0.998650495817	-0.0518390518742	-0.00313428078449	0	0.0195047584065	-0.318446055981	-0.947740223841	0	0.0481319298732	-0.946522448256	0.319027432826	0	639.157731685	36.1641484891	106.574190626	1	1668092698.43	1
-0.99865067724	-0.05183522179	-0.003145988274	0	0.0195147349197	-0.318447961693	-0.947739416275	0	0.048124485896	-0.946522037594	0.319029829577	0	639.170117245	36.0816704118	106.579592416	1	1668092698.47	1
-0.998653221741	-0.051782116875	-0.00322196347893	0	0.0195758506387	-0.318566357563	-0.947698427922	0	0.0480473961592	-0.946485136954	0.319150993889	0	639.392103407	34.5026325898	106.623670978	1	1668092698.53	1
-0.998656927715	-0.0517177376764	-0.00311269105146	0	0.0194512222956	-0.318559974823	-0.94770318533	0	0.0480214149588	-0.946490830066	0.319138086641	0	639.4395078	33.7893896804	106.638118956	1	1668092698.57	1
-0.998658255674	-0.0516953721679	-0.00305473159164	0	0.0193891522542	-0.318561667031	-0.947703870757	0	0.0480187305385	-0.946491472727	0.319136558899	0	639.525214909	32.8390965993	106.672119617	1	1668092698.62	1
-0.998658669701	-0.0516876900952	-0.00304230049043	0	0.0193740981667	-0.318545784048	-0.947709475079	0	0.0480157904236	-0.946497214872	0.31911990937	0	639.6121944	32.0725740771	106.713628779	1	1668092698.66	1
-0.998657748745	-0.0517003606675	-0.00311814761635	0	0.0194492988637	-0.318529213733	-0.947713443104	0	0.0480039553856	-0.94650206623	0.319107211885	0	639.763128969	31.0355094079	106.753962123	1	1668092698.72	1
-0.998656027682	-0.0517346083123	-0.00310927852984	0	0.0194521089783	-0.31853467019	-0.947711600308	0	0.0480390764669	-0.946498385161	0.319112915831	0	639.852940085	30.3336793554	106.778360196	1	1668092698.75	1
-0.998650219915	-0.051851580247	-0.00302536363368	0	0.0194092681393	-0.318522260266	-0.947716651625	0	0.0481769594351	-0.946496161792	0.319098726328	0	639.87329115	30.0346330542	106.788279233	1	1668092698.81	1
-0.998653478507	-0.0517714611866	-0.00331387926891	0	0.0196637986948	-0.318647850818	-0.94766921945	0	0.0480062243369	-0.946458292542	0.319236802084	0	640.153720894	28.3614060194	106.874870044	1	1668092698.85	1
-0.998658202479	-0.0516861811171	-0.00321273617347	0	0.0195394248848	-0.318626023671	-0.947679083997	0	0.0479582628109	-0.946470276319	0.319208412294	0	640.236501162	27.266093307	106.918142501	1	1668092698.9	1
-0.998656108053	-0.0517334415797	-0.00309203461225	0	0.0194356930642	-0.31854080546	-0.947709808979	0	0.0480434176124	-0.94649634827	0.319118207914	0	640.336964904	26.1722663955	106.957576617	1	1668092698.96	1
-0.998653027472	-0.0518034146985	-0.00293445303517	0	0.0193051025857	-0.318473707804	-0.947735167888	0	0.0481612992601	-0.946515176106	0.319044790124	0	640.390940536	25.4092958645	106.981049152	1	1668092699	1
-0.99864520177	-0.0519330087402	-0.00327584616737	0	0.0196787068557	-0.318633847401	-0.947673590385	0	0.0481717379597	-0.94645414129	0.319224135994	0	640.671843936	24.1248756436	107.058411042	1	1668092699.06	1
-0.998652625372	-0.0517930324068	-0.00322128676133	0	0.0195813725743	-0.318618772371	-0.947680629319	0	0.0480569292426	-0.946466861696	0.319203658808	0	640.735489131	23.2742336585	107.089033523	1	1668092699.09	1
-0.998652912493	-0.0517952196807	-0.00311241095146	0	0.0194727830007	-0.318501600971	-0.947722361317	0	0.0480961100067	-0.946506237564	0.319081136364	0	640.841827957	22.0387262397	107.165219731	1	1668092699.15	1
-0.998653476784	-0.0517826107053	-0.00313254499255	0	0.0194837780585	-0.318421153089	-0.947749115409	0	0.0480794369801	-0.946533966116	0.319001309397	0	640.957189377	21.1406836985	107.214455987	1	1668092699.19	1
-0.998646836662	-0.0518929597524	-0.00340033506656	0	0.0197788801834	-0.318532456053	-0.94770552895	0	0.0480961807351	-0.946490433371	0.319127823443	0	641.221597838	19.8262095045	107.268003568	1	1668092699.24	1
-0.998650520991	-0.0518332318696	-0.00324077427211	0	0.0196043960576	-0.318454991316	-0.947735289311	0	0.048092093675	-0.94651982799	0.319041393763	0	641.256959565	18.9775822946	107.283128559	1	1668092699.28	1
-0.998657262045	-0.0517092184852	-0.00313052367	0	0.0194553422946	-0.318361001868	-0.947769859808	0	0.048011830997	-0.946558185934	0.318939552026	0	641.354182022	17.6574316395	107.325858853	1	1668092699.34	1
-0.998662521062	-0.051607533586	-0.00313951573715	0	0.0194275944194	-0.318286775298	-0.94779541249	0	0.0479140927084	-0.946588726162	0.318863679415	0	641.456599996	16.7346609315	107.36879792	1	1668092699.38	1
-0.998652845752	-0.0517850471406	-0.00329672413794	0	0.0196388678156	-0.318391739361	-0.947755842938	0	0.0480298668184	-0.946543752711	0.318979805083	0	641.665060377	15.6560329586	107.43585841	1	1668092699.43	1
-0.998652031081	-0.0518058904098	-0.00319687800914	0	0.0195538489906	-0.3184518801	-0.947737280553	0	0.0480803713348	-0.946522318111	0.319035630005	0	641.845609766	13.9173729128	107.477294983	1	1668092699.49	1
-0.998651607032	-0.051816700903	-0.00315678989121	0	0.0195200358928	-0.318467149703	-0.947732864904	0	0.0481030878092	-0.946516598764	0.319049200131	0	641.941844043	12.9757171695	107.501754126	1	1668092699.53	1
-0.998654440195	-0.0517545582896	-0.00327989763927	0	0.0196187302826	-0.318501557134	-0.947719278986	0	0.0480041568529	-0.946508429203	0.319088355859	0	642.1631367	11.3888633932	107.576629619	1	1668092699.59	1
-0.998650773757	-0.051825908616	-0.00326115760518	0	0.0196238289316	-0.318502492607	-0.947718804907	0	0.0480777719667	-0.946504180886	0.319089795712	0	642.287056556	10.420534321	107.619935154	1	1668092699.62	1
-0.998646988988	-0.0519019180914	-0.00321782789916	0	0.0196056854193	-0.318476263434	-0.947728038422	0	0.0481641285049	-0.946508865427	0.319062938958	0	642.4521535	9.01008261305	107.682687885	1	1668092699.68	1
-0.998647560795	-0.0518911312158	-0.00321795996676	0	0.019601222725	-0.318453979719	-0.947735641616	0	0.048154306836	-0.946516966936	0.319040420466	0	642.559746204	8.02755520428	107.72480888	1	1668092699.72	1
-0.998656495312	-0.0517197368441	-0.00320888003225	0	0.0195378081641	-0.318454615134	-0.947736765323	0	0.0479947902208	-0.946526149092	0.319037256131	0	642.710055787	6.41709675321	107.77082916	1	1668092699.77	1
-0.998662788993	-0.0516025943548	-0.00313562228796	0	0.0194287687389	-0.318414184429	-0.947752593524	0	0.0479080405706	-0.946546145575	0.318990967933	0	642.793484856	5.35918581176	107.817180924	1	1668092699.81	1
-0.998662735525	-0.0515996090999	-0.0031927038573	0	0.0194825942886	-0.318426054845	-0.947747447677	0	0.0478867848115	-0.946542286407	0.319005533943	0	642.998493596	3.77502953879	107.912208082	1	1668092699.87	1
-0.998660654285	-0.0516342601964	-0.0032749108983	0	0.0195725569707	-0.318442985189	-0.947739858351	0	0.0478930481785	-0.946534675411	0.319027107312	0	643.161851598	2.70244004998	107.995237856	1	1668092699.91	1
-0.998657041951	-0.0517104970556	-0.00319650121639	0	0.0195254154412	-0.318500356566	-0.947721705528	0	0.0479889948033	-0.946511293576	0.319082279192	0	643.334974699	1.09962187614	108.055540883	1	1668092699.96	1
-0.99865756206	-0.0517040604432	-0.00313346662829	0	0.0194670079315	-0.318568725114	-0.947699902382	0	0.048001654969	-0.946488622695	0.31914758042	0	643.439500218	0.0490981143177	108.07253778	1	1668092700	1
-0.998656681864	-0.0517185150868	-0.00315915300938	0	0.0194954466651	-0.318557335392	-0.947703046624	0	0.0480074686936	-0.946491612219	0.31913769504	0	643.588063856	-1.13871866603	108.108228187	1	1668092700.06	1
-0.998656959695	-0.051715459985	-0.00312401775233	0	0.019454878128	-0.318434221467	-0.947745272261	0	0.0480183165114	-0.946533215951	0.319012674298	0	643.826919315	-3.26207624731	108.206401166	1	1668092700.11	1
-0.998655745584	-0.0517371202191	-0.00314720559371	0	0.0194801309818	-0.318361567071	-0.947769123633	0	0.0480329616823	-0.946556450994	0.318941465441	0	643.961264607	-4.29707672188	108.273379032	1	1668092700.15	1
-0.998657867512	-0.0516862857206	-0.00331421868758	0	0.0196251649773	-0.318416793903	-0.947747637467	0	0.0479302596154	-0.946540683575	0.319003789535	0	644.216205816	-5.94812050222	108.325898567	1	1668092700.21	1
-0.998658943989	-0.0516647730002	-0.00332172149141	0	0.0196274416433	-0.318456969055	-0.94773406853	0	0.0479066704982	-0.946528329603	0.319043953008	0	644.35063351	-7.08419130675	108.351534305	1	1668092700.25	1
-0.998658502217	-0.0516743162101	-0.00330392987205	0	0.0196159538099	-0.318503222181	-0.947718749361	0	0.0479204501238	-0.946512238133	0.319089599473	0	644.47633444	-8.23641481956	108.394583629	1	1668092700.3	1
-0.998652688489	-0.0517898164157	-0.00326937769649	0	0.0196184138713	-0.31847002568	-0.94772996355	0	0.0480414972639	-0.946517154928	0.319056970157	0	644.66541421	-9.81865757584	108.472014284	1	1668092700.34	1
-0.998659120072	-0.0516736505178	-0.00312839182293	0	0.0194425698801	-0.318373386083	-0.947765982148	0	0.0479785401558	-0.946555973975	0.318951155674	0	644.802457499	-11.4275904018	108.536550402	1	1668092700.4	1
-0.998658394059	-0.0516871621651	-0.00313693141499	0	0.01945639701	-0.318401037227	-0.947756409377	0	0.0479880457276	-0.946545935362	0.318979515964	0	644.94138932	-12.5292133081	108.576754264	1	1668092700.43	1
-0.998651911597	-0.0518009818447	-0.00332248106583	0	0.0196763027999	-0.318547164548	-0.947702794364	0	0.0480335476274	-0.946490561824	0.319136983019	0	645.218316809	-14.1558233304	108.653889089	1	1668092700.49	1
-0.998651660754	-0.0518154031037	-0.00317769520708	0	0.0195401393765	-0.318480832208	-0.947727956208	0	0.0480947993267	-0.946512122291	0.319063879749	0	645.299279644	-15.2092494948	108.703050758	1	1668092700.53	1
-0.998655204741	-0.0517562579765	-0.00301434382353	0	0.0193648549501	-0.318454239409	-0.947740432157	0	0.0480915535687	-0.946524274277	0.319028233631	0	645.424776037	-16.7889090684	108.77161242	1	1668092700.59	1
-0.998650707493	-0.0518221814491	-0.00334538704603	0	0.0197080936008	-0.318611416248	-0.947680480197	0	0.0480450248974	-0.946467744947	0.319202838493	0	645.728489746	-18.4052259568	108.903051374	1	1668092700.64	1
-0.998652964434	-0.0517821559091	-0.00329108702413	0	0.019636631524	-0.318471024995	-0.947729152316	0	0.0480273758652	-0.946517184457	0.319058866043	0	645.825771633	-19.4114534424	108.939721715	1	1668092700.68	1
-0.99865830374	-0.0516904429076	-0.00311048588453	0	0.0194311376755	-0.318377137712	-0.947764950001	0	0.0480000974845	-0.946553791792	0.318954379018	0	645.93921332	-20.9460064878	108.955466244	1	1668092700.74	1
-0.998659114566	-0.0516778642541	-0.0030710025634	0	0.0193880574033	-0.318346077054	-0.947776339605	0	0.0480013568314	-0.946564965592	0.318921134675	0	646.037111373	-21.925594142	108.977139139	1	1668092700.78	1
-0.99865767699	-0.0516946659621	-0.00323383661083	0	0.0195526920185	-0.318438993797	-0.947741636747	0	0.047963454653	-0.946532735926	0.319022323851	0	646.273658933	-23.4802880572	109.044093283	1	1668092700.83	1
-0.998659757113	-0.0516602276487	-0.00315937854084	0	0.0194690496961	-0.318400563652	-0.947756387461	0	0.0479552930388	-0.946547607915	0.318979592991	0	646.357753545	-24.5243607625	109.090378546	1	1668092700.87	1
-0.998659096822	-0.0516756983746	-0.00310498458308	0	0.0194169090009	-0.318292545049	-0.947793679439	0	0.047989596674	-0.946583059474	0.318869126131	0	646.499892123	-25.9154838774	109.163603346	1	1668092700.93	1
-0.998657525235	-0.0517075020201	-0.00309265114466	0	0.0194140235701	-0.318266192596	-0.947802659277	0	0.0480241403748	-0.94659022223	0.318842764837	0	646.618123734	-26.8172978566	109.20750766	1	1668092700.96	1
-0.998657536235	-0.0516968621707	-0.00323916119741	0	0.0195575293367	-0.318420813448	-0.947747626034	0	0.0479642282403	-0.946538721668	0.319004419432	0	646.825809423	-28.0534605232	109.261408663	1	1668092701.02	1
-0.998656827822	-0.0517091923623	-0.0032606858959	0	0.019582910648	-0.318440746857	-0.947740404539	0	0.0479686218244	-0.946531342205	0.319025654091	0	646.850189627	-28.1832740746	109.266989218	1	1668092701.06	1
-0.998657628882	-0.0516973928669	-0.00321125756531	0	0.0195359204022	-0.31851377561	-0.947716892467	0	0.0479716702561	-0.946507446646	0.319096169373	0	647.121490244	-30.5187850166	109.344848716	1	1668092701.12	1
-0.998649860495	-0.0518513359341	-0.00315329458533	0	0.0195307465247	-0.318525361351	-0.947713160118	0	0.0481357419705	-0.946495156814	0.319107994788	0	647.230275744	-31.4444002979	109.392741134	1	1668092701.15	1
-0.998650005569	-0.0518477486555	-0.00315431021437	0	0.0195329454483	-0.31857199216	-0.947697366419	0	0.0481311270526	-0.94647961879	0.319154665694	0	647.385854479	-32.7557223696	109.453871704	1	1668092701.21	1
-0.998653034136	-0.0517828952317	-0.00325906576138	0	0.0196164203101	-0.318666910244	-0.947663729829	0	0.0480342423039	-0.946451215908	0.31925347654	0	647.552866078	-33.9346071304	109.509077788	1	1668092701.27	1
-0.998653797672	-0.0517697942042	-0.00322403918902	0	0.0195746475871	-0.318581198482	-0.947693353475	0	0.0480348561791	-0.946480755748	0.319165713894	0	647.659553063	-34.9434293634	109.544080591	1	1668092701.3	1
-0.998654150412	-0.0517682268527	-0.0031397908019	0	0.019490705038	-0.318512453392	-0.94771819646	0	0.0480617067079	-0.946503981248	0.31909279642	0	647.776079236	-36.1642270515	109.585869444	1	1668092701.36	1
-0.998655035116	-0.0517494555006	-0.00319125021916	0	0.0195342770013	-0.318527541647	-0.947712375413	0	0.048027030375	-0.946500010176	0.319110009692	0	647.890558389	-37.0119377796	109.624173036	1	1668092701.4	1
-0.998654742278	-0.0517531305166	-0.00322074012765	0	0.0195616454282	-0.318492155697	-0.947723688279	0	0.0480218344332	-0.946511708766	0.319076068882	0	648.041900709	-38.2071987629	109.670996271	1	1668092701.45	1
-0.998652998264	-0.0517844076344	-0.00325854916731	0	0.0196062206075	-0.318466311687	-0.947731451926	0	0.0480399208648	-0.946518693973	0.319052624359	0	648.14748401	-38.9789867811	109.707238664	1	1668092701.49	1
-0.998650411923	-0.0518369564166	-0.00320858494291	0	0.0195737764487	-0.318430026586	-0.947744271751	0	0.0481064586336	-0.946528001984	0.319014920464	0	648.26893312	-40.1270886116	109.752276854	1	1668092701.55	1
-0.998653902143	-0.0517722682474	-0.00316726345649	0	0.0195132749464	-0.31841831075	-0.947749460834	0	0.0480586093814	-0.946535486594	0.318999932401	0	648.287100765	-40.4803768569	109.765896011	1	1668092701.59	1
-0.998662083719	-0.0516224719512	-0.00303973939558	0	0.0193428238965	-0.318388539089	-0.947763017311	0	0.0479579761134	-0.946553715618	0.31896107317	0	648.398954528	-42.0119504099	109.818689412	1	1668092701.64	1
-0.998661497045	-0.0516257897871	-0.00315459960518	0	0.0194560528388	-0.318450636148	-0.947739720913	0	0.0479232671561	-0.946532582134	0.319028830032	0	648.522736733	-42.7724377194	109.855922081	1	1668092701.68	1
-0.998660562781	-0.0516373462105	-0.00325923768807	0	0.0195602019899	-0.318473358211	-0.947729940429	0	0.047900319989	-0.946524306026	0.319056827239	0	648.689040178	-43.8411991004	109.914019757	1	1668092701.74	1
-0.998658792799	-0.0516639251956	-0.00337850678349	0	0.0196816451211	-0.318468506055	-0.947729058747	0	0.0478874944426	-0.946524489342	0.31905821166	0	648.853666729	-44.931980463	109.998655925	1	1668092701.8	1
-0.998661327012	-0.0516163640595	-0.00336787096415	0	0.0196560434049	-0.318462925963	-0.947731541592	0	0.0478458773628	-0.946529003175	0.319051175335	0	648.89436069	-45.3873691084	110.023922868	1	1668092701.83	1
-0.99866231444	-0.0516060157019	-0.00321761819677	0	0.0195124019602	-0.318507325265	-0.947719505372	0	0.047883239506	-0.94651458232	0.319088228061	0	649.006089115	-46.6188907203	110.050758821	1	1668092701.89	1
-0.99865866165	-0.0516775020196	-0.00320356439234	0	0.0195256542651	-0.318580721401	-0.947694559828	0	0.0479539430949	-0.94648597912	0.319162442483	0	649.096597267	-47.316261369	110.068995711	1	1668092701.93	1
-0.998655485997	-0.0517370662246	-0.00324116274096	0	0.0195812438223	-0.318597646345	-0.947687781476	0	0.0479979500053	-0.946477059783	0.319182361949	0	649.23531138	-48.2941263923	110.099782633	1	1668092701.98	1
-0.99866252345	-0.0516060760507	-0.00317057453298	0	0.0194667510465	-0.318487415264	-0.94772725632	0	0.0478986229784	-0.946521344442	0.31906603564	0	649.266656011	-48.9199065451	110.127611259	1	1668092702.02	1
-0.998660868903	-0.0516443631388	-0.00306389451764	0	0.0193732669049	-0.318398710191	-0.947758960598	0	0.0479708103187	-0.946549090414	0.318972842625	0	649.312276689	-49.6221015755	110.165182131	1	1668092702.08	1
-0.998659516678	-0.0516646006063	-0.00314674413053	0	0.0194595693025	-0.31842217412	-0.947749215579	0	0.0479631276172	-0.946540041863	0.319000711636	0	649.539185638	-51.3067280256	110.246065054	1	1668092702.17	1
-0.998659088198	-0.0516760548263	-0.00310830271088	0	0.0194261198415	-0.318409986074	-0.947754082542	0	0.0479864277342	-0.946543563365	0.318986882998	0	649.597842272	-51.8748921141	110.255020266	1	1668092702.21	1
-0.998659040848	-0.0516781364321	-0.00309449403986	0	0.0194114760703	-0.318366608076	-0.947768989184	0	0.0479936677945	-0.946558059298	0.318942825837	0	649.703799045	-52.7573453815	110.275661714	1	1668092702.27	1
-0.998654107321	-0.0517714910078	-0.00312353585164	0	0.0194683197141	-0.318355308711	-0.947771603312	0	0.0480730864455	-0.946556749898	0.318934728709	0	649.789160842	-53.2687391316	110.294887816	1	1668092702.31	1
-0.998655234173	-0.0517393548079	-0.00327884166492	0	0.0196116216164	-0.318477066572	-0.94772766168	0	0.0479905932517	-0.946517504051	0.319063484122	0	649.93857574	-54.0912302259	110.349616071	1	1668092702.37	1
-0.998649430195	-0.0518551755889	-0.00321905728415	0	0.0195920486914	-0.318479310528	-0.947727329754	0	0.0481193580806	-0.946510420225	0.319065130094	0	650.025913328	-54.8653086635	110.38851109	1	1668092702.42	1
-0.998660568949	-0.0516415478563	-0.00319992757233	0	0.0195020654433	-0.318410439903	-0.94775234122	0	0.047924487002	-0.946545278111	0.318991064354	0	650.050287719	-55.3423776165	110.407651351	1	1668092702.46	1
-0.998656335986	-0.0517271364391	-0.00313068519968	0	0.019459578401	-0.318328557729	-0.947780675053	0	0.0480294180345	-0.946568120971	0.318907423574	0	650.119212011	-56.0278791885	110.445500587	1	1668092702.51	1
-0.998655300802	-0.0517507195825	-0.00307886433884	0	0.0194152979618	-0.31827672141	-0.947799041799	0	0.0480693259281	-0.946584290034	0.318853486149	0	650.158866658	-56.4765450986	110.465078549	1	1668092702.55	1
-0.998655173889	-0.0517501804567	-0.00312566211074	0	0.0194625710224	-0.318336367263	-0.947778022094	0	0.0480526646301	-0.946564252157	0.31891545053	0	650.255680983	-57.1604093363	110.486674254	1	1668092702.61	1
-0.99865512497	-0.051749378611	-0.00315443503301	0	0.0194917309055	-0.318377924305	-0.947763463792	0	0.0480418607188	-0.946550319048	0.31895842951	0	650.319049795	-57.6160248026	110.500977506	1	1668092702.65	1
-0.998655121289	-0.0517472086967	-0.00318355606508	0	0.019521361219	-0.318430740566	-0.947745063416	0	0.0480294587232	-0.94653264566	0.319012672607	0	650.40546269	-58.2490886804	110.520588982	1	1668092702.7	1
-0.998657081617	-0.0517092196549	-0.00318608243043	0	0.0195127485811	-0.318453239952	-0.947737682209	0	0.0479921957202	-0.946527152963	0.319034578841	0	650.46250886	-58.732962581	110.535098175	1	1668092702.74	1
-0.998657136713	-0.0517073602889	-0.00321630490993	0	0.0195422877439	-0.318482226323	-0.947727442605	0	0.0479800774611	-0.946517561214	0.319065016034	0	650.541207045	-59.3250045438	110.557940999	1	1668092702.8	1
-0.9986577324	-0.051693234341	-0.00324875613202	0	0.0195705917601	-0.318522044086	-0.947713416896	0	0.0479555601655	-0.946504901447	0.319106167519	0	650.595852288	-59.7254021808	110.58111287	1	1668092702.83	1
-0.998653006524	-0.0517816900807	-0.0032882563417	0	0.0196397397976	-0.318588212306	-0.947689717605	0	0.0480253916977	-0.946477781491	0.319176057789	0	650.687507352	-60.3253146542	110.616358046	1	1668092702.89	1
-0.998655175991	-0.0517433467129	-0.00322691367151	0	0.0195697860438	-0.318598530299	-0.947687660587	0	0.0480084927109	-0.946476386068	0.319182686509	0	650.72568928	-60.8766727123	110.633258268	1	1668092702.95	1
-0.998654546738	-0.0517602477809	-0.00314532530449	0	0.019496474346	-0.318572922538	-0.947697753264	0	0.0480511333447	-0.946484066894	0.319153453496	0	650.739216444	-61.2264366135	110.648070548	1	1668092702.99	1
-0.998658440708	-0.0516885948717	-0.00310096691019	0	0.0194301886825	-0.318548291012	-0.947707480728	0	0.0479978524531	-0.946496319898	0.319125257378	0	650.764186715	-61.6779332221	110.668042346	1	1668092703.04	1
-0.998661124349	-0.0516374604002	-0.00309793005771	0	0.0194090171001	-0.318510395377	-0.947720708145	0	0.0479511032113	-0.946511894936	0.31908617074	0	650.794229064	-61.9879450389	110.672569147	1	1668092703.08	1
-0.998666185699	-0.0515391476061	-0.00308060518785	0	0.0193573005819	-0.318434363772	-0.947747176125	0	0.0478651851506	-0.946542759558	0.319007303093	0	650.829619475	-62.4429465907	110.676733608	1	1668092703.14	1
-0.998662868998	-0.0516071909821	-0.00302376816152	0	0.0193228251341	-0.318389114509	-0.947763127903	0	0.0479486860333	-0.946554298766	0.318960588162	0	650.847846971	-62.6892897582	110.686023899	1	1668092703.18	1
-0.998657353207	-0.0517121327847	-0.00304592091527	0	0.0193779911755	-0.31840046355	-0.947758149791	0	0.0480408398048	-0.946544732571	0.31897505309	0	650.922842498	-63.0944449358	110.710801505	1	1668092703.23	1
-0.998656141802	-0.0517326072957	-0.00310210772478	0	0.019439289874	-0.318428720873	-0.947747444042	0	0.0480416703404	-0.946534131484	0.319006447174	0	650.980132869	-63.3629052958	110.72588618	1	1668092703.27	1
-0.998651518657	-0.0518147021112	-0.00321475987258	0	0.0195755947105	-0.318490414335	-0.947723886955	0	0.048082205965	-0.94650887256	0.319075247423	0	651.07558869	-63.7134211139	110.749211179	1	1668092703.33	1
-0.998648620159	-0.051868094239	-0.00325408799818	0	0.0196317269471	-0.318524417379	-0.947711299228	0	0.04811951672	-0.946494506396	0.319112237846	0	651.124255968	-63.9580284966	110.764066188	1	1668092703.36	1
-0.998654973362	-0.0517423994259	-0.00330522424428	0	0.0196396605147	-0.318516968082	-0.947713639887	0	0.0479842505464	-0.946503893742	0.319104764878	0	651.166474452	-64.2759347148	110.777698319	1	1668092703.42	1
-0.998657662776	-0.0516940768881	-0.00325043848784	0	0.0195699642483	-0.318472704535	-0.947729970894	0	0.0479568790733	-0.946521436044	0.319056863045	0	651.180674911	-64.569451606	110.782369903	1	1668092703.48	1
-0.998656326668	-0.0517219507652	-0.00321175672086	0	0.0195413064109	-0.318455531438	-0.947736297472	0	0.0479960326882	-0.946525672079	0.319038356876	0	651.191097406	-64.7413524226	110.785560329	1	1668092703.52	1
-0.998655504988	-0.0517397545236	-0.00317779604306	0	0.0195137898626	-0.318436119523	-0.947743371082	0	0.0480241643965	-0.94653122128	0.319017636343	0	651.209677005	-64.9759445804	110.793127728	1	1668092703.57	1
-0.998651204734	-0.0518250954731	-0.00315283434141	0	0.0195166719971	-0.318422117128	-0.947748106159	0	0.0481131944983	-0.946531311958	0.319004082642	0	651.22840001	-65.1059100588	110.802085184	1	1668092703.61	1
-0.998649697088	-0.0518547556539	-0.00314072266277	0	0.0195140219443	-0.31840945061	-0.947752404223	0	0.0481454361913	-0.946533942003	0.318991396698	0	651.239301029	-65.1959013391	110.807475666	1	1668092703.67	1
-0.998654174834	-0.051764570537	-0.00319509392012	0	0.0195362164325	-0.318398219038	-0.947755664257	0	0.048042911174	-0.946542626063	0.318981004701	0	651.299519343	-65.6151896338	110.832709126	1	1668092703.76	1
-0.998653467475	-0.0517751636032	-0.00324321563995	0	0.0195859479314	-0.318411491383	-0.947750172799	0	0.0480373076357	-0.946537578721	0.318996816811	0	651.329747727	-65.7066988698	110.841415079	1	1668092703.8	1
-0.998652827894	-0.051785111332	-0.00329797295357	0	0.0196421728949	-0.318433050717	-0.94774187476	0	0.0480286908085	-0.946529841063	0.319021231047	0	651.36654439	-65.8151715508	110.854415382	1	1668092703.86	1
-0.998652970551	-0.0517796746946	-0.0033402293521	0	0.0196824882656	-0.318471545613	-0.947728105876	0	0.0480092385735	-0.946517188387	0.319061699835	0	651.400816718	-65.9599909978	110.871519755	1	1668092703.95	1
-0.998652115371	-0.0517925582871	-0.00338704017559	0	0.0197329386512	-0.318508931749	-0.947714435059	0	0.0480057636622	-0.946503872068	0.319101639758	0	651.435463254	-66.0804327003	110.887382808	1	1668092704.04	1
-0.998651089703	-0.0518116727213	-0.00340124912525	0	0.0197522632949	-0.318503594529	-0.947715853954	0	0.048019417048	-0.946504637036	0.319097356679	0	651.446666984	-66.1558040212	110.899828068	1	1668092704.29	1
