-0.996087100564	-0.0781248328897	-0.0413157518467	0	0.078740396769	-0.572244057702	-0.81629447876	0	0.0401301827964	-0.816353625319	0.576156506851	0	627.560864955	56.8725419089	112.557594834	1	1668092801.82	1
-0.996097993131	-0.078030893701	-0.0412310516634	0	0.0786175262862	-0.572262052568	-0.816293747385	0	0.0401011354993	-0.816350020048	0.576163667965	0	627.567622055	56.7375147446	112.557504034	1	1668092802.82	1
-0.99610038154	-0.0780296308956	-0.0411743440618	0	0.0785714416077	-0.57228415017	-0.816282576073	0	0.0401308759997	-0.816334580254	0.576183385936	0	627.528036792	56.6703811535	112.545452396	1	1668092802.91	1
-0.996094937712	-0.0781040462678	-0.0411670411725	0	0.0786063660814	-0.572241788404	-0.816309090783	0	0.0401994582471	-0.816357266928	0.576146594985	0	627.508135236	56.5774333881	112.578502386	1	1668092803	1
-0.996083066088	-0.0781534131029	-0.0413589001415	0	0.0787913963146	-0.572225917215	-0.816302270657	0	0.0401301838272	-0.816363603221	0.576142366054	0	627.595034529	56.4106680383	112.634651306	1	1668092803.06	1
-0.996082377649	-0.07813135706	-0.0414170228767	0	0.078837324916	-0.572451050576	-0.816139963459	0	0.0400569211023	-0.816207857874	0.576368076422	0	627.640242957	56.1295062017	112.70652517	1	1668092803.12	1
-0.996078012587	-0.0781594312509	-0.0414691735556	0	0.0788967111655	-0.572459553118	-0.816128275803	0	0.0400487007331	-0.816199215571	0.576380897215	0	627.672970934	56.0066632733	112.710481243	1	1668092803.15	1
-0.996059564848	-0.078320830778	-0.0416082673721	0	0.0790957043821	-0.572289763781	-0.816228150102	0	0.0401156295857	-0.816302843197	0.576229516469	0	627.755481536	55.8953229058	112.674221646	1	1668092803.21	1
-0.996053033927	-0.0785858814626	-0.0412625482384	0	0.0789600420464	-0.572174931348	-0.81632171004	0	0.0405419789647	-0.816357821047	0.576121725487	0	627.712385384	55.6233225158	112.641341701	1	1668092803.31	1
-0.996089512214	-0.0781604785396	-0.0411892158238	0	0.0786539557182	-0.572175502975	-0.816350799009	0	0.0402389737533	-0.816398224223	0.576085670911	0	627.617718279	55.0612791176	112.677633204	1	1668092803.4	1
-0.996095475904	-0.0781047212295	-0.0411515099661	0	0.0785910447597	-0.572180648733	-0.816353317026	0	0.0402149583938	-0.816399993245	0.576084889944	0	627.599706475	54.8980505041	112.68823363	1	1668092803.44	1
-0.996096003179	-0.0780848828721	-0.0411764798222	0	0.078601024624	-0.572200773249	-0.816338258491	0	0.0401824646337	-0.816387790892	0.576104455371	0	627.617058673	54.5786116118	112.722398415	1	1668092803.49	1
-0.996090903128	-0.0781520368707	-0.0411715887857	0	0.0786365423271	-0.572214349485	-0.816325247577	0	0.04023857221	-0.816371805081	0.576123136666	0	627.642518787	54.3512997144	112.75212068	1	1668092803.53	1
-0.996093860869	-0.078114192203	-0.0411717189437	0	0.0786150151076	-0.572219436532	-0.816323743949	0	0.0402072870122	-0.816371854769	0.576125242112	0	627.654578574	53.9796161069	112.797586183	1	1668092803.59	1
-0.996099053935	-0.078018353361	-0.041229098331	0	0.0786050641621	-0.572188558689	-0.816346460489	0	0.0400991636018	-0.816402729988	0.57608911113	0	627.667074277	53.5919378782	112.849998917	1	1668092803.64	1
-0.99609810332	-0.0780098972378	-0.0412675293795	0	0.0786320321096	-0.572195699969	-0.816338813288	0	0.0400694181151	-0.816398506315	0.576097133062	0	627.684065348	53.4713809349	112.861837532	1	1668092803.68	1
-0.996092482032	-0.0780796502652	-0.0412718385767	0	0.0786766247215	-0.572210635508	-0.81632409434	0	0.0401220883798	-0.816381397689	0.576117746377	0	627.710553128	53.3262737763	112.870284866	1	1668092803.74	1
-0.996073286069	-0.0782759482411	-0.0413634564305	0	0.0788691656504	-0.57229047983	-0.816249562208	0	0.0402207501725	-0.816306642286	0.576216801662	0	627.823534742	52.5360025163	112.914003887	1	1668092803.78	1
-0.99607232573	-0.0782498550258	-0.0414350083932	0	0.0789132842431	-0.572301814957	-0.816237274604	0	0.0401571379691	-0.816301151692	0.576228959835	0	627.863545002	52.0372272166	112.950901003	1	1668092803.83	1
-0.996076496915	-0.0782165697545	-0.0413986867447	0	0.0788635534295	-0.572287843324	-0.816251973728	0	0.0401524002709	-0.816314194693	0.576210884703	0	627.860176492	51.7142511923	112.973832467	1	1668092803.87	1
-0.996071321594	-0.0783140175097	-0.0413378024681	0	0.0788697524179	-0.572281718538	-0.816255571253	0	0.040267405315	-0.816309087222	0.576210022089	0	627.882643814	51.2186836601	113.010774577	1	1668092803.92	1
-0.996066579967	-0.0783670754536	-0.0413527252908	0	0.0789121223535	-0.572271138077	-0.816258999513	0	0.0403027887478	-0.8163114757	0.576204243127	0	627.911313597	50.873397972	113.042926757	1	1668092803.96	1
-0.996075241005	-0.0782388686043	-0.0413850588921	0	0.0788634944053	-0.572250686434	-0.816277882279	0	0.040182093494	-0.816338017988	0.576174953063	0	627.924753947	50.3364140348	113.082997516	1	1668092804.02	1
-0.996083249406	-0.0782089589263	-0.0412494652266	0	0.0787349578807	-0.572248680592	-0.816291769481	0	0.0402363779767	-0.816342333632	0.576165104512	0	627.902729943	49.8789025847	113.106949747	1	1668092804.06	1
-0.996089552784	-0.0781110088279	-0.0412825345767	0	0.0787059263359	-0.572259142356	-0.816287209158	0	0.0401367326191	-0.816344362642	0.576169160459	0	627.925449203	49.2546661685	113.152302712	1	1668092804.11	1
-0.996082316109	-0.0781728749138	-0.0413405034595	0	0.0787898944838	-0.572273202253	-0.816269294917	0	0.0401520406544	-0.816328610259	0.576190444289	0	627.983623987	48.611263065	113.20863488	1	1668092804.17	1
-0.996079403879	-0.0782129762555	-0.0413335869195	0	0.0788073483881	-0.572271138408	-0.816268950521	0	0.0401888831159	-0.816326152364	0.576191278604	0	628.004282705	48.1915612145	113.244686353	1	1668092804.21	1
-0.996074324341	-0.0782474334488	-0.0413915548649	0	0.0788749556308	-0.572275026951	-0.816259764447	0	0.0401828953687	-0.816320166149	0.576200229509	0	628.056799862	47.5448176198	113.303262809	1	1668092804.27	1
-0.996077731203	-0.078194605826	-0.0414103792302	0	0.0788593811254	-0.572266453436	-0.816267364607	0	0.0401298774281	-0.816331288973	0.57618822926	0	628.074007704	47.086338361	113.341356563	1	1668092804.3	1
-0.996087004153	-0.0782125818046	-0.041152922571	0	0.0786556938974	-0.572203764358	-0.816330991883	0	0.04029941508	-0.816373527471	0.576116569898	0	628.051303034	46.3700209184	113.407474162	1	1668092804.36	1
-0.996084072546	-0.0781912955956	-0.0412631423764	0	0.0787329954219	-0.572188738897	-0.816333982731	0	0.0402199016391	-0.816386044503	0.576104322596	0	628.09956899	45.8596063623	113.464779508	1	1668092804.4	1
-0.996089304819	-0.078107705064	-0.0412954607428	0	0.0787134387225	-0.572235668803	-0.816303000155	0	0.0401287895681	-0.816361168909	0.576145945628	0	628.136363019	44.5989439775	113.541580711	1	1668092804.49	1
-0.996088661535	-0.0780887401287	-0.0413458888299	0	0.0787439109235	-0.572237576688	-0.816298644274	0	0.0400841017382	-0.816361598369	0.576148388558	0	628.186939805	43.7601503765	113.620519271	1	1668092804.55	1
-0.996103897163	-0.0779318994401	-0.0412758809841	0	0.0785941071515	-0.572202967984	-0.81633744267	0	0.0400004977068	-0.81640090431	0.576098577783	0	628.164313864	43.1981558075	113.669080134	1	1668092804.58	1
-0.996110075451	-0.0778709829104	-0.0412400922161	0	0.0785289305087	-0.572189572647	-0.816352962806	0	0.0399731314364	-0.816416020963	0.576078949152	0	628.153553599	42.8870061572	113.681059726	1	1668092804.64	1
-0.996089414545	-0.0781341465528	-0.0412414648113	0	0.0786845854181	-0.57223718251	-0.816304609519	0	0.0401814321884	-0.816357511123	0.576147376476	0	628.26296336	41.8079842003	113.737389596	1	1668092804.68	1
-0.99609246675	-0.0780905976378	-0.0412521133101	0	0.0786685451969	-0.572246607656	-0.816299710335	0	0.0401388773912	-0.816355168085	0.576153783511	0	628.296728226	40.9714995806	113.800097198	1	1668092804.73	1
-0.996094699033	-0.0781131697078	-0.0411550599799	0	0.0786024101239	-0.572253480073	-0.81630123751	0	0.0402127004098	-0.816348175613	0.576158523997	0	628.317480859	40.0498353703	113.876006822	1	1668092804.79	1
-0.996094332841	-0.0781368004112	-0.0411186487889	0	0.0785866309774	-0.572261251135	-0.816297274653	0	0.0402522272162	-0.816340446139	0.576166689938	0	628.343058703	39.3916049149	113.928042515	1	1668092804.83	1
-0.996093204975	-0.0781043454018	-0.0412067553676	0	0.0786392876164	-0.572245151966	-0.816303422663	0	0.0401765160821	-0.816354797306	0.576151590526	0	628.41534586	38.45510003	114.005058277	1	1668092804.88	1
-0.996089907468	-0.0781570190583	-0.0411862688859	0	0.0786521050766	-0.572227573003	-0.816314483311	0	0.0402328493569	-0.816362061916	0.57613734554	0	628.453761308	37.8182424281	114.04762471	1	1668092804.92	1
-0.996091488981	-0.0781372415345	-0.0411868011529	0	0.0786400099345	-0.572205969797	-0.816330899433	0	0.0402184790198	-0.816379161722	0.576114198802	0	628.496858635	36.8157082283	114.130107937	1	1668092804.98	1
-0.996069403456	-0.0782602457017	-0.0414854411532	0	0.0789577866901	-0.572244073946	-0.816273438995	0	0.0401419942624	-0.816340625968	0.576174080293	0	628.689597569	35.2583002459	114.285790186	1	1668092805.07	1
-0.996076909884	-0.0781712491864	-0.0414736075417	0	0.0788944729777	-0.572200743213	-0.816309988079	0	0.0400807291094	-0.81637955647	0.576123223033	0	628.678887431	34.8238988569	114.328939318	1	1668092805.11	1
-0.996090806568	-0.0781057814441	-0.0412616291431	0	0.0786816800993	-0.572175709072	-0.816347984773	0	0.0401526586523	-0.81640331566	0.576084479526	0	628.67011495	33.2685162807	114.437820423	1	1668092805.17	1
-0.996091963145	-0.0781090598258	-0.0412292442847	0	0.0786579663507	-0.572195448392	-0.816336585271	0	0.0401720295227	-0.816389257425	0.576103163886	0	628.698365781	32.5562476593	114.477692822	1	1668092805.2	1
-0.996083176791	-0.0781770608539	-0.0413109617904	0	0.0787636398928	-0.572182030825	-0.816335664141	0	0.0401813840131	-0.816392070859	0.576098422506	0	628.781558764	31.4376305237	114.564415454	1	1668092805.26	1
-0.996078593891	-0.0782091167879	-0.0413612805952	0	0.0788229163058	-0.572172095004	-0.816336951835	0	0.0401792334792	-0.816395991067	0.576093050685	0	628.847668208	30.5465939695	114.632368013	1	1668092805.32	1
-0.996086920575	-0.0781432864817	-0.0412853396625	0	0.0787214555822	-0.572148777594	-0.816363104658	0	0.0401719340618	-0.816418648121	0.576061465416	0	628.927587441	28.3132040653	114.787479459	1	1668092805.41	1
-0.996088114517	-0.0781364965854	-0.0412693815412	0	0.0787041854243	-0.572143395318	-0.816368541964	0	0.0401761684358	-0.816423069872	0.576054903368	0	628.928837651	28.1923011128	114.798537484	1	1668092805.45	1
-0.996093533019	-0.078120596951	-0.0411687577299	0	0.0786116304087	-0.572125379764	-0.816390100853	0	0.0402231720471	-0.816437225567	0.57603157185	0	628.979224103	26.2736329358	114.931219266	1	1668092805.51	1
-0.996090504463	-0.0781048136118	-0.0412705252751	0	0.0786862544282	-0.572131745389	-0.816378336533	0	0.0401509804647	-0.816434206697	0.576040801871	0	629.053536153	25.4488907129	115.018949889	1	1668092805.54	1
-0.996085420182	-0.0781243986088	-0.0413562450469	0	0.0787651644768	-0.572077496786	-0.81640875726	0	0.0401225339408	-0.816470354511	0.575991558333	0	629.137993126	24.1980717593	115.164734217	1	1668092805.6	1
-0.996092491192	-0.0780569911953	-0.0413137796942	0	0.0786919029432	-0.572088341702	-0.816408273018	0	0.0400912658468	-0.816469232899	0.575995362999	0	629.155664897	23.272832598	115.229585051	1	1668092805.64	1
-0.996080417943	-0.078210672639	-0.0413152663091	0	0.0787868306713	-0.572187237512	-0.816329897653	0	0.0402055884046	-0.81638527449	0.57610645508	0	629.270047032	21.8900751415	115.331827593	1	1668092805.7	1
-0.996070700083	-0.0782957437611	-0.0413868433018	0	0.0788966004219	-0.572225278846	-0.816292499189	0	0.0402296902542	-0.816350377946	0.576154122804	0	629.345201113	21.0090662154	115.414391487	1	1668092805.73	1
-0.99608150035	-0.0782056207863	-0.0412975188912	0	0.0787746871057	-0.572294752257	-0.816255595023	0	0.0402014588032	-0.81631033089	0.576212851435	0	629.367592181	19.5636085032	115.50828859	1	1668092805.79	1
-0.996078342302	-0.0782133634743	-0.0413595723757	0	0.0788313879605	-0.57232289598	-0.816230438899	0	0.0401690901073	-0.816289887907	0.576244106844	0	629.413580992	18.7942576247	115.57941964	1	1668092805.83	1
-0.996075026108	-0.0782313243226	-0.041405883253	0	0.078879040809	-0.572309153013	-0.816235509306	0	0.0401581782444	-0.816297824869	0.576233652305	0	629.512817311	17.2247391005	115.699694498	1	1668092805.89	1
-0.996081074466	-0.0782000217047	-0.041318799465	0	0.078788275665	-0.572282522168	-0.816262893543	0	0.0401857551091	-0.816319462476	0.576201036481	0	629.543764393	15.8058862108	115.807229833	1	1668092805.94	1
-0.996073935296	-0.0782122305777	-0.0414671573123	0	0.0789147053191	-0.572237428527	-0.816282262026	0	0.0401142307535	-0.816349884866	0.576162894145	0	629.635966308	14.8621481412	115.93229009	1	1668092805.98	1
-0.996081301279	-0.0781397873677	-0.0414269899887	0	0.0788389257515	-0.572217919879	-0.816303278823	0	0.0400805161239	-0.816370507874	0.576136033202	0	629.675149859	13.3971262299	116.043744315	1	1668092806.04	1
-0.996101379089	-0.0779694468211	-0.0412643055224	0	0.0786060462771	-0.572196422006	-0.816340758224	0	0.0400384082042	-0.816401833631	0.57609453535	0	629.64282805	12.4107974252	116.085972775	1	1668092806.07	1
-0.996100422949	-0.0780226932911	-0.0411867070573	0	0.0785736545137	-0.572204784568	-0.816338018274	0	0.0401257159904	-0.816390887373	0.576103975421	0	629.700122727	10.9758036152	116.17200127	1	1668092806.13	1
-0.996090214734	-0.078125744294	-0.0412380107778	0	0.0786760996863	-0.572220998111	-0.81631676873	0	0.0401781706245	-0.81636965739	0.576130390327	0	629.788245372	9.88319198316	116.250259259	1	1668092806.17	1
-0.996088079147	-0.0781225415541	-0.041296448149	0	0.0787205185908	-0.572188448072	-0.816335373528	0	0.040144853021	-0.816392820754	0.576099942403	0	629.887757123	8.32669038621	116.379102148	1	1668092806.22	1
-0.996081592994	-0.0781935573035	-0.0413182751785	0	0.0787791119675	-0.572180934124	-0.816334969741	0	0.0401906311305	-0.816391277485	0.576098924052	0	629.953401441	7.26292189506	116.459851018	1	1668092806.26	1
-0.996082262446	-0.0781957770268	-0.0412979305115	0	0.07876124582	-0.572130648682	-0.816371937094	0	0.0402090513747	-0.816426305938	0.576047996472	0	630.025316824	5.6523250842	116.591759058	1	1668092806.32	1
-0.996077818943	-0.078229969848	-0.0413417659054	0	0.0788159526796	-0.572111157639	-0.81638044069	0	0.0402132492014	-0.816436762849	0.576032975184	0	630.099406327	4.593360179	116.700794397	1	1668092806.36	1
-0.996080727007	-0.078179818999	-0.0413661032651	0	0.0788072194245	-0.572117453205	-0.816376832449	0	0.0401578751035	-0.81643713156	0.5760362862	0	630.161806078	3.17019379518	116.840093417	1	1668092806.41	1
-0.996090250337	-0.0781108137514	-0.0412653172079	0	0.078690481871	-0.57223394398	-0.816306298237	0	0.0401490132351	-0.816362006223	0.576143257465	0	630.211829717	1.29116267144	116.97117228	1	1668092806.47	1
-0.996088657671	-0.0781281584819	-0.0412725360044	0	0.0787082136732	-0.572270961266	-0.816278776551	0	0.0401552427613	-0.816334480327	0.576181927251	0	630.264979825	0.182073468875	117.057946257	1	1668092806.51	1
-0.996091108304	-0.0781044089361	-0.041256743463	0	0.0786800771647	-0.572240576983	-0.816302652591	0	0.0401481316729	-0.81635797027	0.576149038478	0	630.337519418	-1.40706186984	117.148048925	1	1668092806.56	1
-0.996087116097	-0.0781066128538	-0.041349507756	0	0.0787561417914	-0.572215822092	-0.816312726847	0	0.0400986088509	-0.816375144824	0.576128193617	0	630.41834341	-2.51360249803	117.233446072	1	1668092806.6	1
-0.996087177558	-0.0780876301214	-0.0413838507338	0	0.0787722344659	-0.572193941628	-0.816326510082	0	0.0400654443325	-0.81639229604	0.576106195957	0	630.43760534	-2.81139607254	117.259221511	1	1668092806.66	1
-0.996089141229	-0.0780995212169	-0.0413147540871	0	0.078722102587	-0.572186482751	-0.816336631484	0	0.0401157368843	-0.816396420541	0.576096894058	0	630.534304661	-5.25891422173	117.456868812	1	1668092806.7	1
-0.996084243742	-0.0781253304688	-0.0413844071902	0	0.0787918475764	-0.572140577278	-0.81636211426	0	0.0401008097155	-0.816426145169	0.576055835521	0	630.629099685	-6.84662042512	117.62872681	1	1668092806.75	1
-0.996081174337	-0.078139958421	-0.0414292862201	0	0.0788368480408	-0.572135058037	-0.816361520878	0	0.0400873582347	-0.816428543184	0.576053285803	0	630.687060699	-7.92412721938	117.71727496	1	1668092806.79	1
-0.996089097151	-0.0780688048069	-0.0413729297979	0	0.0787517208646	-0.572180046548	-0.816338208575	0	0.0400578312611	-0.816403823046	0.576090375253	0	630.741426691	-9.53905236853	117.801540089	1	1668092806.85	1
-0.996087160696	-0.0780954435165	-0.0413705326887	0	0.078766863694	-0.572215298266	-0.816312146364	0	0.0400773612888	-0.81637663239	0.576127628967	0	630.798060796	-10.6525474663	117.876108723	1	1668092806.88	1
-0.996089011024	-0.078072850369	-0.041369095953	0	0.078753134034	-0.572225999462	-0.816306010252	0	0.040058783327	-0.816371316824	0.576136483404	0	630.838880182	-11.6611049783	117.953186007	1	1668092806.94	1
-0.996091291465	-0.0780647375417	-0.0413288744332	0	0.0787167220621	-0.57225102267	-0.816291928669	0	0.0400730882779	-0.816354521317	0.576159247938	0	630.90510299	-13.3563304498	118.109123261	1	1668092806.98	1
-0.996093867671	-0.0780517542439	-0.0412916689411	0	0.0786808832774	-0.572295194825	-0.816264448649	0	0.0400797837493	-0.816324816623	0.576200892673	0	630.965895128	-14.9062088816	118.230788296	1	1668092807.04	1
-0.996094355725	-0.0780464117064	-0.0412896118943	0	0.078671927336	-0.572209879705	-0.816325088021	0	0.0400848839129	-0.816385112402	0.576115080605	0	631.026415189	-16.4362661344	118.396723994	1	1668092807.09	1
-0.996088142141	-0.0781115016742	-0.0413164171946	0	0.0787321885017	-0.572223098028	-0.81631001249	0	0.040120956521	-0.816369622143	0.576134519588	0	631.098511191	-17.4004912128	118.482164092	1	1668092807.13	1
-0.996080414392	-0.0781941562863	-0.0413452895518	0	0.0788063437893	-0.572277262381	-0.816264792697	0	0.0401662120074	-0.816323685248	0.576196383554	0	631.201154777	-18.6493081494	118.567580398	1	1668092807.18	1
-0.99608105996	-0.0782143089265	-0.0412930164188	0	0.0787755959262	-0.572286695547	-0.816261270352	0	0.0402118045086	-0.816315215101	0.576205295412	0	631.217471285	-19.2382298386	118.59841313	1	1668092807.22	1
-0.996079265093	-0.0782175883396	-0.0413302864487	0	0.0788088797609	-0.572303954583	-0.816245974168	0	0.0401912273508	-0.816302811366	0.57622431609	0	631.329552445	-21.3974201473	118.759201503	1	1668092807.28	1
-0.996073743248	-0.0782666004673	-0.0413690484493	0	0.078869382098	-0.572311113999	-0.816234980198	0	0.0402080062507	-0.816293016226	0.57623692427	0	631.398035047	-22.3748692148	118.847059737	1	1668092807.32	1
-0.996082887478	-0.0782131195407	-0.0412507175289	0	0.078742271936	-0.572327611922	-0.816235759131	0	0.040231390949	-0.816286619739	0.576244408834	0	631.415935738	-23.7950573295	118.936864058	1	1668092807.37	1
-0.996082700498	-0.0781890750729	-0.0413002488868	0	0.0787700501769	-0.572349692283	-0.816217550021	0	0.0401811211836	-0.816273413967	0.57626658816	0	631.466959159	-24.631516607	119.014157324	1	1668092807.41	1
-0.996080454011	-0.078200958842	-0.041331894295	0	0.0787984988324	-0.572261153991	-0.816276880074	0	0.0401810095613	-0.816334348026	0.576180272525	0	631.533247022	-25.9663306441	119.151427907	1	1668092807.47	1
-0.996081620216	-0.0781729492741	-0.0413578065519	0	0.0788006381749	-0.572202775384	-0.816317687047	0	0.0401488440352	-0.816378005136	0.576120723278	0	631.589264153	-26.9965349434	119.247520125	1	1668092807.51	1
-0.996075591739	-0.0782243442179	-0.041405134625	0	0.0788726040941	-0.572272701841	-0.816261659689	0	0.040156488798	-0.816324031642	0.57619662233	0	631.69070837	-28.3276410859	119.332938137	1	1668092807.56	1
-0.996076934589	-0.0781993289518	-0.0414199104592	0	0.0788703333508	-0.572274457177	-0.816260633859	0	0.0401274737393	-0.816325189078	0.576196993048	0	631.700575249	-28.5705869987	119.347363809	1	1668092807.62	1
-0.996082469204	-0.0781298955092	-0.0414173300799	0	0.0788261089728	-0.572234527834	-0.816292854205	0	0.0400764841347	-0.816359801334	0.576151469224	0	631.769124065	-30.5145339708	119.481206567	1	1668092807.66	1
-0.996087770095	-0.0780522800289	-0.0414374668597	0	0.0787983754906	-0.572248481977	-0.816285860595	0	0.0400003837112	-0.816357510734	0.576160086011	0	631.807753129	-31.5048981662	119.538451296	1	1668092807.71	1
-0.996082023127	-0.0781169439536	-0.0414538646318	0	0.0788482802721	-0.572229506946	-0.816294352777	0	0.0400452263534	-0.816364631938	0.576146887696	0	631.868629547	-32.3883484034	119.612965129	1	1668092807.75	1
-0.996079281519	-0.0781497868407	-0.0414565224268	0	0.0788687061008	-0.572213666696	-0.816303369828	0	0.0400719750441	-0.816372523705	0.576133760732	0	631.908069431	-33.1375669541	119.675750526	1	1668092807.81	1
-0.996085058717	-0.0781375219814	-0.0413421407402	0	0.0787675904317	-0.572208564492	-0.816316836157	0	0.0401285670635	-0.816377349587	0.576123078011	0	631.938226385	-34.6628858535	119.781532371	1	1668092807.85	1
-0.996073703336	-0.0781893127459	-0.0415153753973	0	0.0789371054773	-0.572158551543	-0.816335338569	0	0.0400753966872	-0.816407336734	0.576084151164	0	632.06281016	-35.8316814942	119.938476535	1	1668092807.9	1
-0.996079027671	-0.0782026465426	-0.0413642571622	0	0.0788190721418	-0.57212099333	-0.816373240308	0	0.0401771110924	-0.816432484324	0.576041556186	0	632.055253959	-36.5364565064	119.983320177	1	1668092807.94	1
-0.996085935857	-0.0781386716607	-0.0413182050671	0	0.078745900567	-0.572152579439	-0.816358115704	0	0.0401487870482	-0.816416445274	0.576066225826	0	632.081989083	-37.6339683124	120.045347434	1	1668092807.99	1
-0.996086341131	-0.0781415661646	-0.0413029580153	0	0.0787349450642	-0.572149867712	-0.816361072928	0	0.0401602167242	-0.816418068636	0.576063128442	0	632.08068564	-37.7122587446	120.050068801	1	1668092808.03	1
-0.996091304701	-0.0780289173852	-0.0413966225926	0	0.0787472306046	-0.572163641845	-0.816350277765	0	0.0400132140028	-0.816419215759	0.576071764762	0	632.175255211	-39.5824263313	120.187553414	1	1668092808.09	1
-0.996088913804	-0.0780569126539	-0.0414005257537	0	0.0787669314748	-0.572169625324	-0.816344110201	0	0.0400331691377	-0.81641230254	0.576080121167	0	632.205660697	-40.2683006521	120.227857751	1	1668092808.13	1
-0.996085259944	-0.0781384498747	-0.0413346305653	0	0.0787631940152	-0.572232995993	-0.816300056083	0	0.0401313687591	-0.816360089227	0.576147282036	0	632.260759332	-41.3884866339	120.314509573	1	1668092808.18	1
-0.99609511381	-0.0780725685624	-0.0412203529214	0	0.078630217282	-0.57220762128	-0.816330563989	0	0.040146496936	-0.816384119233	0.576112103933	0	632.257932627	-42.3845554429	120.397647543	1	1668092808.24	1
-0.996084942124	-0.0781833143233	-0.0412563708962	0	0.0787265264863	-0.572263361248	-0.816282219311	0	0.0402102025579	-0.816334456173	0.576178039509	0	632.337674392	-43.0669417095	120.459474358	1	1668092808.28	1
-0.996083333312	-0.0782041605405	-0.0412556239728	0	0.0787385284739	-0.572274617206	-0.816273163623	0	0.0402264797603	-0.816324564572	0.576190912523	0	632.391999668	-44.0617869219	120.546914513	1	1668092808.34	1
-0.996083280531	-0.0781697296215	-0.0413222021877	0	0.0787737988756	-0.57228739569	-0.816260810675	0	0.0401587722235	-0.816318909389	0.576203654091	0	632.437349796	-44.7151559117	120.617255557	1	1668092808.37	1
-0.996079981905	-0.0782068118291	-0.041332317316	0	0.0788026595976	-0.572269918074	-0.816270344486	0	0.0401846628058	-0.81632764967	0.576189515592	0	632.487356441	-45.6525753216	120.72706975	1	1668092808.43	1
-0.996094460077	-0.0780660844704	-0.0412495996204	0	0.0786499953088	-0.572199202311	-0.816334661164	0	0.0401250477675	-0.816390700582	0.576104347528	0	632.463142524	-46.27546514	120.748740531	1	1668092808.47	1
-0.996089790399	-0.0781075601684	-0.0412830732952	0	0.0787034765014	-0.572240787287	-0.816300291135	0	0.0401354076974	-0.816357546247	0.576150556894	0	632.506870588	-46.9286861626	120.785313068	1	1668092808.53	1
-0.996081199211	-0.0781830597139	-0.0413490090325	0	0.0788023664844	-0.572265686616	-0.816273433683	0	0.0401560570278	-0.816332947549	0.576184074369	0	632.583866747	-47.7632767066	120.857527579	1	1668092808.56	1
-0.996076770331	-0.0782211812417	-0.0413823925517	0	0.0788491010729	-0.572210820086	-0.816307280523	0	0.0401730778168	-0.816367694114	0.576133579199	0	632.633538619	-48.6104257685	120.935175221	1	1668092808.62	1
-0.996084053711	-0.07810724794	-0.041423284248	0	0.0788155191291	-0.572186838326	-0.816327421834	0	0.0400591644955	-0.816395464049	0.576102225951	0	632.647959246	-49.212546148	120.964367729	1	1668092808.66	1
-0.996089786639	-0.0780575273262	-0.0413792745579	0	0.0787508146508	-0.572189298287	-0.816331954925	0	0.0400439989097	-0.816398502981	0.576098983337	0	632.666769964	-49.9980168732	120.999616563	1	1668092808.71	1
-0.996088829073	-0.0780977589702	-0.0413255659763	0	0.0787314536825	-0.572217187651	-0.816314203334	0	0.040105094681	-0.816375065913	0.57612789296	0	632.673874638	-50.2823337263	121.023028004	1	1668092808.77	1
-0.996088559659	-0.0780476898153	-0.0414254402699	0	0.0787876222915	-0.572283557307	-0.816262162307	0	0.0400003431748	-0.816333274274	0.576194318846	0	632.741454181	-51.3232650901	121.11108212	1	1668092808.81	1
-0.99608238544	-0.0781401527304	-0.0414006885404	0	0.0788183147766	-0.572233042648	-0.816294708163	0	0.0400945339478	-0.816359896612	0.57615012334	0	632.789869232	-52.0239798173	121.170563387	1	1668092808.86	1
-0.996073530655	-0.078286129757	-0.0413375175157	0	0.0788511807206	-0.572237015631	-0.816288715488	0	0.0402492384626	-0.816343105907	0.576163102381	0	632.840615153	-52.4905478971	121.203344	1	1668092808.9	1
-0.996074989462	-0.0782351187811	-0.0413988765822	0	0.0788709516294	-0.572216507521	-0.816301180159	0	0.0401743124057	-0.816362370462	0.576141034526	0	632.891712082	-53.2036268143	121.262345514	1	1668092808.96	1
-0.996085837365	-0.0781299148983	-0.0413365023057	0	0.0787573648954	-0.572183463484	-0.816335309055	0	0.0401281583543	-0.816395606133	0.576097155125	0	632.863827071	-53.6408908862	121.282235663	1	1668092809	1
-0.9960884565	-0.0780797479252	-0.0413690101079	0	0.0787553858936	-0.572191837625	-0.816329703016	0	0.0400677575675	-0.816394579839	0.576102867775	0	632.893822419	-54.3171046727	121.339841624	1	1668092809.05	1
-0.996071850954	-0.0782538298154	-0.0414402407116	0	0.0789167125031	-0.572238226106	-0.816281638998	0	0.0401633952793	-0.816345416947	0.576165896624	0	632.99950638	-55.3714844962	121.450572453	1	1668092809.15	1
-0.996076147829	-0.0781901058822	-0.0414552438709	0	0.0788911199732	-0.572216321871	-0.816299295513	0	0.040105231591	-0.816366773753	0.576139558981	0	633.008606166	-55.7936703006	121.500563252	1	1668092809.19	1
-0.996076749206	-0.0781376699478	-0.0415413071477	0	0.0789325954457	-0.572243087851	-0.816276672435	0	0.0400101716495	-0.816353122092	0.576165623155	0	633.043551953	-56.4160515031	121.570695799	1	1668092809.24	1
-0.996094135267	-0.0780809877828	-0.0412300093206	0	0.0786437115226	-0.572222992056	-0.816318657828	0	0.0401461348878	-0.816372640776	0.576128519916	0	632.956380957	-56.9524884569	121.566504492	1	1668092809.3	1
-0.996098551945	-0.0780542792387	-0.0411736224089	0	0.0785820724534	-0.572223258126	-0.816324388751	0	0.0401570505289	-0.816374997298	0.576124406175	0	632.948824585	-57.2535883493	121.582822679	1	1668092809.34	1
-0.996091503227	-0.0781250684339	-0.041209577178	0	0.0786544396987	-0.57226294304	-0.816289573853	0	0.0401899301822	-0.816340392652	0.576171126659	0	633.007189234	-57.8283057853	121.640806468	1	1668092809.39	1
-0.996095168389	-0.078003231247	-0.0413519599955	0	0.0787013415314	-0.57227721332	-0.816275084995	0	0.0400072435795	-0.816342061482	0.576181503225	0	633.040975103	-58.1679364426	121.67631801	1	1668092809.43	1
-0.996087115329	-0.078072840038	-0.0414141905354	0	0.0787921471858	-0.57226783092	-0.816272873193	0	0.0400286918832	-0.816341966889	0.57618012557	0	633.085622357	-58.6256289352	121.728060794	1	1668092809.49	1
-0.996090000782	-0.0781037734438	-0.0412861253158	0	0.0787018115172	-0.5722010378	-0.8163283982	0	0.0401343344488	-0.816385819735	0.576110630255	0	633.06633447	-58.8936530322	121.740850915	1	1668092809.53	1
-0.99609864552	-0.0780258835615	-0.0412234147259	0	0.0786029500588	-0.572151097973	-0.816372807816	0	0.0401122600087	-0.816428197311	0.576052023355	0	633.054425088	-59.1939747205	121.739936153	1	1668092809.58	1
-0.99609252912	-0.0780409422973	-0.0413446094029	0	0.0787115660718	-0.572163900967	-0.816353548533	0	0.0400530239526	-0.816417892486	0.576070883204	0	633.123218421	-59.5583752227	121.765153331	1	1668092809.62	1
-0.996074047614	-0.0782447048892	-0.0414038123677	0	0.0788798118778	-0.57220187698	-0.816310613438	0	0.040180627742	-0.81637172677	0.576127361674	0	633.211668288	-59.9421491878	121.804187003	1	1668092809.67	1
-0.996069702787	-0.0782935384694	-0.0414152908741	0	0.078919124926	-0.572235294582	-0.816283325049	0	0.0402104573785	-0.816343583361	0.5761651107	0	633.23800496	-60.1774851918	121.8294032	1	1668092809.71	1
-0.99607633446	-0.0781904089161	-0.0414508421012	0	0.0788895588286	-0.572254708134	-0.816272593225	0	0.0401042696293	-0.816339871029	0.576177786293	0	633.238899127	-60.4985648326	121.850818328	1	1668092809.77	1
-0.996074765565	-0.078239929067	-0.041395040299	0	0.0788733534951	-0.572272598772	-0.816261614542	0	0.0401750266451	-0.81632258345	0.576197348234	0	633.241646962	-60.7283593403	121.868168606	1	1668092809.81	1
-0.996074408152	-0.0782682546028	-0.0413514014559	0	0.0788538559398	-0.572270766063	-0.816264897959	0	0.0402233540689	-0.816321221466	0.576195991804	0	633.239095101	-60.841436392	121.87648327	1	1668092809.86	1
-0.996094969448	-0.0780420846815	-0.0412822994262	0	0.078664286018	-0.572226953032	-0.816313797556	0	0.0400840011325	-0.816373523805	0.576131519364	0	633.186593452	-61.2478939416	121.884575611	1	1668092809.92	1
-0.99610070463	-0.0780106687009	-0.0412039435535	0	0.0785797150391	-0.572182752924	-0.816352986789	0	0.040108017486	-0.816407543241	0.576081685987	0	633.158968857	-61.4834500523	121.897545007	1	1668092809.96	1
-0.996103603931	-0.0779668256312	-0.0412171212027	0	0.0785638062033	-0.572155288292	-0.816373791806	0	0.0400674188135	-0.816430994005	0.576051294386	0	633.152779874	-61.69880386	121.913339656	1	1668092810.01	1
-0.996099804509	-0.0779683220113	-0.0413043260611	0	0.0786368271746	-0.572168491104	-0.816357362478	0	0.0400170457337	-0.81642151156	0.576068126384	0	633.181848015	-61.7897299425	121.929510587	1	1668092810.05	1
-0.99607724926	-0.0781462182539	-0.0415129796581	0	0.0789138214926	-0.572232695512	-0.816285751538	0	0.0400345191694	-0.816359575723	0.576154771797	0	633.305875339	-62.027926916	121.982447258	1	1668092810.11	1
-0.99607755673	-0.0781558891215	-0.0414873253514	0	0.0788978835594	-0.572222322338	-0.81629455843	0	0.040058216976	-0.81636591773	0.57614413441	0	633.308592443	-62.1165310122	121.988385846	1	1668092810.14	1
-0.996084347592	-0.078124167746	-0.0413832089921	0	0.0787923412879	-0.572183897933	-0.816331626944	0	0.0400964384297	-0.816395850177	0.576099016051	0	633.284355689	-62.2621071922	121.988324663	1	1668092810.2	1
-0.996086258744	-0.0781111238577	-0.0413628273478	0	0.078767026357	-0.572162622079	-0.816349068543	0	0.0400996197171	-0.816412060957	0.576075885927	0	633.287180568	-62.4276751849	122.000880196	1	1668092810.29	1
-0.996082951656	-0.078143719181	-0.041379775855	0	0.0787998501422	-0.57216380638	-0.816344974165	0	0.0401162465373	-0.816408054026	0.576080334808	0	633.306841705	-62.5397412758	122.012746927	1	1668092810.39	1
-0.996072321028	-0.0782574205949	-0.0414221744682	0	0.0789013005732	-0.572183710823	-0.816321344437	0	0.040182028643	-0.816383284814	0.57611094128	0	633.347500919	-62.6195491339	122.029505573	1	1668092810.48	1
