-0.99685967,-0.07612684,0.021805905,0.0,-0.021006664,-0.0112839155,-0.9997156,0.0,0.07635127,-0.9970343,0.009649308,0.0,625.26935,57.241573,112.3956,1.0
-0.99686676,-0.07603319,0.021806257,0.0,-0.021008084,-0.011281849,-0.99971557,0.0,0.07625765,-0.9970414,0.009649189,0.0,625.2766,57.161804,112.39578,1.0
-0.9968593,-0.07613026,0.021808956,0.0,-0.02100976,-0.011283006,-0.99971557,0.0,0.07635471,-0.997034,0.00964809,0.0,625.28613,57.05967,112.39581,1.0
-0.9968488,-0.076266475,0.02181389,0.0,-0.021013288,-0.01128428,-0.9997155,0.0,0.07649096,-0.9970236,0.009646111,0.0,625.3046,56.85986,112.395874,1.0
-0.9968578,-0.076148495,0.021814136,0.0,-0.021014906,-0.011281327,-0.99971545,0.0,0.07637297,-0.99703264,0.009645626,0.0,625.3119,56.77905,112.395836,1.0
-0.9968726,-0.07595532,0.02181391,0.0,-0.02101684,-0.011277576,-0.99971557,0.0,0.07617967,-0.9970475,0.009645966,0.0,625.3234,56.654243,112.39594,1.0
-0.9968541,-0.076194845,0.021821126,0.0,-0.02102156,-0.011280113,-0.9997154,0.0,0.07641931,-0.9970291,0.009642893,0.0,625.34753,56.392216,112.39612,1.0
-0.996861,-0.07610515,0.0218218,0.0,-0.02102327,-0.011277986,-0.9997154,0.0,0.076329574,-0.99703604,0.009642605,0.0,625.3574,56.284023,112.3962,1.0
-0.9968686,-0.07600481,0.02182523,0.0,-0.021027934,-0.011274673,-0.9997154,0.0,0.076229185,-0.9970437,0.009641143,0.0,625.38214,56.012096,112.39633,1.0
-0.9968709,-0.075973414,0.02183027,0.0,-0.021033335,-0.011274112,-0.99971527,0.0,0.07619781,-0.9970462,0.009640859,0.0,625.40625,55.74299,112.39654,1.0
-0.99687225,-0.07595405,0.021833744,0.0,-0.021037035,-0.011273757,-0.9997151,0.0,0.07617859,-0.99704754,0.009640647,0.0,625.4236,55.55041,112.39669,1.0
-0.9968674,-0.07601563,0.021839298,0.0,-0.021041881,-0.011275412,-0.99971503,0.0,0.076240204,-0.9970429,0.009640578,0.0,625.4477,55.282787,112.39716,1.0
-0.99686676,-0.07602372,0.021843381,0.0,-0.021045819,-0.011276444,-0.999715,0.0,0.07624834,-0.99704224,0.009641131,0.0,625.4661,55.07681,112.39756,1.0
-0.9968701,-0.07597585,0.021853287,0.0,-0.021056345,-0.011274796,-0.9997146,0.0,0.07620065,-0.9970459,0.0096397335,0.0,625.49493,54.72035,112.39639,1.0
-0.9968713,-0.075963944,0.021843335,0.0,-0.021046208,-0.011278326,-0.999715,0.0,0.07618859,-0.9970468,0.009644286,0.0,625.5273,54.47717,112.40246,1.0
-0.9968588,-0.07613115,0.021831358,0.0,-0.021031851,-0.011287778,-0.99971503,0.0,0.07635591,-0.9970339,0.009651141,0.0,625.57745,54.087643,112.41167,1.0
-0.996858,-0.07614068,0.02183213,0.0,-0.021032494,-0.011288315,-0.999715,0.0,0.076365516,-0.9970331,0.00965142,0.0,625.59546,53.90634,112.41288,1.0
-0.99686223,-0.076086104,0.02183183,0.0,-0.021032609,-0.011289762,-0.99971503,0.0,0.07631089,-0.99703735,0.009654048,0.0,625.64484,53.415794,112.41707,1.0
-0.9968723,-0.0759533,0.021832785,0.0,-0.021035042,-0.011287368,-0.999715,0.0,0.07617811,-0.9970475,0.009654384,0.0,625.6739,53.104134,112.418564,1.0
-0.99686915,-0.076,0.021813193,0.0,-0.021014411,-0.011294305,-0.9997153,0.0,0.07622478,-0.99704385,0.00966185,0.0,625.71204,52.874542,112.428635,1.0
-0.99686646,-0.076043315,0.021784985,0.0,-0.020984875,-0.011305107,-0.9997158,0.0,0.07626805,-0.9970404,0.009673923,0.0,625.8041,52.163033,112.44618,1.0
-0.99686766,-0.07603033,0.021776075,0.0,-0.020975856,-0.011307824,-0.999716,0.0,0.07625504,-0.99704134,0.009677604,0.0,625.8437,51.82606,112.45237,1.0
-0.9968522,-0.076235466,0.021767868,0.0,-0.020965097,-0.01131475,-0.99971616,0.0,0.07646012,-0.99702567,0.0096808495,0.0,625.9043,51.286625,112.46095,1.0
-0.9968642,-0.076081075,0.021759924,0.0,-0.020958692,-0.011314012,-0.99971634,0.0,0.07630567,-0.9970375,0.009683973,0.0,625.947,50.890625,112.46651,1.0
-0.9968697,-0.07601154,0.02174991,0.0,-0.020949198,-0.011315695,-0.99971646,0.0,0.076236136,-0.9970427,0.009687892,0.0,626.00977,50.30647,112.47481,1.0
-0.9968701,-0.07600892,0.021739779,0.0,-0.020938857,-0.011318417,-0.9997167,0.0,0.07623346,-0.9970429,0.009691452,0.0,626.05597,49.901455,112.48209,1.0
-0.99686617,-0.07606516,0.02172186,0.0,-0.02091983,-0.011325061,-0.99971694,0.0,0.07628973,-0.9970385,0.009698301,0.0,626.1298,49.264988,112.49452,1.0
-0.99685776,-0.07617913,0.021711541,0.0,-0.020907968,-0.011330293,-0.99971724,0.0,0.07640353,-0.9970298,0.009701938,0.0,626.177,48.854458,112.50239,1.0
-0.9968579,-0.07617965,0.021702547,0.0,-0.020898744,-0.011332885,-0.9997173,0.0,0.07640413,-0.99702966,0.009705217,0.0,626.2174,48.49144,112.50879,1.0
-0.99685645,-0.07620296,0.0216862,0.0,-0.020881677,-0.011338691,-0.99971765,0.0,0.076427326,-0.9970279,0.009711802,0.0,626.2991,47.73594,112.5215,1.0
-0.9968648,-0.0760991,0.021666422,0.0,-0.020862572,-0.011342425,-0.999718,0.0,0.07632342,-0.99703574,0.009719241,0.0,626.3792,47.00703,112.53469,1.0
-0.9968639,-0.076115154,0.021652056,0.0,-0.020847652,-0.011347069,-0.99971825,0.0,0.076339394,-0.9970345,0.009724662,0.0,626.453,46.30671,112.546005,1.0
-0.99686724,-0.076074444,0.021640498,0.0,-0.02083627,-0.011349548,-0.9997184,0.0,0.07629868,-0.99703753,0.009728885,0.0,626.5079,45.783386,112.55462,1.0
-0.9968654,-0.07610123,0.021632254,0.0,-0.02082671,-0.011362995,-0.9997185,0.0,0.07632567,-0.9970353,0.009742439,0.0,626.5827,45.056072,112.56173,1.0
-0.9968741,-0.07598849,0.02162758,0.0,-0.020822395,-0.01137259,-0.9997184,0.0,0.076213114,-0.9970438,0.009754779,0.0,626.6423,44.45704,112.56578,1.0
-0.9968696,-0.07605592,0.021597652,0.0,-0.020789662,-0.011399451,-0.9997189,0.0,0.07628071,-0.9970384,0.00978259,0.0,626.7389,43.69549,112.581184,1.0
-0.99686843,-0.076074906,0.021583632,0.0,-0.020774322,-0.011413768,-0.99971896,0.0,0.07629996,-0.99703676,0.0097976215,0.0,626.80035,43.158928,112.58921,1.0
-0.9968679,-0.07608374,0.021580283,0.0,-0.020768376,-0.011446431,-0.99971884,0.0,0.07630929,-0.99703574,0.009830444,0.0,626.89197,42.277435,112.59161,1.0
-0.9968716,-0.07603078,0.021592665,0.0,-0.020780897,-0.01145192,-0.9997184,0.0,0.076256715,-0.9970397,0.009836107,0.0,626.94415,41.6944,112.59481,1.0
-0.99686563,-0.076100916,0.021620484,0.0,-0.020808898,-0.011441526,-0.9997179,0.0,0.076326914,-0.99703443,0.009822088,0.0,627.0306,40.8276,112.620224,1.0
-0.99686605,-0.07609184,0.021634974,0.0,-0.020822674,-0.011452551,-0.9997176,0.0,0.07631815,-0.997035,0.009832224,0.0,627.0935,40.22617,112.629074,1.0
-0.9968683,-0.07606601,0.021621741,0.0,-0.020808052,-0.011473555,-0.9997176,0.0,0.07629264,-0.99703676,0.009854838,0.0,627.19855,39.324234,112.650085,1.0
-0.99686253,-0.07614332,0.021617211,0.0,-0.020800738,-0.011499761,-0.9997175,0.0,0.07637042,-0.99703056,0.009879843,0.0,627.2752,38.65836,112.660065,1.0
-0.9968593,-0.07618759,0.021607451,0.0,-0.020787869,-0.011534212,-0.99971735,0.0,0.076415315,-0.99702674,0.00991421,0.0,627.3826,37.670364,112.673096,1.0
-0.9968663,-0.07610193,0.021590358,0.0,-0.02076999,-0.011554993,-0.99971753,0.0,0.0763299,-0.9970331,0.009938146,0.0,627.49304,36.64841,112.69462,1.0
-0.99686486,-0.0761104,0.021625133,0.0,-0.020803515,-0.011571509,-0.9997166,0.0,0.076339126,-0.9970322,0.009951867,0.0,627.5543,35.946167,112.697754,1.0
-0.9968576,-0.07620527,0.021624925,0.0,-0.020801404,-0.011583936,-0.99971646,0.0,0.076434195,-0.99702483,0.0099623585,0.0,627.6318,35.24209,112.70562,1.0
-0.9968575,-0.07621867,0.02158379,0.0,-0.020763462,-0.01153899,-0.99971783,0.0,0.07644619,-0.99702436,0.009920165,0.0,627.75946,34.16946,112.72798,1.0
-0.99685913,-0.07618241,0.021635983,0.0,-0.020819984,-0.011489176,-0.9997172,0.0,0.07640947,-0.9970277,0.009866973,0.0,627.84454,33.137085,112.74308,1.0
-0.9968609,-0.07615069,0.021662487,0.0,-0.020846102,-0.011499311,-0.9997165,0.0,0.07637827,-0.99702996,0.009875769,0.0,627.91376,32.363003,112.73569,1.0
-0.99686724,-0.07606802,0.02166143,0.0,-0.020845648,-0.011502142,-0.99971646,0.0,0.076295696,-0.9970362,0.009880423,0.0,628.0265,31.253613,112.73214,1.0
-0.99686307,-0.07612548,0.021654898,0.0,-0.020837745,-0.011512356,-0.99971664,0.0,0.07635318,-0.9970318,0.009889959,0.0,628.1013,30.522724,112.73437,1.0
-0.9968648,-0.076098435,0.021668408,0.0,-0.020850688,-0.011523764,-0.99971616,0.0,0.07632658,-0.9970337,0.009900929,0.0,628.2147,29.306124,112.74217,1.0
-0.9968698,-0.0760314,0.021674443,0.0,-0.020857714,-0.011519781,-0.9997161,0.0,0.0762595,-0.9970389,0.009897881,0.0,628.2906,28.509676,112.75624,1.0
-0.9968621,-0.07613776,0.021656455,0.0,-0.020840086,-0.011500565,-0.99971676,0.0,0.076365195,-0.99703103,0.00987776,0.0,628.4255,27.297192,112.80088,1.0
-0.9968652,-0.07608897,0.021686222,0.0,-0.020868666,-0.011523505,-0.99971586,0.0,0.0763172,-0.9970345,0.009899505,0.0,628.5482,26.10302,112.80842,1.0
-0.9968668,-0.07605792,0.021719096,0.0,-0.020900896,-0.011537192,-0.999715,0.0,0.076286845,-0.99703664,0.009911366,0.0,628.6312,25.206873,112.81041,1.0
-0.9968686,-0.07602833,0.02173998,0.0,-0.020922162,-0.011536856,-0.9997145,0.0,0.07625746,-0.9970389,0.009910053,0.0,628.6925,24.535301,112.8185,1.0
-0.9968687,-0.07603401,0.021716053,0.0,-0.020905271,-0.011443207,-0.999716,0.0,0.07626088,-0.99703956,0.009817863,0.0,628.84,23.100155,112.83812,1.0
-0.99686205,-0.07613582,0.02166607,0.0,-0.020858388,-0.01138775,-0.9997176,0.0,0.076361045,-0.9970324,0.009763945,0.0,628.9981,21.772133,112.86333,1.0
-0.99686205,-0.07613985,0.021648802,0.0,-0.020841507,-0.011381543,-0.99971795,0.0,0.07636482,-0.99703217,0.0097589595,0.0,629.0473,21.393507,112.86938,1.0
-0.99686444,-0.07611002,0.021646148,0.0,-0.02083657,-0.011415086,-0.9997177,0.0,0.07633566,-0.9970341,0.009793421,0.0,629.26447,19.521925,112.879745,1.0
-0.996861,-0.076152354,0.021656625,0.0,-0.020843677,-0.011454024,-0.9997171,0.0,0.076378904,-0.9970304,0.009830775,0.0,629.3717,18.590986,112.873856,1.0
-0.99686,-0.076159954,0.021673445,0.0,-0.020858048,-0.01148566,-0.99971646,0.0,0.07638731,-0.9970294,0.009861048,0.0,629.51825,17.183624,112.8719,1.0
-0.99686074,-0.07614911,0.02167953,0.0,-0.020864414,-0.011483579,-0.9997164,0.0,0.07637644,-0.9970303,0.009858723,0.0,629.5294,17.044603,112.87276,1.0
-0.9968584,-0.07614977,0.021785341,0.0,-0.020978717,-0.011376597,-0.99971527,0.0,0.076375835,-0.9970315,0.009743331,0.0,629.7051,14.83788,112.922676,1.0
-0.9968596,-0.07613486,0.021780644,0.0,-0.020975415,-0.0113601405,-0.9997154,0.0,0.07636068,-0.99703276,0.009727505,0.0,629.80347,13.860978,112.94681,1.0
-0.99686706,-0.076053694,0.021724846,0.0,-0.020917298,-0.011398722,-0.9997163,0.0,0.07627968,-0.9970386,0.009772173,0.0,629.9849,12.322581,112.97572,1.0
-0.99686664,-0.07606721,0.021694051,0.0,-0.020884592,-0.0114208255,-0.9997167,0.0,0.07629341,-0.9970373,0.009796408,0.0,630.094,11.368642,112.99062,1.0
-0.9968733,-0.07599284,0.021647202,0.0,-0.020837938,-0.011426119,-0.99971753,0.0,0.07621877,-0.9970429,0.009806859,0.0,630.26154,9.702402,113.024445,1.0
-0.9968717,-0.07602696,0.021603834,0.0,-0.020792047,-0.011453076,-0.99971825,0.0,0.07625292,-0.99704003,0.009836491,0.0,630.43317,8.091908,113.05386,1.0
-0.99686795,-0.076049656,0.0216989,0.0,-0.020888561,-0.011434756,-0.99971646,0.0,0.07627616,-0.9970385,0.009810373,0.0,630.51685,7.0519857,113.06111,1.0
-0.9968597,-0.07611584,0.02184023,0.0,-0.021034062,-0.011377064,-0.99971396,0.0,0.07634262,-0.997034,0.009740312,0.0,630.63904,5.506284,113.09309,1.0
-0.99686056,-0.07608522,0.021910526,0.0,-0.021108352,-0.011331413,-0.999713,0.0,0.0763116,-0.99703693,0.009689805,0.0,630.712,4.5089235,113.11559,1.0
-0.99686164,-0.0760787,0.021883087,0.0,-0.02107572,-0.011399088,-0.9997129,0.0,0.0763063,-0.99703664,0.009759901,0.0,630.88666,2.8278396,113.12457,1.0
-0.9968663,-0.07603053,0.021837965,0.0,-0.021027718,-0.011441221,-0.9997134,0.0,0.07625862,-0.99703985,0.00980662,0.0,631.01776,1.7200615,113.12647,1.0
-0.996863,-0.0760798,0.021820094,0.0,-0.021009482,-0.0114389965,-0.9997139,0.0,0.07630758,-0.99703616,0.0098047145,0.0,631.2018,0.06438826,113.12047,1.0
-0.9968688,-0.07599484,0.021851053,0.0,-0.021041987,-0.011430879,-0.9997133,0.0,0.07622277,-0.9970427,0.009796004,0.0,631.3042,-1.0210944,113.12002,1.0
-0.996865,-0.0760568,0.02180764,0.0,-0.020997785,-0.011431591,-0.99971414,0.0,0.07628437,-0.99703795,0.009798728,0.0,631.50244,-2.6686287,113.16018,1.0
-0.996865,-0.07606809,0.021768374,0.0,-0.020956147,-0.011459657,-0.99971473,0.0,0.07629585,-0.99703676,0.009829636,0.0,631.65564,-3.8902903,113.18597,1.0
-0.9968641,-0.0760985,0.021701034,0.0,-0.020886337,-0.011485503,-0.9997158,0.0,0.07632618,-0.99703413,0.009860067,0.0,631.8397,-5.4803944,113.21467,1.0
-0.99686265,-0.07614145,0.021617385,0.0,-0.020800076,-0.011510899,-0.99971735,0.0,0.076368816,-0.99703056,0.009891038,0.0,632.04395,-7.145595,113.25543,1.0
-0.9968608,-0.07615807,0.021643331,0.0,-0.02083215,-0.011429748,-0.9997176,0.0,0.07638399,-0.9970302,0.0098073315,0.0,632.1465,-8.268695,113.29586,1.0
-0.99686396,-0.07606491,0.021825198,0.0,-0.021027036,-0.01127839,-0.9997152,0.0,0.076289475,-0.997039,0.0096436,0.0,632.2361,-9.913859,113.30876,1.0
-0.9968624,-0.07606142,0.02190606,0.0,-0.02111199,-0.01122836,-0.999714,0.0,0.076285705,-0.99703985,0.009587323,0.0,632.32135,-11.0428915,113.30411,1.0
-0.9968611,-0.076097,0.021842804,0.0,-0.021047883,-0.011232661,-0.9997153,0.0,0.07632072,-0.9970371,0.009595723,0.0,632.51794,-12.686573,113.33578,1.0
-0.9968648,-0.076063745,0.021794476,0.0,-0.020998577,-0.011247819,-0.9997163,0.0,0.07628723,-0.99703956,0.0096153235,0.0,632.65,-13.865619,113.35167,1.0
-0.996865,-0.07607223,0.021753116,0.0,-0.020952452,-0.011307452,-0.99971646,0.0,0.07629672,-0.9970381,0.009678103,0.0,632.8418,-15.457296,113.366104,1.0
-0.99686,-0.07611778,0.02182262,0.0,-0.02101868,-0.011347046,-0.99971473,0.0,0.07634363,-0.9970343,0.009711521,0.0,632.9442,-16.557262,113.35048,1.0
-0.9968601,-0.0761041,0.021867393,0.0,-0.021061651,-0.011373993,-0.9997135,0.0,0.076331,-0.997035,0.009735401,0.0,633.0906,-18.137428,113.34699,1.0
-0.9968613,-0.07611563,0.021774292,0.0,-0.020969654,-0.011354646,-0.9997157,0.0,0.07634116,-0.9970344,0.009722888,0.0,633.2861,-19.770508,113.42314,1.0
-0.9968645,-0.07606153,0.021813504,0.0,-0.021013236,-0.011305903,-0.9997153,0.0,0.07628644,-0.9970391,0.009672155,0.0,633.3682,-20.820934,113.46228,1.0
-0.996861,-0.07607584,0.02192642,0.0,-0.021124113,-0.011334938,-0.99971265,0.0,0.07630244,-0.99703765,0.009692322,0.0,633.4858,-22.345852,113.46364,1.0
-0.99686265,-0.07607618,0.02184708,0.0,-0.02103678,-0.011436392,-0.99971336,0.0,0.076304175,-0.99703646,0.009800114,0.0,633.6269,-23.369963,113.46077,1.0
-0.9968722,-0.07599452,0.021694435,0.0,-0.020884743,-0.011433257,-0.9997165,0.0,0.076221004,-0.9970427,0.00981037,0.0,633.836,-24.88839,113.49511,1.0
-0.99686784,-0.07607981,0.02159424,0.0,-0.020778736,-0.011494435,-0.999718,0.0,0.07630659,-0.99703544,0.00987759,0.0,633.9915,-25.835566,113.525345,1.0
-0.9968651,-0.07608397,0.021705704,0.0,-0.020891426,-0.0114820795,-0.9997158,0.0,0.076311596,-0.99703526,0.009856583,0.0,634.0859,-27.011616,113.52248,1.0
-0.9968599,-0.07611757,0.02182675,0.0,-0.021012925,-0.011476321,-0.99971336,0.0,0.07634624,-0.9970328,0.009840832,0.0,634.1717,-28.116938,113.50489,1.0
-0.9968598,-0.07613331,0.021776909,0.0,-0.020965882,-0.01143591,-0.99971473,0.0,0.076360665,-0.99703205,0.009803797,0.0,634.33673,-29.476404,113.55188,1.0
-0.9968562,-0.07619582,0.021725269,0.0,-0.020916857,-0.011391806,-0.9997164,0.0,0.07642162,-0.9970278,0.009762215,0.0,634.40985,-30.091293,113.58461,1.0
-0.99685746,-0.076196216,0.021662865,0.0,-0.020862715,-0.011281623,-0.99971867,0.0,0.07641918,-0.997029,0.00965651,0.0,634.58765,-31.668678,113.635704,1.0
-0.9968531,-0.07623051,0.021742592,0.0,-0.020947726,-0.011211359,-0.99971765,0.0,0.07645281,-0.99702716,0.009579223,0.0,634.6662,-32.59313,113.635185,1.0
-0.9968617,-0.07611757,0.021746518,0.0,-0.020953689,-0.011199116,-0.9997177,0.0,0.07633964,-0.9970359,0.009569026,0.0,634.76996,-33.865334,113.63644,1.0
-0.99687624,-0.0759382,0.021705626,0.0,-0.0209064,-0.011303919,-0.99971753,0.0,0.0761621,-0.99704844,0.009681014,0.0,634.8943,-35.025787,113.63761,1.0
-0.996863,-0.076119415,0.021677142,0.0,-0.020869827,-0.0113854725,-0.9997173,0.0,0.07634478,-0.99703366,0.009761157,0.0,635.022,-36.04622,113.62752,1.0
-0.99686867,-0.07603261,0.021721523,0.0,-0.020913303,-0.01141012,-0.99971616,0.0,0.07625891,-0.99704003,0.009784299,0.0,635.13043,-37.325943,113.60557,1.0
-0.99686617,-0.076031,0.021844164,0.0,-0.02104427,-0.0113060465,-0.9997146,0.0,0.076256275,-0.99704134,0.009670598,0.0,635.1846,-38.088192,113.63695,1.0
-0.9968563,-0.07616454,0.02183261,0.0,-0.021035668,-0.011250122,-0.9997155,0.0,0.076388426,-0.9970318,0.009612583,0.0,635.31824,-39.240025,113.700645,1.0
-0.99685496,-0.076219894,0.021695435,0.0,-0.020892933,-0.011310531,-0.9997177,0.0,0.07644379,-0.99702686,0.009682502,0.0,635.4469,-40.074444,113.73468,1.0
-0.99685633,-0.07622631,0.021607205,0.0,-0.020799194,-0.011378252,-0.99971884,0.0,0.07645081,-0.9970256,0.009757037,0.0,635.6103,-41.269154,113.75835,1.0
-0.9968578,-0.07619332,0.021657072,0.0,-0.020850964,-0.011359525,-0.999718,0.0,0.07641792,-0.9970283,0.009735127,0.0,635.6728,-42.048756,113.76768,1.0
-0.9968675,-0.07605871,0.021685187,0.0,-0.020879582,-0.01137123,-0.9997173,0.0,0.07628384,-0.9970385,0.009747535,0.0,635.77893,-43.22057,113.77822,1.0
-0.9968675,-0.07608134,0.021607092,0.0,-0.020795599,-0.011442321,-0.99971825,0.0,0.07630718,-0.9970359,0.009824321,0.0,635.89014,-43.983406,113.794495,1.0
-0.99686235,-0.0761512,0.021597855,0.0,-0.02077948,-0.011522825,-0.99971765,0.0,0.07637859,-0.99702966,0.009904288,0.0,636.01,-45.07828,113.79176,1.0
-0.99685675,-0.07617845,0.021757036,0.0,-0.020936703,-0.011550792,-0.999714,0.0,0.076408036,-0.9970273,0.00991956,0.0,636.05225,-45.91198,113.75443,1.0
-0.99685514,-0.07619669,0.02176898,0.0,-0.02095032,-0.011527025,-0.9997141,0.0,0.07642585,-0.99702615,0.009894429,0.0,636.1506,-46.825134,113.78015,1.0
-0.99685866,-0.07613208,0.021833228,0.0,-0.021030115,-0.011334824,-0.9997146,0.0,0.07635781,-0.9970333,0.009698152,0.0,636.1932,-47.769833,113.789566,1.0
-0.99685955,-0.076113656,0.021859499,0.0,-0.021060301,-0.011287033,-0.99971455,0.0,0.076338604,-0.99703526,0.00964861,0.0,636.24164,-48.388527,113.77955,1.0
-0.9968597,-0.076135345,0.02177461,0.0,-0.020979904,-0.011222451,-0.99971694,0.0,0.07635814,-0.9970344,0.0095898975,0.0,636.3718,-49.39639,113.81675,1.0
-0.9968623,-0.07610671,0.021755075,0.0,-0.020961063,-0.011216271,-0.9997173,0.0,0.07632929,-0.9970366,0.0095858,0.0,636.44,-50.04737,113.85271,1.0
-0.99685967,-0.076141685,0.021754438,0.0,-0.020957185,-0.011254143,-0.99971706,0.0,0.07636493,-0.99703354,0.009623086,0.0,636.5376,-50.983322,113.86022,1.0
-0.99686307,-0.0760978,0.02175173,0.0,-0.020952668,-0.0112832375,-0.9997168,0.0,0.07632167,-0.9970365,0.00965339,0.0,636.61084,-51.57525,113.85753,1.0
-0.99686533,-0.07609129,0.021671796,0.0,-0.020871002,-0.011303704,-0.9997183,0.0,0.076314785,-0.9970368,0.00968017,0.0,636.7347,-52.45713,113.88439,1.0
-0.9968716,-0.07601751,0.021641223,0.0,-0.020840602,-0.011309671,-0.9997188,0.0,0.07624094,-0.9970423,0.009690039,0.0,636.7864,-52.90921,113.8934,1.0
-0.99686456,-0.07610046,0.021671893,0.0,-0.020863561,-0.011401008,-0.99971724,0.0,0.07632611,-0.9970349,0.009777535,0.0,636.8929,-53.926117,113.85738,1.0
-0.9968659,-0.07608921,0.021652095,0.0,-0.02084028,-0.011447211,-0.9997173,0.0,0.076315545,-0.9970353,0.009825614,0.0,636.97205,-54.505535,113.85106,1.0
-0.9968583,-0.07618524,0.02166677,0.0,-0.020859635,-0.011374311,-0.9997178,0.0,0.0764101,-0.9970288,0.009749379,0.0,637.049,-55.274803,113.89149,1.0
-0.9968555,-0.07615491,0.02189877,0.0,-0.021103721,-0.011229101,-0.99971426,0.0,0.07637905,-0.99703276,0.009586639,0.0,637.044,-56.014557,113.8931,1.0
-0.9968544,-0.076174475,0.02187936,0.0,-0.021083215,-0.01124024,-0.9997145,0.0,0.07639871,-0.9970311,0.00959888,0.0,637.0903,-56.39414,113.905525,1.0
-0.99685806,-0.07618287,0.021683186,0.0,-0.020880481,-0.011317436,-0.9997179,0.0,0.07640684,-0.9970296,0.009691142,0.0,637.2508,-57.29967,113.96663,1.0
-0.996868,-0.07606501,0.02163919,0.0,-0.020836793,-0.01132678,-0.9997187,0.0,0.07628872,-0.99703854,0.009706354,0.0,637.30994,-57.78029,113.98162,1.0
-0.996864,-0.07612138,0.021624794,0.0,-0.020815918,-0.011403652,-0.9997183,0.0,0.07634652,-0.99703336,0.009783354,0.0,637.3907,-58.416836,113.9769,1.0
-0.9968616,-0.076156124,0.021615306,0.0,-0.020802487,-0.011450305,-0.999718,0.0,0.0763822,-0.99703014,0.009830132,0.0,637.4425,-58.797134,113.978226,1.0
-0.99687237,-0.076018296,0.021602789,0.0,-0.020788673,-0.011484611,-0.99971783,0.0,0.076245025,-0.9970403,0.009868371,0.0,637.4972,-59.43901,113.98229,1.0
-0.996869,-0.076050214,0.021645773,0.0,-0.020833863,-0.011453247,-0.9997174,0.0,0.07627657,-0.99703825,0.009832967,0.0,637.5173,-60.045864,113.98606,1.0
-0.9968656,-0.07608451,0.021683551,0.0,-0.020868402,-0.011492559,-0.9997162,0.0,0.07631209,-0.99703515,0.009868774,0.0,637.5678,-60.64207,113.96598,1.0
-0.99686,-0.07614527,0.021724485,0.0,-0.020906692,-0.01152071,-0.99971503,0.0,0.07637389,-0.99703014,0.009892589,0.0,637.6136,-61.023155,113.965836,1.0
-0.9968547,-0.076221384,0.021702461,0.0,-0.02087979,-0.01157363,-0.99971503,0.0,0.0764508,-0.99702376,0.009945742,0.0,637.70447,-61.604004,113.976326,1.0
-0.99685854,-0.07616492,0.021722265,0.0,-0.020908399,-0.011466845,-0.99971557,0.0,0.07639241,-0.99702924,0.009838336,0.0,637.74884,-62.10959,113.99638,1.0
-0.99685985,-0.07612133,0.021818256,0.0,-0.021010345,-0.011398301,-0.9997143,0.0,0.07634821,-0.9970334,0.009763174,0.0,637.73773,-62.439774,113.98787,1.0
-0.9968547,-0.07614251,0.021978505,0.0,-0.021177698,-0.011308819,-0.9997118,0.0,0.076369055,-0.9970328,0.0096607255,0.0,637.7202,-62.89503,113.98285,1.0
-0.99685293,-0.07616898,0.021967476,0.0,-0.021164997,-0.011326896,-0.9997119,0.0,0.076395795,-0.9970306,0.009679133,0.0,637.761,-63.231808,113.99331,1.0
-0.99685454,-0.07618257,0.021847695,0.0,-0.021038482,-0.011408545,-0.9997136,0.0,0.076409966,-0.99702865,0.009769894,0.0,637.86414,-63.680286,114.01461,1.0
-0.9968613,-0.07611312,0.021777509,0.0,-0.020965388,-0.011452805,-0.99971455,0.0,0.07634088,-0.99703336,0.009821117,0.0,637.92584,-63.955605,114.0291,1.0
-0.99686176,-0.076122224,0.021724774,0.0,-0.020909702,-0.01148819,-0.9997153,0.0,0.07635017,-0.9970323,0.009860444,0.0,637.97614,-64.41417,114.03147,1.0
-0.9968646,-0.076093055,0.021698777,0.0,-0.020883892,-0.011488549,-0.9997159,0.0,0.0763207,-0.99703455,0.009863409,0.0,638.00104,-64.671394,114.03411,1.0
-0.9968691,-0.07604147,0.021673458,0.0,-0.020860666,-0.011466959,-0.9997166,0.0,0.07626847,-0.9970387,0.00984478,0.0,638.0305,-65.054474,114.04605,1.0
-0.9968731,-0.07599383,0.02165492,0.0,-0.020842869,-0.011462739,-0.999717,0.0,0.076220624,-0.99704236,0.009842967,0.0,638.0553,-65.291046,114.05185,1.0
-0.996876,-0.07596049,0.021639258,0.0,-0.020827666,-0.011460472,-0.9997175,0.0,0.07618695,-0.997045,0.00984259,0.0,638.099,-65.600296,114.05519,1.0
-0.9968624,-0.0761525,0.021590924,0.0,-0.020776963,-0.011464761,-0.9997185,0.0,0.076378524,-0.9970303,0.009846572,0.0,638.1864,-66.072525,114.07577,1.0
-0.9968696,-0.07606187,0.021576148,0.0,-0.020766223,-0.011423186,-0.99971914,0.0,0.076286934,-0.9970377,0.00980791,0.0,638.2233,-66.30089,114.09259,1.0
-0.9968715,-0.076027155,0.021612171,0.0,-0.020806292,-0.01137612,-0.9997187,0.0,0.07625172,-0.9970408,0.009758687,0.0,638.2246,-66.44774,114.08622,1.0
-0.9968635,-0.07612251,0.021644851,0.0,-0.02084194,-0.011326389,-0.9997186,0.0,0.076346256,-0.99703413,0.0097043235,0.0,638.234,-66.61322,114.0753,1.0
-0.9968613,-0.076150976,0.021647831,0.0,-0.020846466,-0.011302659,-0.99971884,0.0,0.07637419,-0.9970323,0.009679705,0.0,638.248,-66.721306,114.07149,1.0
-0.9968617,-0.07612825,0.021710083,0.0,-0.020910028,-0.011290759,-0.99971765,0.0,0.07635181,-0.99703413,0.00966348,0.0,638.24054,-66.89794,114.07129,1.0
-0.99686307,-0.076101065,0.021742053,0.0,-0.020942694,-0.0112863425,-0.999717,0.0,0.07632488,-0.9970362,0.009657176,0.0,638.2355,-67.00876,114.07207,1.0
-0.99686384,-0.07607625,0.021790432,0.0,-0.020992031,-0.011278753,-0.99971604,0.0,0.07630041,-0.9970382,0.009646387,0.0,638.2276,-67.14689,114.070984,1.0
-0.9968623,-0.07609167,0.02180909,0.0,-0.021009104,-0.0112982225,-0.99971545,0.0,0.076316416,-0.9970368,0.009664155,0.0,638.24536,-67.27574,114.07409,1.0
-0.99685514,-0.07618686,0.02180299,0.0,-0.021000473,-0.011318943,-0.9997154,0.0,0.076411955,-0.9970293,0.009683387,0.0,638.26245,-67.3862,114.079254,1.0
-0.99958163,-0.016544333,0.023723505,0.0,-0.02326763,-0.027223285,-0.99935853,0.0,0.017179597,-0.99949247,0.026826948,0.0,638.26184,51.57042,111.164116,1.0
-0.99958146,-0.016544726,0.023728563,0.0,-0.02327269,-0.027222479,-0.99935836,0.0,0.017180147,-0.9994924,0.026826046,0.0,638.2712,51.45498,111.164085,1.0
-0.99958116,-0.016501848,0.02377223,0.0,-0.023316892,-0.027257903,-0.9993564,0.0,0.017139284,-0.99949217,0.026861714,0.0,638.267,51.380627,111.13584,1.0
-0.9995776,-0.016581658,0.02386973,0.0,-0.023410892,-0.027335249,-0.99935216,0.0,0.017223377,-0.9994888,0.02693551,0.0,638.25085,51.303394,111.07372,1.0
-0.9995761,-0.016597928,0.023921667,0.0,-0.023461735,-0.027372641,-0.99935,0.0,0.01724185,-0.9994875,0.026971621,0.0,638.2504,51.171356,111.04285,1.0
-0.9995781,-0.016575396,0.023848848,0.0,-0.023390684,-0.027306201,-0.9993534,0.0,0.017215936,-0.99948967,0.02690697,0.0,638.2771,51.069454,111.09489,1.0
-0.99958134,-0.01651614,0.02375682,0.0,-0.023301663,-0.027225206,-0.9993577,0.0,0.017152293,-0.9994929,0.026828954,0.0,638.30615,50.990376,111.15853,1.0
-0.9995769,-0.016886424,0.023682265,0.0,-0.023218488,-0.027150968,-0.9993617,0.0,0.017518597,-0.9994887,0.026747404,0.0,638.3424,50.815643,111.22158,1.0
-0.99957734,-0.016889576,0.02366023,0.0,-0.023196936,-0.027118823,-0.999363,0.0,0.017520484,-0.9994895,0.026715575,0.0,638.37396,50.51684,111.24555,1.0
-0.9995783,-0.016836882,0.023657274,0.0,-0.02319554,-0.027110148,-0.99936324,0.0,0.017467557,-0.9994906,0.026708176,0.0,638.3873,50.36704,111.25099,1.0
-0.99957913,-0.016792944,0.023653725,0.0,-0.023193406,-0.027096378,-0.99936366,0.0,0.01742325,-0.99949175,0.02669549,0.0,638.40924,50.121674,111.260086,1.0
-0.9995797,-0.016766949,0.023650877,0.0,-0.023191433,-0.027086133,-0.99936414,0.0,0.017396826,-0.9994925,0.0266859,0.0,638.42645,49.92839,111.26705,1.0
-0.99958163,-0.016652253,0.023648405,0.0,-0.023192387,-0.027065104,-0.9993646,0.0,0.017281678,-0.99949497,0.026667574,0.0,638.4494,49.6141,111.276535,1.0
-0.99958163,-0.016647225,0.023651503,0.0,-0.023195725,-0.027058983,-0.99936473,0.0,0.017276611,-0.9994952,0.026661519,0.0,638.46466,49.3982,111.283424,1.0
-0.9995796,-0.016742589,0.023669863,0.0,-0.023211591,-0.027055763,-0.9993643,0.0,0.017372424,-0.99949366,0.026655767,0.0,638.47894,49.086365,111.28713,1.0
-0.9995793,-0.01673984,0.023686277,0.0,-0.023228005,-0.027059846,-0.9993639,0.0,0.01737013,-0.99949366,0.026659628,0.0,638.5024,48.705338,111.29455,1.0
-0.9995796,-0.016707854,0.023694368,0.0,-0.023236927,-0.027061043,-0.99936366,0.0,0.017338434,-0.99949414,0.026661428,0.0,638.5203,48.442436,111.30061,1.0
-0.9995795,-0.01666427,0.023729334,0.0,-0.023272423,-0.027097194,-0.99936175,0.0,0.017296717,-0.99949384,0.026697982,0.0,638.5383,47.99863,111.31099,1.0
-0.999579,-0.016666327,0.023749826,0.0,-0.023292515,-0.027116863,-0.9993609,0.0,0.017299658,-0.99949336,0.026717246,0.0,638.55005,47.696617,111.32104,1.0
-0.9995798,-0.0166274,0.02374526,0.0,-0.023289258,-0.027101314,-0.9993614,0.0,0.017260274,-0.99949443,0.026702685,0.0,638.5817,47.26527,111.3415,1.0
-0.9995779,-0.016723817,0.023757981,0.0,-0.023299363,-0.027103493,-0.9993611,0.0,0.017357023,-0.99949276,0.026702398,0.0,638.60187,46.9735,111.3451,1.0
-0.9995759,-0.01680663,0.023780331,0.0,-0.02331947,-0.027105035,-0.9993605,0.0,0.017440531,-0.9994913,0.02670162,0.0,638.6331,46.481945,111.34837,1.0
-0.99957806,-0.016673768,0.023785146,0.0,-0.023327934,-0.02709925,-0.99936056,0.0,0.01730763,-0.9994937,0.02669885,0.0,638.658,46.124825,111.353836,1.0
-0.9995776,-0.016683754,0.023797436,0.0,-0.023340197,-0.027085157,-0.99936056,0.0,0.017317683,-0.9994939,0.026684314,0.0,638.6926,45.552925,111.36377,1.0
-0.999576,-0.016781125,0.023797937,0.0,-0.023338396,-0.027068125,-0.99936116,0.0,0.0174145,-0.99949276,0.026665002,0.0,638.71344,45.20526,111.37615,1.0
-0.9995802,-0.016563196,0.023770902,0.0,-0.023317888,-0.027027048,-0.9993627,0.0,0.017195113,-0.9994975,0.026629483,0.0,638.7601,44.606754,111.40888,1.0
-0.99957657,-0.016751619,0.023791062,0.0,-0.02333306,-0.02702498,-0.9993624,0.0,0.017383896,-0.9994944,0.026622672,0.0,638.79785,44.018745,111.41737,1.0
-0.9995769,-0.01670833,0.02380829,0.0,-0.023351379,-0.02702831,-0.999362,0.0,0.017341085,-0.9994951,0.026626712,0.0,638.822,43.614277,111.41841,1.0
-0.9995784,-0.016590783,0.0238276,0.0,-0.023373816,-0.027028289,-0.9993614,0.0,0.017224172,-0.999497,0.026629103,0.0,638.86755,42.911068,111.427536,1.0
-0.9995765,-0.016682727,0.02384289,0.0,-0.023386672,-0.027027242,-0.9993611,0.0,0.017316442,-0.9994955,0.026625643,0.0,638.8927,42.49269,111.43479,1.0
-0.9995763,-0.016693624,0.023846805,0.0,-0.023390314,-0.027026245,-0.9993611,0.0,0.017327407,-0.9994953,0.026624324,0.0,638.90283,42.337208,111.438614,1.0
-0.99957603,-0.01667163,0.023868624,0.0,-0.023412831,-0.027019506,-0.9993606,0.0,0.017305935,-0.99949586,0.026617723,0.0,638.9685,41.329487,111.4579,1.0
-0.9995785,-0.016599793,0.023817746,0.0,-0.023363153,-0.027061546,-0.9993607,0.0,0.017233783,-0.9994959,0.026662316,0.0,639.0401,40.575546,111.472336,1.0
-0.9995784,-0.016586693,0.02382763,0.0,-0.023373093,-0.027078185,-0.99935997,0.0,0.017221352,-0.9994957,0.02667909,0.0,639.0726,40.072926,111.48188,1.0
-0.99957925,-0.016514724,0.023843303,0.0,-0.023390593,-0.027083565,-0.9993594,0.0,0.01714998,-0.9994967,0.026685882,0.0,639.1206,39.299366,111.500084,1.0
-0.99957955,-0.016494112,0.023845008,0.0,-0.0233929,-0.027080493,-0.9993594,0.0,0.017129336,-0.9994971,0.026683263,0.0,639.13904,39.026924,111.50876,1.0
-0.9995789,-0.016534278,0.023843829,0.0,-0.02339111,-0.027053699,-0.9993602,0.0,0.017168837,-0.9994972,0.026655553,0.0,639.2139,37.951626,111.54773,1.0
-0.99957824,-0.016579796,0.02384235,0.0,-0.02338871,-0.027036697,-0.99936074,0.0,0.017213838,-0.99949694,0.026637513,0.0,639.25226,37.406647,111.56679,1.0
-0.9995791,-0.01654703,0.02382969,0.0,-0.023377515,-0.027002415,-0.99936193,0.0,0.017179986,-0.99949837,0.02660422,0.0,639.3145,36.532852,111.601845,1.0
-0.9995786,-0.016595235,0.023817055,0.0,-0.023364179,-0.026968906,-0.99936324,0.0,0.017226918,-0.99949855,0.026569806,0.0,639.3728,35.71259,111.636246,1.0
-0.999579,-0.016561825,0.02382503,0.0,-0.023373116,-0.026964644,-0.9993632,0.0,0.01719364,-0.9994992,0.026566189,0.0,639.4111,35.079174,111.654434,1.0
-0.9995793,-0.016478363,0.023868054,0.0,-0.023417765,-0.026998542,-0.99936116,0.0,0.017112218,-0.9994997,0.026601298,0.0,639.461,34.147293,111.6648,1.0
-0.9995776,-0.01655441,0.023887023,0.0,-0.023434227,-0.027026428,-0.99935997,0.0,0.017189452,-0.9994976,0.026627071,0.0,639.50397,33.53337,111.6759,1.0
-0.9995771,-0.016555972,0.023906963,0.0,-0.023453781,-0.027046127,-0.9993591,0.0,0.01719187,-0.9994971,0.026646389,0.0,639.56805,32.570095,111.6929,1.0
-0.9995772,-0.01653535,0.02391426,0.0,-0.023461657,-0.027044471,-0.9993588,0.0,0.017171575,-0.9994974,0.02664509,0.0,639.6116,31.907297,111.70818,1.0
-0.99957615,-0.016610643,0.023906775,0.0,-0.023452077,-0.027049704,-0.99935895,0.0,0.017246688,-0.99949604,0.026648685,0.0,639.69214,30.906107,111.73817,1.0
-0.9995771,-0.016586823,0.023884876,0.0,-0.023430677,-0.027057813,-0.9993592,0.0,0.017222486,-0.9994962,0.02665773,0.0,639.73334,30.483194,111.752266,1.0
-0.99957895,-0.016521282,0.023853531,0.0,-0.023400962,-0.027065082,-0.9993597,0.0,0.017156294,-0.9994971,0.026667072,0.0,639.8414,29.15123,111.78891,1.0
-0.9995792,-0.016502414,0.02385443,0.0,-0.023402533,-0.027055304,-0.9993599,0.0,0.017137282,-0.9994977,0.026657723,0.0,639.8843,28.460882,111.80479,1.0
-0.99958026,-0.016450766,0.023848167,0.0,-0.023397688,-0.027052954,-0.99936014,0.0,0.017085388,-0.99949867,0.026656687,0.0,639.9738,27.32056,111.83797,1.0
-0.9995798,-0.01648017,0.023846207,0.0,-0.023394844,-0.027058803,-0.99936,0.0,0.017114887,-0.99949795,0.026661882,0.0,640.0625,26.216307,111.86902,1.0
-0.9995783,-0.016565267,0.023850963,0.0,-0.023397284,-0.027061423,-0.99935997,0.0,0.017200088,-0.9994965,0.02666243,0.0,640.0907,25.826029,111.87808,1.0
-0.99957734,-0.016597888,0.02386849,0.0,-0.023413826,-0.02706796,-0.99935937,0.0,0.01723331,-0.9994958,0.026667897,0.0,640.1964,24.293997,111.90931,1.0
-0.9995774,-0.016579848,0.023876688,0.0,-0.023422498,-0.027068224,-0.99935913,0.0,0.01721553,-0.9994961,0.026668442,0.0,640.24976,23.484884,111.92586,1.0
-0.9995783,-0.016543077,0.023866158,0.0,-0.023413159,-0.027056137,-0.9993597,0.0,0.017178167,-0.99949706,0.0266574,0.0,640.33936,22.24252,111.96572,1.0
-0.9995788,-0.016518712,0.02386369,0.0,-0.023411352,-0.027055413,-0.9993598,0.0,0.01715374,-0.9994975,0.026657289,0.0,640.3991,21.420433,111.98878,1.0
-0.99957806,-0.016554562,0.023866644,0.0,-0.023413207,-0.027063753,-0.9993595,0.0,0.017189857,-0.99949664,0.02666474,0.0,640.488,20.202425,112.01937,1.0
-0.99957806,-0.016552873,0.023868904,0.0,-0.02341545,-0.027067298,-0.99935937,0.0,0.0171883,-0.9994966,0.026668284,0.0,640.5431,19.414867,112.03877,1.0
-0.99957824,-0.016548429,0.023864273,0.0,-0.023410795,-0.027075766,-0.99935925,0.0,0.017183928,-0.9994964,0.026676934,0.0,640.64886,17.98799,112.07856,1.0
-0.999578,-0.016559541,0.023864392,0.0,-0.02341057,-0.027078366,-0.99935913,0.0,0.01719518,-0.9994961,0.026679272,0.0,640.69196,17.367775,112.0949,1.0
-0.99957925,-0.016492305,0.023860577,0.0,-0.023408204,-0.027098654,-0.99935865,0.0,0.01712833,-0.9994967,0.026701197,0.0,640.81165,15.778016,112.13651,1.0
-0.99957925,-0.016514225,0.02384624,0.0,-0.023392914,-0.027120316,-0.9993585,0.0,0.0171503,-0.9994958,0.02672259,0.0,640.8947,14.850302,112.16877,1.0
-0.9995794,-0.01652864,0.023828374,0.0,-0.023374312,-0.027140936,-0.99935836,0.0,0.017164687,-0.99949497,0.026743175,0.0,641.003,13.532448,112.21319,1.0
-0.9995803,-0.016491273,0.023818605,0.0,-0.023365296,-0.027155438,-0.9993582,0.0,0.017127424,-0.9994952,0.026758717,0.0,641.10254,12.1367445,112.25407,1.0
-0.9995808,-0.016457338,0.023818623,0.0,-0.02336604,-0.027166056,-0.99935776,0.0,0.017093895,-0.99949545,0.026770126,0.0,641.168,11.116215,112.27967,1.0
-0.99957997,-0.016508095,0.02382223,0.0,-0.02336797,-0.027184607,-0.99935734,0.0,0.017145013,-0.99949414,0.026787428,0.0,641.25165,9.808173,112.311714,1.0
-0.99957764,-0.016671872,0.02380441,0.0,-0.023344928,-0.02723283,-0.9993565,0.0,0.0173094,-0.9994901,0.026832122,0.0,641.3584,8.70666,112.35172,1.0
-0.99957913,-0.016606333,0.023785891,0.0,-0.02332762,-0.027264833,-0.999356,0.0,0.017244179,-0.99949026,0.026865974,0.0,641.43835,7.8411508,112.382774,1.0
-0.9995791,-0.016653204,0.023755679,0.0,-0.023295408,-0.027308142,-0.99935555,0.0,0.017291212,-0.99948835,0.026908703,0.0,641.5801,6.204141,112.4361,1.0
-0.9995808,-0.016607411,0.023716334,0.0,-0.02325732,-0.027307114,-0.9993565,0.0,0.017244358,-0.9994891,0.026909422,0.0,641.7015,4.668478,112.47988,1.0
-0.99958086,-0.016633015,0.023692342,0.0,-0.02323303,-0.027284918,-0.9993576,0.0,0.017268848,-0.99948925,0.026887048,0.0,641.75226,3.9907513,112.49746,1.0
-0.99958503,-0.01643302,0.023658074,0.0,-0.023203997,-0.027293917,-0.9993581,0.0,0.017068198,-0.99949235,0.026901279,0.0,641.8867,2.0429564,112.54757,1.0
-0.9995856,-0.01640638,0.023651138,0.0,-0.023197398,-0.02731611,-0.99935764,0.0,0.017041918,-0.99949217,0.026924206,0.0,641.9557,0.96809435,112.57504,1.0
-0.99958605,-0.016494408,0.02357236,0.0,-0.023116587,-0.027297482,-0.99935997,0.0,0.017127363,-0.9994912,0.026904887,0.0,642.1073,-0.6123261,112.62543,1.0
-0.99958336,-0.016676562,0.023557369,0.0,-0.02309676,-0.027293779,-0.9993606,0.0,0.017308857,-0.99948835,0.026897233,0.0,642.2369,-2.1470382,112.67703,1.0
-0.9995841,-0.01658091,0.023593955,0.0,-0.023136247,-0.027274355,-0.9993602,0.0,0.017213823,-0.99949044,0.026879393,0.0,642.3028,-3.2054749,112.71098,1.0
-0.99958605,-0.016473182,0.02358867,0.0,-0.02313358,-0.027290827,-0.99935985,0.0,0.017106345,-0.9994918,0.026898446,0.0,642.41266,-4.814037,112.75733,1.0
-0.99958736,-0.016409662,0.023575028,0.0,-0.023121275,-0.02731286,-0.9993595,0.0,0.017043088,-0.9994922,0.026922178,0.0,642.4882,-5.9086843,112.787994,1.0
-0.99958456,-0.01650448,0.023627248,0.0,-0.023171207,-0.027296621,-0.9993588,0.0,0.01713887,-0.9994911,0.026902853,0.0,642.51807,-6.6062717,112.805954,1.0
-0.99958444,-0.016545488,0.023603676,0.0,-0.023147216,-0.027257033,-0.9993604,0.0,0.017178299,-0.9994915,0.026862724,0.0,642.67596,-8.535909,112.86166,1.0
-0.99958503,-0.016475333,0.023630802,0.0,-0.023176523,-0.027239434,-0.99936026,0.0,0.017108418,-0.9994932,0.02684629,0.0,642.78314,-10.12809,112.903175,1.0
-0.9995855,-0.016437527,0.023636486,0.0,-0.023183836,-0.027203519,-0.99936104,0.0,0.017069994,-0.9994948,0.026811158,0.0,642.853,-11.189171,112.9232,1.0
-0.99958456,-0.016471975,0.023649909,0.0,-0.023196405,-0.027199179,-0.9993608,0.0,0.017104752,-0.9994943,0.02680579,0.0,642.96045,-12.73629,112.968956,1.0
-0.99958414,-0.016495988,0.02365015,0.0,-0.023195986,-0.027200157,-0.99936074,0.0,0.017128818,-0.99949384,0.026806206,0.0,643.04425,-13.824004,113.00705,1.0
-0.9995835,-0.016504603,0.023674453,0.0,-0.023219971,-0.02720488,-0.99936014,0.0,0.01713812,-0.9994936,0.026810313,0.0,643.1522,-15.344758,113.04689,1.0
-0.999584,-0.016472626,0.023674103,0.0,-0.023220763,-0.027188323,-0.9993606,0.0,0.017105723,-0.9994946,0.026794506,0.0,643.2164,-16.392727,113.07494,1.0
-0.9995837,-0.016467817,0.023691319,0.0,-0.023238141,-0.027186155,-0.9993603,0.0,0.017101286,-0.9994948,0.026792156,0.0,643.3196,-17.922716,113.103935,1.0
-0.99958307,-0.016593628,0.023630807,0.0,-0.02317403,-0.027200062,-0.9993614,0.0,0.017225776,-0.9994923,0.026804179,0.0,643.4634,-19.325201,113.15798,1.0
-0.999584,-0.016592762,0.02359079,0.0,-0.023134055,-0.027199503,-0.99936235,0.0,0.01722377,-0.99949235,0.02680433,0.0,643.5621,-20.332071,113.190445,1.0
-0.9995837,-0.016630426,0.023578323,0.0,-0.023121217,-0.027162695,-0.99936366,0.0,0.01726022,-0.9994927,0.026766872,0.0,643.6695,-21.797768,113.22215,1.0
-0.9995836,-0.016668346,0.023553846,0.0,-0.023096437,-0.027121853,-0.99936527,0.0,0.017296592,-0.9994932,0.02672558,0.0,643.745,-22.739761,113.255714,1.0
-0.9995832,-0.016688608,0.02355829,0.0,-0.023099778,-0.027154263,-0.9993644,0.0,0.017317666,-0.999492,0.02675744,0.0,643.85474,-24.11251,113.28651,1.0
-0.999585,-0.016549982,0.023578418,0.0,-0.023123011,-0.027189108,-0.99936277,0.0,0.0171806,-0.99949324,0.02679514,0.0,643.9162,-25.048508,113.30909,1.0
-0.99958456,-0.016565993,0.02358493,0.0,-0.023128862,-0.027202616,-0.9993623,0.0,0.017197018,-0.99949265,0.026808163,0.0,644.00134,-26.39381,113.35142,1.0
-0.9995834,-0.016612982,0.023599314,0.0,-0.023141978,-0.027202832,-0.999362,0.0,0.017244369,-0.9994919,0.026807044,0.0,644.0589,-27.296673,113.37786,1.0
-0.99958163,-0.016636016,0.023661172,0.0,-0.023203345,-0.027194755,-0.9993609,0.0,0.017268764,-0.99949175,0.026797365,0.0,644.1416,-28.61763,113.40322,1.0
-0.9995802,-0.016649175,0.023712792,0.0,-0.02325485,-0.027180169,-0.99936,0.0,0.017283019,-0.99949193,0.026781585,0.0,644.19147,-29.473135,113.42112,1.0
-0.9995769,-0.01668708,0.023822254,0.0,-0.023364412,-0.027114563,-0.9993593,0.0,0.01732228,-0.99949306,0.02671321,0.0,644.2366,-30.70472,113.44876,1.0
-0.9995781,-0.016541673,0.023871198,0.0,-0.023418054,-0.027066631,-0.9993592,0.0,0.017177263,-0.9994967,0.02666784,0.0,644.3102,-31.964731,113.48409,1.0
-0.9995778,-0.016568406,0.023866529,0.0,-0.023412604,-0.027070636,-0.99935925,0.0,0.01720395,-0.99949616,0.026671298,0.0,644.3763,-32.774582,113.507095,1.0
-0.9995778,-0.01660255,0.02384448,0.0,-0.023389276,-0.02709227,-0.99935925,0.0,0.017237946,-0.999495,0.02669251,0.0,644.4693,-33.98585,113.529335,1.0
-0.99957854,-0.016576907,0.023834033,0.0,-0.023379046,-0.027119607,-0.99935883,0.0,0.017212583,-0.9994948,0.026720623,0.0,644.5322,-34.809517,113.53702,1.0
-0.9995779,-0.016616976,0.023831367,0.0,-0.023374163,-0.027186032,-0.9993571,0.0,0.017254159,-0.9994923,0.026786149,0.0,644.6294,-36.013386,113.54189,1.0
