0.5636615232738684,0.4856055967101851,-0.6681863069534302,0.0,-0.716780660397378,0.6895738634275878,-0.1035051941871643,0.0,0.41050111121477645,0.5372849112184435,0.7367589473724365,0.0,14.056191118946685,-117.77225647306304,196.01626586914062,1.0
0.5650624713474803,0.4847194302442852,-0.6676462292671204,0.0,-0.7170910297898123,0.6887359840791911,-0.10687923431396484,0.0,0.4080255159687239,0.5391565421253348,0.7367668151855469,0.0,13.525380896158545,-117.89195082543569,195.1729736328125,1.0
0.5660721596896535,0.4851767894050792,-0.6664576530456543,0.0,-0.7170371687515933,0.688665933382788,-0.10768884420394897,0.0,0.4067185790748935,0.5388345876179162,0.7377244234085083,0.0,12.987686912896812,-118.14238267884039,194.16885375976562,1.0
0.5665181787140201,0.48529064911633135,-0.6659955978393555,0.0,-0.7172664344366024,0.6882841803998665,-0.1085992082953453,0.0,0.4056920609692743,0.5392197149828967,0.7380081415176392,0.0,12.562900627873091,-118.28669348814168,193.51783752441406,1.0
0.5682110174211722,0.48450472629543656,-0.6651251316070557,0.0,-0.7165891912158601,0.6886854460565596,-0.11050931364297867,0.0,0.4045197147678074,0.5394140857115167,0.738509476184845,0.0,12.146767596610836,-118.38768408066954,192.60508728027344,1.0
0.5692446109289853,0.4826301345724373,-0.6656040549278259,0.0,-0.715356688290678,0.6897850178215382,-0.11163078993558884,0.0,0.4052473432288556,0.5396895522450279,0.7379090785980225,0.0,11.88779578017347,-118.28764297234494,191.75685119628906,1.0
0.5709559204924973,0.483614706027076,-0.6634200215339661,0.0,-0.7142710039122836,0.6910122313172323,-0.11099089682102203,0.0,0.40475452539757373,0.5372325964427292,0.7399694919586182,0.0,11.419861911867812,-118.28019815302396,191.14361572265625,1.0
0.5722523601868705,0.48245322054163475,-0.6631486415863037,0.0,-0.7134965101313248,0.6915551703124722,-0.11257964372634888,0.0,0.4042894665343924,0.5375782111372307,0.7399727702140808,0.0,10.940803972953596,-118.25413049580737,190.1566925048828,1.0
0.5738498785277593,0.4810811035465823,-0.6627649068832397,0.0,-0.7129453274759341,0.6916883405243319,-0.11522245407104492,0.0,0.40299538969771387,0.538635506978975,0.7399097681045532,0.0,10.333743694888256,-118.31649973940858,189.0001220703125,1.0
0.5745702682675756,0.4798950754244175,-0.6630005240440369,0.0,-0.7118745723015356,0.6927438385395694,-0.11550157517194748,0.0,0.40386088050024116,0.5383369755826163,0.739655077457428,0.0,9.882959885003878,-118.27064936302534,188.17323303222656,1.0
0.5762830160922932,0.4815242355118259,-0.6603274345397949,0.0,-0.7117147507934378,0.6928422942362353,-0.11589518189430237,0.0,0.40169640275318386,0.5367531655042057,0.7419811487197876,0.0,9.081131264949576,-118.44376838622081,187.3175506591797,1.0
0.5754005032313235,0.4798790332802031,-0.6622917652130127,0.0,-0.7110981318630113,0.6935822348454047,-0.1152523085474968,0.0,0.404046642735053,0.5372706813887149,0.7403286695480347,0.0,8.707838313562533,-118.42101852891899,186.65464782714844,1.0
0.5747419745284089,0.4789627028416595,-0.6635257005691528,0.0,-0.7102764263677308,0.6946635649275124,-0.11379775404930115,0.0,0.4064222603880816,0.5366910252444325,0.7394482493400574,0.0,8.410514888028978,-118.28585189987061,186.26376342773438,1.0
0.5758432558749305,0.4803323226359377,-0.6615779399871826,0.0,-0.7102545291042959,0.6946777914645184,-0.11384762823581696,0.0,0.40489880459673866,0.5354471189625502,0.7411837577819824,0.0,7.593904525264939,-118.45584194103265,185.48947143554688,1.0
0.5767180453259105,0.48020049783050783,-0.6609113812446594,0.0,-0.7104641477724538,0.6941757579613919,-0.11558879911899567,0.0,0.4032828259362021,0.5362159459680177,0.7415089011192322,0.0,6.724840555067765,-118.4867163620282,184.3315887451172,1.0
0.5776497962426529,0.4802118247960451,-0.660088837146759,0.0,-0.7102867516870714,0.6941958620081314,-0.1165539100766182,0.0,0.4022603960748885,0.5361797312884347,0.7420902252197266,0.0,6.071989243381893,-118.47776639445321,183.57249450683594,1.0
0.5775515993539786,0.47892339036871096,-0.6611101031303406,0.0,-0.7100824929126639,0.6942633121122725,-0.11739397048950195,0.0,0.40276176444806194,0.5372437811626528,0.7410479784011841,0.0,5.480190844924543,-118.5648815701017,182.85150146484375,1.0
0.5769017107550088,0.4787278974802493,-0.6618186831474304,0.0,-0.7104040555861004,0.6939534662627223,-0.1172805055975914,0.0,0.40312590795084,0.5378179950951213,0.7404331564903259,0.0,4.77810661938134,-118.63277508543095,182.23199462890625,1.0
0.5766503416821337,0.4784772975873595,-0.6622189283370972,0.0,-0.7102743170496717,0.6941412831563989,-0.11695390939712524,0.0,0.4037136984368851,0.5377985970080942,0.7401269674301147,0.0,4.315162937939377,-118.607651517621,181.8218536376953,1.0
0.5759151794719143,0.47747811698135567,-0.663578450679779,0.0,-0.7115016247172303,0.6924968059822794,-0.1192210465669632,0.0,0.40260051587401535,0.5407983568040086,0.738545835018158,0.0,3.443994997064536,-118.81036100021899,180.73068237304688,1.0
0.5769462915840212,0.47827845402444125,-0.6621047258377075,0.0,-0.7115976141647139,0.692261647641013,-0.12001089006662369,0.0,0.4009511094942536,0.5403920085008029,0.7397396564483643,0.0,2.7894281400568772,-119.02135689040901,179.9750518798828,1.0
0.5764548856721645,0.47760669121109434,-0.6630170941352844,0.0,-0.7114013132421408,0.6925241191157481,-0.11965998262166977,0.0,0.40200491768428365,0.5406498102364319,0.738978922367096,0.0,2.400430935739884,-119.0739453677574,179.4082794189453,1.0
0.5754901811882426,0.4779760293129513,-0.6635887026786804,0.0,-0.7119863911833576,0.6920372433315617,-0.11899533122777939,0.0,0.40235114877644457,0.5409467400525472,0.7385730743408203,0.0,1.8278649871950279,-119.24658425405462,178.92955017089844,1.0
0.5751642332669276,0.4766592616667058,-0.6648173332214355,0.0,-0.712361995336208,0.6913728489727146,-0.12059834599494934,0.0,0.40215231575023835,0.5429544315231439,0.7372068762779236,0.0,1.3594347976013026,-119.39562090518575,178.10311889648438,1.0
0.5739884889757995,0.4746480298608341,-0.667267918586731,0.0,-0.7118285887727213,0.6920140671746923,-0.12006917595863342,0.0,0.4047681440979988,0.5438986631754017,0.7350761294364929,0.0,1.2131926511138431,-119.27916882557537,177.7255096435547,1.0
0.5745928537100213,0.4795078354486555,-0.6632611155509949,0.0,-0.7157211979442024,0.6874631242294709,-0.1230350062251091,0.0,0.3969713142982715,0.5454050758348781,0.7382053136825562,0.0,-0.2949119514491585,-120.21873739266073,176.48471069335938,1.0
0.5731404838470481,0.4798047073128541,-0.6643022298812866,0.0,-0.7171045813186975,0.6859847418584323,-0.12323150038719177,0.0,0.3965741223979048,0.5470031157430172,0.7372357845306396,0.0,-1.0633629648811294,-120.52229720307474,175.6280975341797,1.0
0.5732857956440016,0.4820390065828258,-0.6625570058822632,0.0,-0.7174386556792411,0.6858997553725881,-0.12175097316503525,0.0,0.3957589707375677,0.5451421111103065,0.739050030708313,0.0,-1.7648321836108636,-120.7998109354586,175.09921264648438,1.0
0.5732314420144906,0.4832769280122195,-0.6617017388343811,0.0,-0.7176081505476166,0.6859067715057761,-0.1207079216837883,0.0,0.39553033462110826,0.54403612512182,0.739986777305603,0.0,-2.335488374155993,-120.97089612033233,174.4430694580078,1.0
0.57293423824386,0.4846678425017079,-0.6609413027763367,0.0,-0.7179499219763695,0.6857638489082977,-0.11948172003030777,0.0,0.39534072121801384,0.5429779389279009,0.7408648133277893,0.0,-2.9273676945624842,-121.20116222401111,173.72984313964844,1.0
0.5718748824748947,0.4849367762736998,-0.6616611480712891,0.0,-0.7179117527366868,0.6861244415390887,-0.11762625724077225,0.0,0.39694061558748733,0.5422818415778949,0.740519106388092,0.0,-3.258235965413256,-121.12962182617392,173.3235321044922,1.0
0.572632709152901,0.486753026221648,-0.6596691012382507,0.0,-0.7181625989252226,0.685920209765006,-0.11728555709123611,0.0,0.3953912447526663,0.5409111944541843,0.7423481941223145,0.0,-3.8786915234597075,-121.27027496337405,172.6818389892578,1.0
0.5721925485404774,0.48637890972084097,-0.6603266596794128,0.0,-0.7182442663467465,0.6858490790556098,-0.11720182746648788,0.0,0.39587989531430157,0.5413378048548116,0.7417765855789185,0.0,-4.296998657755545,-121.21140154797573,172.04302978515625,1.0
0.57202941389496,0.4881944537090766,-0.6591271162033081,0.0,-0.7187101141462484,0.6855724706059219,-0.11595737189054489,0.0,0.3952696668997805,0.5400523523170097,0.7430378794670105,0.0,-4.707456362984708,-121.21860899624588,171.74546813964844,1.0
0.5733578140713945,0.4919211465430387,-0.6551903486251831,0.0,-0.720514764491233,0.6834293810673947,-0.11740008741617203,0.0,0.39002475502040296,0.5393865901612195,0.7462860345840454,0.0,-5.47014573363785,-121.60064151814015,171.19345092773438,1.0
0.5743086785839366,0.4878399512978954,-0.6574053168296814,0.0,-0.7193753600031443,0.6840281257827856,-0.12084974348545074,0.0,0.3907283755828681,0.5423262274777331,0.7437832951545715,0.0,-6.004273756340773,-121.38343621705272,170.40220642089844,1.0
0.5753254871093302,0.4861911929259296,-0.6577375531196594,0.0,-0.719278818695363,0.6835922681001773,-0.12385319173336029,0.0,0.3894079727709384,0.5443525900022201,0.7429950833320618,0.0,-6.550637177753806,-121.55693287601085,169.66737365722656,1.0
0.5753721805491242,0.4844459814911465,-0.6589832901954651,0.0,-0.7185801266799958,0.684226728318414,-0.1244039535522461,0.0,0.3906270229489115,0.5451109013689842,0.7417982816696167,0.0,-6.697791044868261,-121.52872348454031,169.21533203125,1.0
0.5758111610497894,0.4856570501096828,-0.657707154750824,0.0,-0.7191082398627274,0.6836015087967132,-0.12478905916213989,0.0,0.3890049329953409,0.5448175856451287,0.7428653836250305,0.0,-7.105653852928306,-121.81320729414352,168.6437225341797,1.0
0.5754656648932993,0.4872171341465597,-0.6568551659584045,0.0,-0.7174222118228767,0.6863204717998689,-0.11945518851280212,0.0,0.3926125399088355,0.5399848541391195,0.7444943189620972,0.0,-7.480004184450799,-121.79534512256981,168.03797912597656,1.0
0.5758274139282464,0.4905130572127822,-0.6540793180465698,0.0,-0.7169963205528521,0.687406129836483,-0.11571142822504044,0.0,0.39286017371726123,0.535602277316987,0.747523307800293,0.0,-8.022575063847412,-122.11568275043903,167.59852600097656,1.0
0.5756277221600018,0.4917870721495695,-0.6532979607582092,0.0,-0.7176469295995138,0.6867916827858438,-0.1153259351849556,0.0,0.3919638156165558,0.5352220916699943,0.74826580286026,0.0,-8.75367250555594,-122.49642052114704,166.6017303466797,1.0
0.5778567188295952,0.49352164940763765,-0.65001380443573,0.0,-0.7167437265871923,0.6877932565425897,-0.11497341841459274,0.0,0.39033324360972244,0.5323314869433672,0.7511745095252991,0.0,-9.3234763182368,-122.82414902037115,165.5594940185547,1.0
0.5779380569788651,0.49242389785967894,-0.6507736444473267,0.0,-0.7157069852366311,0.6889902402111892,-0.11426253616809845,0.0,0.3921110977786771,0.5317999150848796,0.7506248950958252,0.0,-9.568912589981196,-122.93003269342374,164.7826385498047,1.0
0.5794798782594468,0.4933854307932504,-0.6486708521842957,0.0,-0.7158500395430113,0.6885947262822288,-0.11574142426252365,0.0,0.3895661709668241,0.5314208621344408,0.7522167563438416,0.0,-10.09765660566795,-123.33527902512823,163.67054748535156,1.0
0.5812991390728853,0.4935088868150729,-0.6469468474388123,0.0,-0.7153283537546775,0.6888827499424182,-0.11724300682544708,0.0,0.38781003822992066,0.5309326751881391,0.753467857837677,0.0,-10.560157913787933,-123.63606591008501,162.35816955566406,1.0
0.5834481594632513,0.49308089083680084,-0.6453367471694946,0.0,-0.7143438152272642,0.6896157560779185,-0.11892431974411011,0.0,0.3863951000367811,0.5303785126188497,0.7545843124389648,0.0,-10.974365002660626,-123.78809667333437,161.16085815429688,1.0
0.5847812063297342,0.4941453253010117,-0.6433128118515015,0.0,-0.7134718851765379,0.6906704348637881,-0.11803492903709412,0.0,0.3859907326354555,0.5280102074440377,0.7564498782157898,0.0,-11.423239054545306,-123.97076988132507,160.44398498535156,1.0
0.585386798590919,0.4942215847550361,-0.642703115940094,0.0,-0.7125543963582047,0.6917852552268492,-0.11704429239034653,0.0,0.3867667088001017,0.5264771052927418,0.757121741771698,0.0,-11.850560893975434,-124.16568388282249,159.53163146972656,1.0
0.5875753421884761,0.49730038569697654,-0.6383161544799805,0.0,-0.7127495942187269,0.6915359408128391,-0.11732900142669678,0.0,0.38307079897062074,0.523899203840285,0.7607800960540771,0.0,-12.587355240903477,-124.65475995904036,158.57000732421875,1.0
0.5873653139056341,0.49711001891896495,-0.6386576294898987,0.0,-0.7126766821464366,0.6916533599571569,-0.11707954108715057,0.0,0.3835282924744944,0.5239248818077403,0.7605319023132324,0.0,-12.96135491064635,-124.87478134395789,157.9479522705078,1.0
0.5875513026797565,0.4970144772817468,-0.638560950756073,0.0,-0.7125700967178196,0.6917348258640613,-0.11724686622619629,0.0,0.3834414436247816,0.5239079651164192,0.7605873346328735,0.0,-13.366293738944108,-125.14400866874973,157.28187561035156,1.0
0.5875141291593701,0.49606499307849344,-0.6393329501152039,0.0,-0.7117044076933955,0.6927501362006993,-0.11650784313678741,0.0,0.38510253521829296,0.5234660975566311,0.7600521445274353,0.0,-13.623458298517328,-125.25248184417481,156.7288818359375,1.0
0.588466553105307,0.49819443098936994,-0.636796236038208,0.0,-0.7128704206723291,0.6913100844127478,-0.11792401969432831,0.0,0.38147457664532375,0.52334753847177,0.7619609236717224,0.0,-14.453803813448886,-125.80543770704453,155.97525024414062,1.0
0.5894921176384786,0.4978766806300902,-0.6360957622528076,0.0,-0.7134155690843932,0.6902335485346583,-0.1208963617682457,0.0,0.3788631473748766,0.5250680676583938,0.762080192565918,0.0,-15.12840694506383,-126.22827647049226,154.91580200195312,1.0
0.5893658720221204,0.495601988874177,-0.6379863023757935,0.0,-0.7118164254556587,0.692042920643765,-0.11997508257627487,0.0,0.38205397464015906,0.5248383093820926,0.7606441378593445,0.0,-15.30098109380176,-126.15314313811322,154.52772521972656,1.0
0.5902303407635713,0.4956639921566926,-0.6371384263038635,0.0,-0.7118123299673635,0.6918351860714445,-0.12119100987911224,0.0,0.3807247526001786,0.5250535902159302,0.7611618638038635,0.0,-15.80946764822022,-126.3884048234523,153.85064697265625,1.0
0.5910673561015733,0.49542183743857326,-0.6365505456924438,0.0,-0.7121877852891553,0.691046354459458,-0.12346465140581131,0.0,0.3787188681757117,0.5263194602742428,0.7612882852554321,0.0,-16.383231241612364,-126.67942712654609,152.96888732910156,1.0
0.5923678339908695,0.4970740834622534,-0.6340486407279968,0.0,-0.7117288462800866,0.691653903256376,-0.12270674854516983,0.0,0.377547860136685,0.5239582252332685,0.7634955048561096,0.0,-16.69745117012655,-126.91887517405405,152.5675506591797,1.0
0.5922338070126049,0.4975742822603807,-0.6337814331054688,0.0,-0.7118018564755086,0.6916850800704728,-0.12210584431886673,0.0,0.3776204317414647,0.5234420159010631,0.7638136148452759,0.0,-17.048765720126923,-127.14326094942861,152.10195922851562,1.0
0.5914569826426324,0.4983325620170083,-0.6339111328125,0.0,-0.7115615167060533,0.6923661915816551,-0.11962151527404785,0.0,0.3792873501367827,0.5218177501164382,0.7640990614891052,0.0,-17.371363767775485,-127.40805914620412,151.7473602294922,1.0
0.5916261600925551,0.49976285746807403,-0.632625937461853,0.0,-0.7106771381884927,0.693800333591192,-0.1165294423699379,0.0,0.38067898639105174,0.5185346475946971,0.7656404376029968,0.0,-17.620123234231286,-127.65731493394797,151.44235229492188,1.0
0.5924883476358304,0.5033393231288751,-0.6289730072021484,0.0,-0.7091756534175694,0.6962630193892546,-0.11085015535354614,0.0,0.3821354181565503,0.5117297807531662,0.7694836854934692,0.0,-18.02700418930842,-127.97158881042824,150.96853637695312,1.0
0.5927787973739871,0.5054548683848112,-0.6269997358322144,0.0,-0.7092642309466156,0.6964470476763768,-0.1091136783361435,0.0,0.3815200372897988,0.5093887287842725,0.7713401317596436,0.0,-18.356637051735632,-128.2925252607211,150.6031951904297,1.0
0.5923163884939058,0.5060403460625442,-0.6269644498825073,0.0,-0.709349185163779,0.6965418076212639,-0.1079501211643219,0.0,0.3820798422684326,0.5086773637383936,0.7715324759483337,0.0,-18.5677138638748,-128.59204436847472,150.26968383789062,1.0
0.5920054053379902,0.50474595575868,-0.628300130367279,0.0,-0.7090457509035583,0.6967939070199983,-0.1083160787820816,0.0,0.38312361950851703,0.5096172700703229,0.7703937292098999,0.0,-18.57543921261945,-128.80246301542752,149.9495391845703,1.0
0.5931589198007068,0.5039313862516879,-0.6278659701347351,0.0,-0.709370352759899,0.6959474428853957,-0.11158367991447449,0.0,0.38073119053128857,0.5115763451511623,0.7702813744544983,0.0,-18.791409105283343,-129.21307716975835,149.17137145996094,1.0
0.5933326543786247,0.502987628751476,-0.6284583210945129,0.0,-0.708640130292034,0.6967182106215284,-0.11141341179609299,0.0,0.3818187583469758,0.511455963215103,0.7698228359222412,0.0,-18.820039290889405,-129.5315913563736,148.90284729003906,1.0
0.5942436479724756,0.503050901707803,-0.6275462508201599,0.0,-0.7077457392637739,0.6977097922824546,-0.11089201271533966,0.0,0.3820608551131785,0.5100400767178721,0.7706417441368103,0.0,-18.947701757854112,-129.8822639255775,148.45591735839844,1.0
0.5944629222202096,0.5036700968643446,-0.6268415451049805,0.0,-0.7071281078211663,0.6985894085354057,-0.10928256064653397,0.0,0.3828624934402117,0.508221687817362,0.7714447379112244,0.0,-19.126334263184383,-130.17123081116307,148.1370849609375,1.0
0.59466524289813,0.50422557652265,-0.6262026429176331,0.0,-0.7035185145830893,0.7033572814642592,-0.10173587501049042,0.0,0.38914637255058737,0.5010439583437672,0.7729942202568054,0.0,-19.125131223540485,-130.26357354472609,147.8507537841797,1.0
0.5955394844400794,0.504791324206924,-0.6249147057533264,0.0,-0.7029134418209134,0.7040448777558194,-0.1011609435081482,0.0,0.3889028322548233,0.49950628852776396,0.7741111516952515,0.0,-19.38559200384205,-130.5361726173988,147.22105407714844,1.0
0.5952632013113783,0.5045297292549289,-0.625389039516449,0.0,-0.7023458165439292,0.7047868223982446,-0.09992934763431549,0.0,0.3903486219410728,0.4987236373559849,0.7738880515098572,0.0,-19.648394125872088,-130.85583589569183,146.71609497070312,1.0
0.5964987783223237,0.5054497949579217,-0.623465895652771,0.0,-0.7015311334380097,0.7057214554350262,-0.09905225038528442,0.0,0.3899272957015776,0.4964652669671574,0.7755507230758667,0.0,-19.84494814553876,-131.34353629877432,146.08914184570312,1.0
0.5974554907100968,0.5060940727576835,-0.6220255494117737,0.0,-0.7021424308349034,0.7048471617034247,-0.10092813521623611,0.0,0.38735380913150236,0.49705060239927673,0.7764649391174316,0.0,-20.423793637336964,-132.07480637397435,144.88214111328125,1.0
0.5974999925137682,0.5051220874056813,-0.6227723956108093,0.0,-0.701766287663373,0.7051625291194021,-0.10134068876504898,0.0,0.3879663292809112,0.4975917257873081,0.7758122086524963,0.0,-20.710996424431286,-132.41097233509555,144.03932189941406,1.0
0.5983651092630149,0.503821256536529,-0.6229954957962036,0.0,-0.6991477238863626,0.7081106812517679,-0.09885206818580627,0.0,0.3913459691591664,0.49471548786766706,0.7759541869163513,0.0,-20.606839086293718,-132.4694681147312,143.647216796875,1.0
0.5994910412475593,0.5040594494508882,-0.6217190623283386,0.0,-0.6982820006176239,0.7090160225581067,-0.09848109632730484,0.0,0.3911684466332385,0.49317375614913855,0.7770243883132935,0.0,-20.870941354306623,-132.90294541709267,142.89657592773438,1.0
0.5996559039138657,0.502603375933602,-0.6227380633354187,0.0,-0.697865540034226,0.7092765398020144,-0.09955134242773056,0.0,0.3916586408232005,0.4942839620908322,0.7760714292526245,0.0,-21.024353185487975,-133.39513968575076,141.8883514404297,1.0
0.6001004899453828,0.5019741024119102,-0.62281733751297,0.0,-0.6975256289937082,0.7095147083502269,-0.10023398697376251,0.0,0.391583197964366,0.49458151884131907,0.7759199142456055,0.0,-21.23378997945788,-133.8702378439537,141.0553436279297,1.0
0.6007526966210207,0.4985844579254897,-0.6249077916145325,0.0,-0.6953760310598087,0.711543007654112,-0.10079044848680496,0.0,0.3943962419530211,0.49509605283629615,0.7741650342941284,0.0,-21.046617511094937,-133.987795856869,140.35147094726562,1.0
0.6013101044976454,0.49875062714409996,-0.6242387294769287,0.0,-0.6964565807666744,0.7100912285055624,-0.10353080183267593,0.0,0.39163038662963,0.4970092774143118,0.7743431925773621,0.0,-21.746495264824894,-134.63184825528495,139.25439453125,1.0
0.602115225208037,0.4975930744864604,-0.6243863701820374,0.0,-0.6947271105212657,0.7119186480269103,-0.1025967001914978,0.0,0.39346090328579914,0.4955531933603135,0.7743484973907471,0.0,-21.68366206871528,-134.83526985103538,138.68649291992188,1.0
0.6037862739945091,0.4999833803161952,-0.6208531856536865,0.0,-0.6950216998701996,0.7115933757722605,-0.10285796970129013,0.0,0.39036773026851646,0.4936106609175146,0.7771496176719666,0.0,-22.301803259016296,-135.56038985810068,137.6533660888672,1.0
0.603145115061537,0.49625365817749634,-0.624458372592926,0.0,-0.6931303679458073,0.7134922941293848,-0.10246484726667404,0.0,0.3946976498717907,0.4946322109633655,0.774307906627655,0.0,-22.10705649621378,-135.5734830294717,136.9734649658203,1.0
0.6032147996071938,0.49518130010576555,-0.6252418756484985,0.0,-0.6924995850401031,0.7140917197797968,-0.10255412012338638,0.0,0.39569715711587045,0.4948418968030633,0.7736635208129883,0.0,-22.36211708510934,-135.8357510666374,136.32797241210938,1.0
0.6028413047724024,0.49527190529335186,-0.6255303025245667,0.0,-0.6919235634029601,0.7149001391396288,-0.100794717669487,0.0,0.39727092043926726,0.49358238038216373,0.7736616134643555,0.0,-22.604618587498216,-136.1494099363042,136.05726623535156,1.0
0.6033430103203639,0.49565781237502965,-0.6247404217720032,0.0,-0.6922754935392933,0.7144232857443095,-0.10175441950559616,0.0,0.3958937510907495,0.4938853108558358,0.7741740345954895,0.0,-22.990395098239404,-136.55334533243263,135.17703247070312,1.0
0.6036115542340073,0.497712571338701,-0.6228445172309875,0.0,-0.693213296480064,0.7135315071621126,-0.10162721574306488,0.0,0.39383801221285036,0.4931074328146506,0.7757168412208557,0.0,-23.436355959955,-137.0691795998331,134.6012725830078,1.0
0.6028602761225883,0.4995450004081212,-0.6221047043800354,0.0,-0.6937117922820938,0.7133561933944644,-0.099433034658432,0.0,0.394110960472163,0.4915055944217894,0.776594340801239,0.0,-23.548945365193063,-137.59273382118158,134.42955017089844,1.0
0.6025268840141551,0.49990157328323553,-0.6221413016319275,0.0,-0.6946957387779944,0.7122498524504881,-0.10048848390579224,0.0,0.3928857094391028,0.49274593402661654,0.7764291763305664,0.0,-23.70216837849309,-138.1903154416042,133.63905334472656,1.0
0.6015601564815045,0.5029397341264994,-0.6206262707710266,0.0,-0.69622299898096,0.7110151756698851,-0.0986458957195282,0.0,0.39166173334821003,0.49143570441024625,0.777876615524292,0.0,-23.896737113007504,-138.9274712399051,133.45339965820312,1.0
0.6009461295822615,0.503814902899116,-0.6205113530158997,0.0,-0.6973720623413472,0.7098324791243863,-0.09904550015926361,0.0,0.390558507978301,0.4922482851128242,0.7779175043106079,0.0,-24.078892420523708,-139.565875286271,133.0072479248047,1.0
0.6017098410139909,0.5033801054731655,-0.6201239824295044,0.0,-0.6992634482663891,0.7071934924004581,-0.1044413149356842,0.0,0.3859739634581042,0.49647340130892004,0.7775205969810486,0.0,-24.600423593143695,-140.31536898441757,131.81863403320312,1.0
0.6024125554192131,0.5017815176559958,-0.6207370162010193,0.0,-0.6991645921746622,0.70689397648006,-0.10709720849990845,0.0,0.3850558154367187,0.49851400419984776,0.7766696810722351,0.0,-24.87623796459559,-140.5980347475634,131.0502166748047,1.0
0.6029388483849247,0.4984957862245789,-0.6228697299957275,0.0,-0.6962885531354627,0.709914242034864,-0.10584904253482819,0.0,0.3894187834375815,0.497517557870641,0.7751318216323853,0.0,-24.81116592789308,-140.47511970161494,130.8058624267578,1.0
0.6035733323107638,0.4959127691983842,-0.6243154406547546,0.0,-0.6947341878990929,0.7113187330779289,-0.1066303625702858,0.0,0.3912079171568689,0.49809252517802666,0.7738605737686157,0.0,-24.89620950164356,-140.72499589096887,130.27786254882812,1.0
0.6040629733233391,0.4953119447994372,-0.6243188381195068,0.0,-0.694403916633083,0.711529644468956,-0.10737232118844986,0.0,0.3910385658511961,0.49838907567250534,0.7737552523612976,0.0,-25.02735161242134,-141.32626215747572,129.76268005371094,1.0
0.6026783334459229,0.4946565929152291,-0.6261738538742065,0.0,-0.6951643820989327,0.7107506343897615,-0.10761071741580963,0.0,0.39182312416787035,0.5001484168382517,0.7722216248512268,0.0,-25.245808506322163,-142.22309314582145,129.0299835205078,1.0
0.6021039825361967,0.4931577403467044,-0.6279062032699585,0.0,-0.6946246100442317,0.7113069280090787,-0.10742006450891495,0.0,0.39365903035229277,0.5008371911733288,0.7708402276039124,0.0,-25.312973724109128,-142.58348713851544,128.63575744628906,1.0
0.6022605370049904,0.4912821845145453,-0.6292250156402588,0.0,-0.6940812818491876,0.7116417978913879,-0.10870647430419922,0.0,0.39437728113954723,0.5022029334575441,0.769583523273468,0.0,-25.660797840703218,-142.97291592656117,127.82390594482422,1.0
0.6028741740458848,0.48741784534170274,-0.6316379904747009,0.0,-0.6913886316503929,0.7142540319032239,-0.10873346775770187,0.0,0.39815134703123556,0.502259931801799,0.7676004767417908,0.0,-25.653736051941515,-142.82754234232783,127.07112884521484,1.0
0.6041689199637834,0.4864472929825499,-0.6311489343643188,0.0,-0.690086599596058,0.7154456392144602,-0.1091696172952652,0.0,0.3984474865939413,0.5015043072966274,0.7679407596588135,0.0,-26.188446712678257,-143.14048370404558,126.01424407958984,1.0
0.6033396649142634,0.4853521229290626,-0.6327832341194153,0.0,-0.6898383546583289,0.7157485064678595,-0.1087525486946106,0.0,0.4001303575714207,0.5021328537851826,0.7666539549827576,0.0,-26.7227527636693,-143.41025050849836,125.1399917602539,1.0
0.6042781751318358,0.48776833326556335,-0.630023717880249,0.0,-0.6913889451175788,0.714006063554188,-0.11034774780273438,0.0,0.39601664603265124,0.5022722018030717,0.7686959505081177,0.0,-27.74100443930267,-144.1159708269563,123.83612823486328,1.0
0.6051811766295377,0.48389515905960157,-0.6321402192115784,0.0,-0.6883058847097606,0.7170194130745692,-0.11008244752883911,0.0,0.3999884544008406,0.5017256678133628,0.7669945359230042,0.0,-27.49408459849068,-144.06960794489515,123.03340911865234,1.0
0.6057461077186217,0.4842450674642951,-0.631330668926239,0.0,-0.6884176265418751,0.716816296874883,-0.11070512980222702,0.0,0.3989396511490712,0.5016783158290608,0.7675715088844299,0.0,-27.867555578165835,-144.65362704664176,122.02515411376953,1.0
0.6060101735296106,0.4849835065919863,-0.6305097937583923,0.0,-0.688779283380591,0.7164322179127594,-0.1109410896897316,0.0,0.39791294865098975,0.5015135269197393,0.768211841583252,0.0,-28.284967176224512,-145.3305283616123,121.17430877685547,1.0
0.6072474416828525,0.48703116381168343,-0.6277349591255188,0.0,-0.6895022111509411,0.7156037544337378,-0.11179419606924057,0.0,0.3947622293804215,0.5007113775621678,0.770357608795166,0.0,-28.919929342353633,-146.25345398115766,120.39286041259766,1.0
0.6086705036810426,0.48599947744876565,-0.6271560788154602,0.0,-0.6898299371424278,0.7146695352921796,-0.11568111181259155,0.0,0.39198840830266185,0.5030427410242599,0.7702552080154419,0.0,-29.34346942936058,-146.85938135193504,119.14191436767578,1.0
0.6100997191191151,0.4860952192835142,-0.6256914138793945,0.0,-0.6910030735973043,0.7128221335548257,-0.11999740451574326,0.0,0.3876765222821943,0.5055650718569551,0.7707858681678772,0.0,-29.99025698965749,-147.5576029031059,117.77690887451172,1.0
0.6116517083269,0.48595649819999664,-0.6242823600769043,0.0,-0.6908211144570261,0.7126400282176667,-0.12210799008607864,0.0,0.3855494077163419,0.5059549776208855,0.7715964913368225,0.0,-30.49414178256815,-148.25664985815803,116.5674819946289,1.0
0.6120873065429722,0.48465200055502383,-0.6248692274093628,0.0,-0.6890513584098861,0.7145874753781287,-0.12071860581636429,0.0,0.38801720579541993,0.5044573157008312,0.7713400721549988,0.0,-30.671382430373193,-148.37128928610764,115.9603500366211,1.0
0.6127721717578499,0.4841459222715293,-0.6245902180671692,0.0,-0.687275449581408,0.7166178668779157,-0.11879092454910278,0.0,0.3900803783237252,0.5020573055592268,0.7718651294708252,0.0,-31.004921125545614,-148.61108799539522,115.4642333984375,1.0
0.6122786216250753,0.48018337040494413,-0.6281232237815857,0.0,-0.6862843559019621,0.7172570343722956,-0.12064884603023529,0.0,0.3925922303962093,0.5049418516763806,0.7687035202980042,0.0,-31.23730738429189,-148.85636781803797,114.1642074584961,1.0
0.6118101119886721,0.48000239710579445,-0.628717839717865,0.0,-0.6863891263819152,0.7172031772853437,-0.12037285417318344,0.0,0.393139159512623,0.5051904021787614,0.7682605385780334,0.0,-31.54891623124712,-149.38736146391082,113.52223205566406,1.0
0.6122417852794768,0.4799818241753651,-0.6283131837844849,0.0,-0.6866251908804246,0.716788325855451,-0.12149237841367722,0.0,0.39205341981648995,0.505798365200175,0.7684153318405151,0.0,-31.920072843176847,-150.09473259013123,112.53008270263672,1.0
0.6131507768980233,0.48180344257814234,-0.6260284185409546,0.0,-0.6866954193838449,0.7168229587111258,-0.12088917940855026,0.0,0.39050670423312506,0.504014131052027,0.7703728079795837,0.0,-32.246226061791006,-150.61948985112366,112.14979553222656,1.0
0.6126636805014268,0.4809843238456891,-0.6271342039108276,0.0,-0.6870390123467068,0.7163422199032093,-0.1217833012342453,0.0,0.39066686752582247,0.5054778858324542,0.7693318724632263,0.0,-32.644939294801524,-151.12546243032213,111.13506317138672,1.0
0.6135471047879956,0.48171242645878304,-0.6257100701332092,0.0,-0.686705239599548,0.7166934414456517,-0.12159926444292068,0.0,0.3898664409206839,0.5042852722652097,0.7705196738243103,0.0,-33.14715170076327,-151.83731663252496,110.30155944824219,1.0
0.6138985041374552,0.48179395953722737,-0.6253024935722351,0.0,-0.6868545013464603,0.7164272643409703,-0.12232259660959244,0.0,0.38904944006736847,0.5045854684620846,0.770736038684845,0.0,-33.48634414278233,-152.27467279364856,109.4192886352539,1.0
0.6139396078514653,0.48207384622147603,-0.6250463724136353,0.0,-0.6868587581781599,0.7164660815884488,-0.12207131832838058,0.0,0.38897710553861164,0.5042629713139913,0.7709835767745972,0.0,-33.96843935218765,-152.79972137365786,108.337158203125,1.0
0.6140621603502229,0.4821557059379963,-0.624862790107727,0.0,-0.6860737836613566,0.7174657521515666,-0.12060526758432388,0.0,0.39016714814809705,0.5027611263192223,0.7713629603385925,0.0,-34.28044741409198,-153.12309087722159,107.78585052490234,1.0
0.61526092735735,0.481819179157705,-0.623942494392395,0.0,-0.6853384080827165,0.7180491461944762,-0.12131260335445404,0.0,0.38957065433783444,0.5022506753001947,0.7719967365264893,0.0,-34.57105971264344,-153.39591113655527,107.04010009765625,1.0
0.6164712373326131,0.4826690071376545,-0.6220883131027222,0.0,-0.6859020826688793,0.7171785582574572,-0.12326070666313171,0.0,0.3866542873500549,0.502678355177103,0.7731836438179016,0.0,-35.20116116702749,-153.99795964857046,105.90199279785156,1.0
0.6157746342204251,0.480291672000549,-0.6246131062507629,0.0,-0.6843898853544448,0.7188445072752594,-0.12195533514022827,0.0,0.39042556101302944,0.5025758803833048,0.7713529467582703,0.0,-35.04298033564344,-154.27713497831002,105.36279296875,1.0
0.6164858412156221,0.4816717916284624,-0.622846245765686,0.0,-0.6851379642566438,0.7179692291842545,-0.12290725857019424,0.0,0.387983472511543,0.502506185300936,0.7726294994354248,0.0,-35.40854793828584,-154.71903895297535,104.76011657714844,1.0
0.6170781888296625,0.4812310883753644,-0.6226003170013428,0.0,-0.6853283428884566,0.717481378095652,-0.12468164414167404,0.0,0.3867034832589793,0.5036239934804299,0.7725434303283691,0.0,-35.80412679446629,-155.11116513932578,103.93115997314453,1.0
0.61811462724975,0.48011221071958965,-0.6224360466003418,0.0,-0.683758391220672,0.7190275589408763,-0.1243937537074089,0.0,0.3878256852474304,0.5024854385147566,0.7727221846580505,0.0,-35.922823109466194,-155.2393562963582,103.34994506835938,1.0
0.6176089124828238,0.47965040243209967,-0.6232934594154358,0.0,-0.6838697866583753,0.7189218954745705,-0.12439227849245071,0.0,0.38843452808430656,0.5030773593919556,0.7720309495925903,0.0,-36.16893373078676,-155.46384457286834,102.78490447998047,1.0
0.6175428262243587,0.4794529022999776,-0.6235108375549316,0.0,-0.6830486093157901,0.7199597076185016,-0.12289279699325562,0.0,0.3899813701082171,0.5017797738301386,0.7720955610275269,0.0,-36.31409152315574,-155.6439066993001,102.32589721679688,1.0
0.6181138633381207,0.47952452033230974,-0.6228896379470825,0.0,-0.6823229340977527,0.7207616686323438,-0.12222127616405487,0.0,0.39034690445699594,0.5005585741628915,0.7727033495903015,0.0,-36.40464857904103,-155.85114241625337,101.93046569824219,1.0
0.6179129651163374,0.47949748839734607,-0.623109757900238,0.0,-0.6823954596044168,0.7207138411789071,-0.12209812551736832,0.0,0.39053810363526564,0.5006532992049197,0.772545337677002,0.0,-36.555902491578635,-156.16377627456438,101.54806518554688,1.0
0.6183023018978129,0.4811474690279187,-0.6214494109153748,0.0,-0.6830018605582574,0.7201609667226753,-0.12196970731019974,0.0,0.38885819347389416,0.4998652585048873,0.7739018201828003,0.0,-36.980440615958315,-156.77251433437524,100.8321533203125,1.0
0.6180919048300465,0.481191133162976,-0.6216248869895935,0.0,-0.6829295708105272,0.7203152742376078,-0.12146218866109848,0.0,0.38931938009536854,0.49960081337226175,0.7738406658172607,0.0,-37.307608056335035,-157.11162585444518,100.16288757324219,1.0
0.6181792594419413,0.4801627237175298,-0.6223328113555908,0.0,-0.6820715097071389,0.7211918799543408,-0.12108152359724045,0.0,0.3906825250800443,0.4993255628413492,0.7733311653137207,0.0,-37.809237824262965,-157.58882798332576,99.15718078613281,1.0
0.61797653836896,0.4812613182024588,-0.621685266494751,0.0,-0.6811632477559073,0.7226066627309764,-0.11771272867918015,0.0,0.3925832899959689,0.4962128231496453,0.7743714451789856,0.0,-38.01025334072562,-157.99198652874242,98.90785217285156,1.0
0.6174145048757111,0.48276288924271243,-0.62107914686203,0.0,-0.6827388655406385,0.7210291061912136,-0.11825671792030334,0.0,0.3907261839467455,0.4970482895909647,0.7747748494148254,0.0,-38.43555213142723,-158.6546240014777,98.27003479003906,1.0
0.6170543442501174,0.4837551683022726,-0.6206648945808411,0.0,-0.6828662254143043,0.721141814766666,-0.11682550609111786,0.0,0.3910724519173989,0.4959187645875849,0.775323748588562,0.0,-38.621149319180226,-159.08608364990727,97.5426025390625,1.0
0.6166943416752055,0.4843400664608386,-0.6205664873123169,0.0,-0.6832741436876171,0.7208202132391035,-0.116424560546875,0.0,0.3909278039333095,0.49581542051503613,0.775462806224823,0.0,-38.84176952652142,-159.35231146778426,96.88404846191406,1.0
0.6166607453685864,0.4852765325562583,-0.6198678612709045,0.0,-0.6838886368363718,0.7202236746478144,-0.1165081039071083,0.0,0.3899049104566622,0.4957666039277484,0.7760087847709656,0.0,-39.16152451635682,-159.77999475858724,96.09090423583984,1.0
0.61586050315591,0.48608697430627423,-0.6200284361839294,0.0,-0.685086500320434,0.7190419112598834,-0.11677013337612152,0.0,0.38906597743705285,0.49668721753977185,0.7758411169052124,0.0,-39.55404452285975,-160.37424778950185,95.54146575927734,1.0
0.6159738939834725,0.4886687058535894,-0.6178827881813049,0.0,-0.6842615534690851,0.720539437519769,-0.11229020357131958,0.0,0.3903361728156939,0.49196123346432863,0.7782106399536133,0.0,-39.31938165994431,-161.07381264502845,95.08610534667969,1.0
0.6151490643530462,0.4906746587666851,-0.6171143054962158,0.0,-0.6859868952989734,0.7189132250775785,-0.11218619346618652,0.0,0.3886046801801012,0.4923435211853906,0.7788351774215698,0.0,-39.568373102654306,-161.75945892530285,94.56531524658203,1.0
0.6158103642112502,0.4926780512587337,-0.6148543953895569,0.0,-0.6867261088750058,0.7181868241434932,-0.1123163029551506,0.0,0.3862445567622563,0.4914021133719831,0.7806017398834229,0.0,-39.770068363489735,-162.2669636267384,94.05387878417969,1.0
0.6158277339811928,0.4920844497759503,-0.6153122186660767,0.0,-0.6862643967350142,0.7186612646317352,-0.11210343986749649,0.0,0.38703670678001856,0.49130327901222504,0.7802715301513672,0.0,-39.879960370423106,-162.41202970756504,93.60110473632812,1.0
0.6164723331506744,0.4917070616260276,-0.6149682998657227,0.0,-0.685625777149665,0.7192535226837224,-0.11221274733543396,0.0,0.38714229517225046,0.49081415429854397,0.7805269360542297,0.0,-40.18510085624367,-162.55938318215402,92.9620590209961,1.0
0.6171766807462763,0.49162859473081244,-0.6143242716789246,0.0,-0.6852568170523555,0.7195436681743165,-0.1126054972410202,0.0,0.3866730374292862,0.4904673647606403,0.7809774279594421,0.0,-40.59193325815132,-162.92366142840677,92.12986755371094,1.0
0.6178638640378222,0.49328974954459653,-0.6122984886169434,0.0,-0.6854554920278798,0.7194361146852729,-0.11208212375640869,0.0,0.38522072551822967,0.48895489876004655,0.7826417684555054,0.0,-40.91172061676639,-163.38426376812026,91.71456146240234,1.0
0.6174479958152091,0.4938203414888563,-0.6122903823852539,0.0,-0.6859756960910707,0.7189691842385998,-0.11189578473567963,0.0,0.3849615013264634,0.48910614272592784,0.7826747894287109,0.0,-41.07242621296365,-163.78002065258883,91.28996276855469,1.0
0.6175780715264259,0.4949040107210562,-0.6112833619117737,0.0,-0.6867968260184512,0.7180917461216088,-0.11249148100614548,0.0,0.3832850682800941,0.4892997653479869,0.7833762168884277,0.0,-41.354924737414585,-164.38770672706084,90.54712677001953,1.0
0.6171216896456818,0.49541206463807475,-0.6113327145576477,0.0,-0.6867754114681406,0.7183184158241673,-0.11116760224103928,0.0,0.38405776752726856,0.4884522132978571,0.7835267186164856,0.0,-41.42606592030267,-164.90794314849458,90.09872436523438,1.0
0.6171023758523516,0.4968244160683869,-0.6102050542831421,0.0,-0.6883764793639273,0.7165355264239046,-0.11275950819253922,0.0,0.38121191221704775,0.489634953965838,0.7841779589653015,0.0,-41.9332091703654,-165.77608460847154,89.03472900390625,1.0
0.6170023245023428,0.497451555905873,-0.6097951531410217,0.0,-0.688761714730207,0.7161800467326735,-0.11266521364450455,0.0,0.3806776218868313,0.4895182440739553,0.7845103144645691,0.0,-42.219559579595455,-166.28505669458488,88.36060333251953,1.0
0.6163009746013413,0.49883028995614165,-0.6093778610229492,0.0,-0.6888561763544321,0.7164752748697802,-0.11018313467502594,0.0,0.3816415203122754,0.4876797142482131,0.785186767578125,0.0,-42.75535459445068,-166.99097122572073,87.70098876953125,1.0
0.6164885017354345,0.4997155687040449,-0.6084622144699097,0.0,-0.6889826603639023,0.7164303028653302,-0.10968390107154846,0.0,0.38111000113734844,0.48683876344823124,0.7859663963317871,0.0,-43.406916549746896,-167.44197622226613,86.50336456298828,1.0
0.6160085070828121,0.49874149708304133,-0.6097462177276611,0.0,-0.6889167440099203,0.7164493519237679,-0.10997289419174194,0.0,0.38200422555384805,0.4878086098476715,0.7849302291870117,0.0,-43.56932150687612,-167.6567970232522,85.79009246826172,1.0
0.6158398933469882,0.5006028125487598,-0.608389675617218,0.0,-0.6912738262692273,0.7137968202563996,-0.11240378022193909,0.0,0.37799696114934894,0.48978658779006806,0.7856382131576538,0.0,-44.314569500091075,-168.5518261495304,84.71640014648438,1.0
0.6150952322907856,0.5001452768980376,-0.6095183491706848,0.0,-0.6913583965549424,0.7137806121589692,-0.11198556423187256,0.0,0.3790533402971381,0.4902774194511138,0.7848227024078369,0.0,-44.57046088766449,-169.4082123476955,83.68970489501953,1.0
0.6146296887388464,0.5018857626174315,-0.6085565090179443,0.0,-0.6922710035828379,0.7130288375049914,-0.11113394796848297,0.0,0.37814176191576415,0.489592222329804,0.785689651966095,0.0,-44.97696420697896,-169.98047618763025,83.33052825927734,1.0
0.6138460629211955,0.5031090643587479,-0.6083373427391052,0.0,-0.6934609289714008,0.7118944616627657,-0.11098728328943253,0.0,0.37723327079104363,0.48998728054596485,0.7858800888061523,0.0,-45.95156658324573,-171.16286455010444,81.9828109741211,1.0
