0.5110301615071317 -0.6641492986306412 -0.5456682934405408 0.0 -0.5382369584769219 -0.7422052251943245 0.3992898440449921 0.0 -0.670185923576355 0.08964968472719193 -0.7367589473724365 0.0 -73.33833312988281 93.21678924560547 196.01626586914062 1.0
0.5107134279405722 -0.6627419863829042 -0.5476722074998397 0.0 -0.5390684736511934 -0.7430850274860993 0.3965221447969788 0.0 -0.6697588562965393 0.09272363781929016 -0.7367668151855469 0.0 -73.79830932617188 92.92608642578125 195.1729736328125 1.0
0.5114388568629638 -0.6624038659249035 -0.5474042378370075 0.0 -0.539810092231769 -0.7432992362094778 0.3951092138474996 0.0 -0.6686070561408997 0.0934201255440712 -0.7377244234085083 0.0 -74.35559844970703 92.72296142578125 194.16885375976562 1.0
0.5114132868968078 -0.6621615426193901 -0.5477212400897261 0.0 -0.5403955409335437 -0.7433890722170788 0.394138766855468 0.0 -0.6681535243988037 0.09441830962896347 -0.7380081415176392 0.0 -74.75801086425781 92.5246353149414 193.51783752441406 1.0
0.5124059992786542 -0.660784173073342 -0.5484563759581653 0.0 -0.5403097444379547 -0.7444904641990776 0.3921726058357227 0.0 -0.6674619913101196 0.09538472443819046 -0.738509476184845 0.0 -75.12367248535156 92.30179595947266 192.60508728027344 1.0
0.5131515375161414 -0.6592636148778341 -0.5495880293773948 0.0 -0.5387232079852812 -0.7458780912343821 0.39171825227206314 0.0 -0.6681712865829468 0.09506499767303467 -0.7379090785980225 0.0 -75.23605346679688 92.04793548583984 191.75685119628906 1.0
0.515655926962261 -0.6589710103820473 -0.547591211793714 0.0 -0.5389146995573123 -0.7463122248474686 0.3906263802094717 0.0 -0.6660854816436768 0.0936761423945427 -0.7399694919586182 0.0 -75.5616683959961 91.7117919921875 191.14361572265625 1.0
0.5163821204548263 -0.6576262703992806 -0.5485227309027896 0.0 -0.5383234602736789 -0.7474254100445163 0.38931107189785585 0.0 -0.66600102186203 0.09424937516450882 -0.7399727702140808 0.0 -75.8819808959961 91.3546142578125 190.1566925048828 1.0
0.5168369975613697 -0.6559324465095445 -0.550120138608201 0.0 -0.5380939845129719 -0.7487012214907215 0.38717098137101824 0.0 -0.665833592414856 0.09591204673051834 -0.7399097681045532 0.0 -76.35533905029297 90.9694595336914 189.0001220703125 1.0
0.5176673049650135 -0.6549716089989734 -0.550484113523585 0.0 -0.5367980387269796 -0.7496468018421316 0.3871402194399613 0.0 -0.6662344932556152 0.09508895874023438 -0.739655077457428 0.0 -76.64167022705078 90.6182861328125 188.17323303222656 1.0
0.5194673975234583 -0.6548991322246029 -0.5488722757909147 0.0 -0.5383398540806608 -0.7496579128050702 0.3849717377422955 0.0 -0.6635840535163879 0.09549955278635025 -0.7419811487197876 0.0 -77.33106231689453 90.17372131347656 187.3175506591797 1.0
0.51888181974696 -0.6545794483786478 -0.5498066872274694 0.0 -0.5363977167645666 -0.7501009183297682 0.3868153093847908 0.0 -0.6656118631362915 0.09420362114906311 -0.7403286695480347 0.0 -77.57893371582031 89.8936767578125 186.65464782714844 1.0
0.519045907964925 -0.6545803598042469 -0.5496506859360624 0.0 -0.5346587694051435 -0.7503596314909963 0.3887163587919429 0.0 -0.666881799697876 0.0921139270067215 -0.7394482493400574 0.0 -77.69359588623047 89.58786010742188 186.26376342773438 1.0
0.5202994204355453 -0.6547106936649107 -0.5483086775959148 0.0 -0.5358761580753229 -0.7502216269039035 0.3873038177008124 0.0 -0.6649249792098999 0.09231159836053848 -0.7411837577819824 0.0 -78.39122772216797 89.13063049316406 185.48947143554688 1.0
0.5203150766726782 -0.6540611791192215 -0.5490685431277178 0.0 -0.5366034664837401 -0.7505787266146242 0.38560129575521485 0.0 -0.6643259525299072 0.09399791061878204 -0.7415089011192322 0.0 -79.02758026123047 88.5379409790039 184.3315887451172 1.0
0.520885365679879 -0.6535223211242975 -0.5491693531209998 0.0 -0.536976255358819 -0.7509602925709054 0.38433723274303216 0.0 -0.6635773777961731 0.09469527006149292 -0.7420902252197266 0.0 -79.4828872680664 88.06997680664062 183.57249450683594 1.0
0.5203279044611491 -0.6528587980198344 -0.550485509637942 0.0 -0.5361470852615404 -0.7514870070051021 0.3844653644308614 0.0 -0.6646842956542969 0.09509314596652985 -0.7410479784011841 0.0 -79.96295166015625 87.7131118774414 182.85150146484375 1.0
0.51958950945594 -0.6530918542870315 -0.5509063195785429 0.0 -0.5360400987793181 -0.7512656675617911 0.38504663796045546 0.0 -0.6653478145599365 0.09524168819189072 -0.7404331564903259 0.0 -80.50740814208984 87.2646713256836 182.23199462890625 1.0
0.5194973026881102 -0.6531212780556482 -0.5509583972782341 0.0 -0.535630336581383 -0.7512943221504224 0.3855605924362654 0.0 -0.665749728679657 0.09481234103441238 -0.7401269674301147 0.0 -80.8169937133789 86.9195556640625 181.8218536376953 1.0
0.5171942388591595 -0.6527806841044755 -0.5535228328125916 0.0 -0.5361990575941105 -0.7512177465950342 0.38491881183727794 0.0 -0.667083740234375 0.09772063046693802 -0.738545835018158 0.0 -81.57633972167969 86.44688415527344 180.73068237304688 1.0
0.5179443895423808 -0.6525957121230734 -0.5530392556778458 0.0 -0.5372803560660817 -0.7512635496826534 0.38331822731316 0.0 -0.6656301021575928 0.09859960526227951 -0.7397396564483643 0.0 -82.18838500976562 86.13323211669922 179.9750518798828 1.0
0.517592191378433 -0.6525386189484094 -0.5534362684541063 0.0 -0.5364693855048258 -0.7513868134094795 0.384211498157212 0.0 -0.6665575504302979 0.0980367437005043 -0.738978922367096 0.0 -82.5006332397461 85.89535522460938 179.4082794189453 1.0
0.516758531324699 -0.653254741319814 -0.5533704772235808 0.0 -0.5367076791764949 -0.7507688931951053 0.3850856659421765 0.0 -0.6670123338699341 0.0980018824338913 -0.7385730743408203 0.0 -83.02757263183594 85.61256408691406 178.92955017089844 1.0
0.51541717428507 -0.6526149363543504 -0.5553727528241439 0.0 -0.5364063206485634 -0.7511199079545722 0.3848209363183235 0.0 -0.6682913899421692 0.0995621308684349 -0.7372068762779236 0.0 -83.46418762207031 85.38671875 178.10311889648438 1.0
0.5144109986193023 -0.6522510984162241 -0.5567313986327411 0.0 -0.5342255202173313 -0.7515915575311894 0.3869279415690801 0.0 -0.670808732509613 0.09838013350963593 -0.7350761294364929 0.0 -83.4852523803711 85.20096588134766 177.7255096435547 1.0
0.5129213077219726 -0.6540496519561537 -0.5559953197285665 0.0 -0.5411793814367042 -0.7491346702175196 0.38199754527835905 0.0 -0.6663607358932495 0.10495851933956146 -0.7382053136825562 0.0 -85.21601867675781 84.7989501953125 176.48471069335938 1.0
0.5109126758498185 -0.6548767733214679 -0.5568704410859785 0.0 -0.5420325153100837 -0.7482125498556619 0.3825947819268266 0.0 -0.6672098636627197 0.10636936128139496 -0.7372357845306396 0.0 -85.97404479980469 84.47022247314453 175.6280975341797 1.0
0.5118929509600871 -0.6560458109953267 -0.5545894905230614 0.0 -0.5434318512667402 -0.7472926000565026 0.3824076130409457 0.0 -0.6653175354003906 0.1056298315525055 -0.739050030708313 0.0 -86.66629028320312 84.17044067382812 175.09921264648438 1.0
0.5124034954924348 -0.6567802040255608 -0.5532471766182622 0.0 -0.5441048745342754 -0.7467347180278319 0.3825403966871793 0.0 -0.6643738150596619 0.10500945150852203 -0.739986777305603 0.0 -87.19078063964844 83.88790130615234 174.4430694580078 1.0
0.512708003838748 -0.6577236875712575 -0.5518424116206819 0.0 -0.5448940769068199 -0.7459900833134097 0.3828697426981556 0.0 -0.6634914875030518 0.10439527779817581 -0.7408648133277893 0.0 -87.77212524414062 83.6322021484375 173.72984313964844 1.0
0.5125121737754982 -0.6585490440372903 -0.5510394087894281 0.0 -0.5442994849730963 -0.7454871502384852 0.3846907605083415 0.0 -0.6641305685043335 0.10277176648378372 -0.740519106388092 0.0 -87.95549774169922 83.34765625 173.3235321044922 1.0
0.5135716731071662 -0.6591015628794878 -0.5493899075792573 0.0 -0.5458140622673828 -0.7449812458107408 0.38352308207034724 0.0 -0.6620658040046692 0.10289814323186874 -0.7423481941223145 0.0 -88.49368286132812 83.00838470458984 172.6818389892578 1.0
0.5130881354850908 -0.6591398532913599 -0.5497956658265838 0.0 -0.5454833227762276 -0.7449534921109964 0.38404725188856514 0.0 -0.6627129912376404 0.10285427421331406 -0.7417765855789185 0.0 -88.74784088134766 82.67096710205078 172.04302978515625 1.0
0.513543112031855 -0.6602238122831434 -0.5480674975236673 0.0 -0.5466807555721815 -0.7440587724690269 0.38407900953891805 0.0 -0.6613725423812866 0.10237681865692139 -0.7430378794670105 0.0 -89.04317474365234 82.38582611083984 171.74546813964844 1.0
0.5140967885952975 -0.661253739015136 -0.5463039364047139 0.0 -0.5511821720191358 -0.7426904065434917 0.3802751405569765 0.0 -0.6571930646896362 0.10561476647853851 -0.7462860345840454 0.0 -89.85261535644531 82.11666107177734 171.19345092773438 1.0
0.5134006978307367 -0.6584673792499443 -0.5503094306415756 0.0 -0.5487479320510954 -0.7449361065359856 0.37940208439514145 0.0 -0.6597692370414734 0.10719586908817291 -0.7437832951545715 0.0 -90.07671356201172 81.58538818359375 170.40220642089844 1.0
0.512915064720037 -0.6568683963060699 -0.552668115798215 0.0 -0.5486016153152228 -0.7460026904894704 0.37751325230570154 0.0 -0.6602684259414673 0.10956238955259323 -0.7429950833320618 0.0 -90.58573150634766 81.32173156738281 169.66737365722656 1.0
0.5127323818393444 -0.6559403279702161 -0.5539384323490454 0.0 -0.5470857802009262 -0.7468665270281938 0.3780046740226264 0.0 -0.6616666316986084 0.10923659801483154 -0.7417982816696167 0.0 -90.66983795166016 81.1977310180664 169.21533203125 1.0
0.512980740046729 -0.656277818859667 -0.5533083791106561 0.0 -0.5484874711127432 -0.7464319297997737 0.37682999920777926 0.0 -0.6603122353553772 0.11017618328332901 -0.7428653836250305 0.0 -91.1594009399414 81.11048889160156 168.6437225341797 1.0
0.5157905295084256 -0.657747076438003 -0.5489343159519227 0.0 -0.5468922695314334 -0.7459956071847426 0.37999916826128316 0.0 -0.6594459414482117 0.10420796275138855 -0.7444943189620972 0.0 -91.4114761352539 80.8331527709961 168.03797912597656 1.0
0.5183751402123298 -0.6595440468369355 -0.5443242567833086 0.0 -0.5479653309286989 -0.7448584035523996 0.38068358566589555 0.0 -0.6565220952033997 0.10093390941619873 -0.747523307800293 0.0 -92.02164459228516 80.67601013183594 167.59852600097656 1.0
0.5182797737479506 -0.6602989811874627 -0.5434991690034352 0.0 -0.5491350205616207 -0.744139631197895 0.38040366737151043 0.0 -0.6556194424629211 0.10129889845848083 -0.74826580286026 0.0 -92.80783081054688 80.42826843261719 166.6017303466797 1.0
0.5212139490963151 -0.6601009568539122 -0.5409276527985278 0.0 -0.5501644191409177 -0.7444360262758698 0.37833068516421425 0.0 -0.6524224877357483 0.1004079207777977 -0.7511745095252991 0.0 -93.4424819946289 80.25709533691406 165.5594940185547 1.0
0.5218226049065511 -0.6595915331643171 -0.5409622711662234 0.0 -0.548539349931993 -0.7451056922835032 0.37937064284615235 0.0 -0.6533037424087524 0.09877490997314453 -0.7506248950958252 0.0 -93.69090270996094 80.15841674804688 164.7826385498047 1.0
0.5228049978959574 -0.6591751591795219 -0.5405211042977918 0.0 -0.5500603111567398 -0.7452696066457183 0.37683801237735237 0.0 -0.6512361764907837 0.10030641406774521 -0.7522167563438416 0.0 -94.35133361816406 80.07109069824219 163.67054748535156 1.0
0.5241812110378494 -0.6582104257196416 -0.5403638280642173 0.0 -0.5506268148501088 -0.7460006779774541 0.3745571777182687 0.0 -0.6496492028236389 0.10120298713445663 -0.753467857837677 0.0 -94.89105987548828 79.95674133300781 162.35816955566406 1.0
0.5259004955753532 -0.6567961513393661 -0.5404141830114757 0.0 -0.550628554724699 -0.7471634199658166 0.3722297971333607 0.0 -0.6482568383216858 0.10181164741516113 -0.7545843124389648 0.0 -95.29145050048828 79.77135467529297 161.16085815429688 1.0
0.528062540658998 -0.6567532195058018 -0.5383541504233845 0.0 -0.5508639909717479 -0.7473891005345242 0.3714275529453801 0.0 -0.6462962627410889 0.1004229336977005 -0.7564498782157898 0.0 -95.73802185058594 79.58312225341797 160.44398498535156 1.0
0.5294196211072998 -0.6565872188745855 -0.5372225444193595 0.0 -0.5501887622386553 -0.7477524327104684 0.3716969187225693 0.0 -0.6457608938217163 0.09879016876220703 -0.757121741771698 0.0 -96.17800903320312 79.41878509521484 159.53163146972656 1.0
0.5318310372397824 -0.6570052892700332 -0.5343218139123774 0.0 -0.5530446906456702 -0.7472802457615327 0.36839354883505065 0.0 -0.6413246393203735 0.09958072006702423 -0.7607800960540771 0.0 -97.04483032226562 79.24362182617188 158.57000732421875 1.0
0.5317260053176597 -0.6570373735584623 -0.5343868781097662 0.0 -0.5527493275069394 -0.7472926685451313 0.36881140322789974 0.0 -0.6416662931442261 0.0992753803730011 -0.7605319023132324 0.0 -97.4648666381836 79.1347427368164 157.9479522705078 1.0
0.5318652545538726 -0.6568840485919356 -0.5344368326619637 0.0 -0.5527005254076308 -0.7474208739899453 0.3686247242991329 0.0 -0.6415929198265076 0.09932482987642288 -0.7605873346328735 0.0 -97.94157409667969 79.03878021240234 157.28187561035156 1.0
0.5323124253725836 -0.656502703906609 -0.5344601504059023 0.0 -0.5512666968652798 -0.7479518399874857 0.3696931785190204 0.0 -0.6424550414085388 0.09783781319856644 -0.7600521445274353 0.0 -98.20011901855469 78.93363952636719 156.7288818359375 1.0
0.5325503239175479 -0.6569541914845699 -0.5336678107273217 0.0 -0.5541106601771292 -0.747226313600507 0.3668980627460507 0.0 -0.6398058533668518 0.10031933337450027 -0.7619609236717224 0.0 -99.17826080322266 78.73749542236328 155.97525024414062 1.0
0.532093388859417 -0.6560168403053316 -0.5352742642000948 0.0 -0.5552754094091519 -0.74763227731372 0.36430098974587766 0.0 -0.6391758918762207 0.10338249057531357 -0.762080192565918 0.0 -99.95426940917969 78.5594711303711 154.91580200195312 1.0
0.5325971780422019 -0.6550477314757401 -0.5359596351771547 0.0 -0.5523706828540955 -0.7488116146236836 0.3662892462509548 0.0 -0.6412696838378906 0.1009637713432312 -0.7606441378593445 0.0 -100.0231704711914 78.38431549072266 154.52772521972656 1.0
0.5329585945121724 -0.6545405837159647 -0.5362198866983534 0.0 -0.5529357384080915 -0.7491069323228433 0.36482991688962113 0.0 -0.6404820084571838 0.10205589979887009 -0.7611618638038635 0.0 -100.54907989501953 78.19111633300781 153.85064697265625 1.0
0.5326738813552246 -0.6537943105428066 -0.5374118996730067 0.0 -0.553815312184922 -0.7494398292058067 0.36280651518124196 0.0 -0.6399587392807007 0.1043693795800209 -0.7612882852554321 0.0 -101.16057586669922 77.9911880493164 152.96888732910156 1.0
0.5346834872147062 -0.6540444995039233 -0.5351068674545216 0.0 -0.5547584302384168 -0.7493382500325393 0.3615733194672374 0.0 -0.6374610662460327 0.10352776199579239 -0.7634955048561096 0.0 -101.55207824707031 77.93831634521484 152.5675506591797 1.0
0.5348456564339749 -0.6544137058968786 -0.5344930196793848 0.0 -0.5549624328390107 -0.7490732306491028 0.36180927859862566 0.0 -0.6371473670005798 0.10311143100261688 -0.7638136148452759 0.0 -101.95915985107422 77.84856414794922 152.10195922851562 1.0
0.5352971097676212 -0.6554016438310422 -0.5328280453074543 0.0 -0.5544924348920194 -0.7485260644566663 0.36365767605527555 0.0 -0.6371775269508362 0.10078421235084534 -0.7640990614891052 0.0 -102.37451171875 77.80769348144531 151.7473602294922 1.0
0.5372561064816642 -0.6563070845776018 -0.5297328492414431 0.0 -0.5541329110789649 -0.7481703872020828 0.36493533142610296 0.0 -0.6358400583267212 0.09747867286205292 -0.7656404376029968 0.0 -102.7266616821289 77.80804443359375 151.44235229492188 1.0
0.5414575183681953 -0.6581448241499344 -0.5231339751220091 0.0 -0.5543701523965101 -0.7472938486568896 0.3663681820298596 0.0 -0.6320581436157227 0.09163705259561539 -0.7694836854934692 0.0 -103.2365951538086 77.74256134033203 150.96853637695312 1.0
0.5427082412442797 -0.6591936748169083 -0.5205107868808274 0.0 -0.5555254245145186 -0.7465176038060841 0.36620074313743795 0.0 -0.6299676299095154 0.090416818857193 -0.7713401317596436 0.0 -103.69661712646484 77.73641204833984 150.6031951904297 1.0
0.5427746785069675 -0.6598074751768407 -0.5196630767800158 0.0 -0.5555820560494825 -0.7460835176082022 0.3669985513696128 0.0 -0.6298604607582092 0.08951796591281891 -0.7715324759483337 0.0 -104.05766296386719 77.7989501953125 150.26968383789062 1.0
0.5422497586065551 -0.6592901041721232 -0.5208663166214411 0.0 -0.554501602490115 -0.7465495537514334 0.3676842489847487 0.0 -0.6312631368637085 0.08944451808929443 -0.7703937292098999 0.0 -104.2119140625 77.94227600097656 149.9495391845703 1.0
0.5418336980889457 -0.6580451310481379 -0.5228698618958156 0.0 -0.555256607963449 -0.7472726645971568 0.3650667084212674 0.0 -0.6309567093849182 0.09252149611711502 -0.7702813744544983 0.0 -104.65497589111328 78.07991027832031 149.17137145996094 1.0
0.5421991817297975 -0.6575066576432068 -0.5231683195351895 0.0 -0.5541211014003031 -0.7478516832703556 0.36560596154289615 0.0 -0.631640613079071 0.09166734665632248 -0.7698228359222412 0.0 -104.90044403076172 78.2848892211914 148.90284729003906 1.0
0.5436293013494796 -0.6571313926407779 -0.5221547036335706 0.0 -0.553665248330799 -0.7483241389054506 0.36532971529268754 0.0 -0.6308106184005737 0.09049497544765472 -0.7706417441368103 0.0 -105.23867797851562 78.44258117675781 148.45591735839844 1.0
0.5447971598993968 -0.6574623455003535 -0.5205183469717791 0.0 -0.5533358591851574 -0.7482551708562185 0.3659694675745905 0.0 -0.630091667175293 0.08864233642816544 -0.7714447379112244 0.0 -105.56932067871094 78.52059936523438 148.1370849609375 1.0
0.549364793150975 -0.6582180648359343 -0.5147302623138613 0.0 -0.5495260262698051 -0.7486577312114143 0.3708540080941317 0.0 -0.6294596195220947 0.07912354171276093 -0.7729942202568054 0.0 -105.6337661743164 78.58674621582031 147.8507537841797 1.0
0.5507311222909547 -0.6581050796717887 -0.513413015247214 0.0 -0.5495996863560487 -0.7488532399049441 0.3703498369555323 0.0 -0.628200113773346 0.07820845395326614 -0.7741111516952515 0.0 -106.01069641113281 78.59532928466797 147.22105407714844 1.0
0.5511169682103113 -0.6581995834428622 -0.5128775500735951 0.0 -0.5486759623559959 -0.7489330554993117 0.37155611137005046 0.0 -0.628669023513794 0.07663270831108093 -0.7738880515098572 0.0 -106.42256164550781 78.63553619384766 146.71609497070312 1.0
0.553069447638631 -0.6581018027543168 -0.5108974805938412 0.0 -0.5488791256416145 -0.749150786118719 0.3708164447153964 0.0 -0.6267741918563843 0.07533372193574905 -0.7755507230758667 0.0 -106.90640258789062 78.8414077758789 146.08914184570312 1.0
0.5531271471681508 -0.6578140872929573 -0.5112054528842664 0.0 -0.5504224162996295 -0.7491755052453707 0.36847151523643973 0.0 -0.6253683567047119 0.07756734639406204 -0.7764649391174316 0.0 -107.83279418945312 78.94918823242188 144.88214111328125 1.0
0.5530091606877393 -0.6572754558373441 -0.512025272308076 0.0 -0.5496129192317102 -0.749653360945431 0.3687078958363131 0.0 -0.6261841058731079 0.07751686125993729 -0.7758122086524963 0.0 -108.2735824584961 78.98381042480469 144.03932189941406 1.0
0.5555746615824746 -0.6563572762058223 -0.5104233074746695 0.0 -0.5466117042170693 -0.7509011289323082 0.3706253719776723 0.0 -0.6265400648117065 0.07309328764677048 -0.7759541869163513 0.0 -108.24129486083984 79.09882354736328 143.647216796875 1.0
0.5571422563194651 -0.6559332156895298 -0.5092584159970329 0.0 -0.5464082343789823 -0.7513648074862008 0.36998511393358724 0.0 -0.6253243684768677 0.07212864607572556 -0.7770243883132935 0.0 -108.73455810546875 79.21858978271484 142.89657592773438 1.0
0.5568351398076281 -0.6550447759279884 -0.5107357367943246 0.0 -0.5454241400398396 -0.752097303908252 0.36994887818058 0.0 -0.6264560222625732 0.07256706058979034 -0.7760714292526245 0.0 -109.19107055664062 79.45814514160156 141.8883514404297 1.0
0.5570318358569059 -0.6544569749052312 -0.5112744946904834 0.0 -0.5450427565003871 -0.7525833624387038 0.3695222309014603 0.0 -0.6266130805015564 0.07283081114292145 -0.7759199142456055 0.0 -109.67510986328125 79.64599609375 141.0553436279297 1.0
0.5577520655704069 -0.6523754000091949 -0.513146146670799 0.0 -0.5415850889761036 -0.7545436387047258 0.3706069274630927 0.0 -0.6289660334587097 0.0712055191397667 -0.7741650342941284 0.0 -109.62588500976562 79.8614730834961 140.35147094726562 1.0
0.5568476896903167 -0.6519941659593457 -0.514610770729977 0.0 -0.5432130419514287 -0.7545536433128911 0.3681961066548453 0.0 -0.6283631324768066 0.07451412826776505 -0.7743431925773621 0.0 -110.57618713378906 79.8219985961914 139.25439453125 1.0
0.558449918600071 -0.6510618039132997 -0.5140546588689439 0.0 -0.5412583810944264 -0.7555839546348763 0.3689610140034013 0.0 -0.6286278963088989 0.07219015061855316 -0.7743484973907471 0.0 -110.67559814453125 80.01026916503906 138.68649291992188 1.0
0.5601706651063826 -0.651406090982073 -0.5117410655718551 0.0 -0.5435989892043217 -0.755208984660387 0.3662779298221296 0.0 -0.6250671148300171 0.07300377637147903 -0.7771496176719666 0.0 -111.62542724609375 80.0859146118164 137.6533660888672 1.0
0.5598803497113054 -0.6498656025955757 -0.5140123381646828 0.0 -0.5395184235277279 -0.7567570594796164 0.3691051614936647 0.0 -0.6288511753082275 0.0706644058227539 -0.774307906627655 0.0 -111.49697875976562 80.23287963867188 136.9734649658203 1.0
0.5599941172263265 -0.6492789026592358 -0.5146294839307157 0.0 -0.5384019824866328 -0.7573124021606641 0.36959605637498316 0.0 -0.6297062039375305 0.07010591775178909 -0.7736635208129883 0.0 -111.86278533935547 80.23797607421875 136.32797241210938 1.0
0.5605448929012115 -0.6496271515317692 -0.5135893471246714 0.0 -0.5375683171645428 -0.7571965510108197 0.3710440903809159 0.0 -0.6299284100532532 0.06810248643159866 -0.7736616134643555 0.0 -112.25605010986328 80.28829193115234 136.05726623535156 1.0
0.5605743074502049 -0.6495067906691343 -0.513709428764435 0.0 -0.5384265152451887 -0.7571919886144685 0.3698069486682195 0.0 -0.6291688084602356 0.06929049640893936 -0.7741740345954895 0.0 -112.81446075439453 80.30113220214844 135.17703247070312 1.0
0.5608211681273784 -0.6504229103734351 -0.5122788751639222 0.0 -0.5405029574453298 -0.7563218932687414 0.36855628835386334 0.0 -0.6271651387214661 0.07019408047199249 -0.7757168412208557 0.0 -113.49455261230469 80.35054016113281 134.6012725830078 1.0
0.5610248388215401 -0.6518763549810456 -0.5102042281561099 0.0 -0.5413804377091694 -0.7551916306955127 0.36958468199424127 0.0 -0.626225471496582 0.06886840611696243 -0.776594340801239 0.0 -113.94437408447266 80.6411361694336 134.42955017089844 1.0
0.5599912854849421 -0.6521601402487816 -0.5109764216411021 0.0 -0.5424371718124484 -0.754785450979701 0.3688642448392203 0.0 -0.6262361407279968 0.07061184197664261 -0.7764291763305664 0.0 -114.47527313232422 80.9553451538086 133.63905334472656 1.0
0.5596460336484645 -0.65430887614792 -0.5086022264442108 0.0 -0.5448538569595394 -0.7529292985029251 0.36909586284521195 0.0 -0.6244441866874695 0.07055085152387619 -0.777876615524292 0.0 -115.13410186767578 81.3390121459961 133.45339965820312 1.0
0.5586107246322083 -0.655036657391294 -0.508803530329411 0.0 -0.5461503078491692 -0.7521678840744395 0.36873204071215376 0.0 -0.6242386698722839 0.07190553098917007 -0.7779175043106079 0.0 -115.71432495117188 81.66162872314453 133.0072479248047 1.0
0.5565099953106127 -0.6540636025630109 -0.5123450351793721 0.0 -0.5485799511765437 -0.7523933381038364 0.3646427111252479 0.0 -0.6239845156669617 0.07813490182161331 -0.7775205969810486 0.0 -116.61307525634766 81.82282257080078 131.81863403320312 1.0
0.5559617286903034 -0.6527137654457524 -0.5146565158656794 0.0 -0.5482323443849055 -0.7533448032089698 0.3631981911128097 0.0 -0.6247782111167908 0.08022705465555191 -0.7766696810722351 0.0 -117.00798034667969 81.82766723632812 131.0502166748047 1.0
0.5575301617544525 -0.6508798665049904 -0.5152819856342932 0.0 -0.5439044728550512 -0.7553229286653362 0.36558883411733256 0.0 -0.6271587014198303 0.07643737643957138 -0.7751318216323853 0.0 -116.87505340576172 81.7867660522461 130.8058624267578 1.0
0.5580353233439919 -0.6491961789323211 -0.5168567341402739 0.0 -0.5414507781651561 -0.7568567420447008 0.3660586292326153 0.0 -0.6288303732872009 0.07557883113622665 -0.7738605737686157 0.0 -117.11187744140625 81.9033203125 130.27786254882812 1.0
0.5582503229793246 -0.6485912662890685 -0.5173837804809027 0.0 -0.5411245951434517 -0.7573422948129704 0.36553638763271684 0.0 -0.628920316696167 0.07590827345848083 -0.7737552523612976 0.0 -117.62976837158203 82.23574829101562 129.76268005371094 1.0
0.5564605893259904 -0.6489466379790002 -0.5188640462892341 0.0 -0.5408743370351616 -0.756968378509694 0.3666795102630975 0.0 -0.6307191252708435 0.07659754902124405 -0.7722216248512268 0.0 -118.41839599609375 82.7154312133789 129.0299835205078 1.0
0.5559720204238741 -0.6484926479319091 -0.5199541903310365 0.0 -0.5392897024590271 -0.7574388901214013 0.36803927823153626 0.0 -0.6325043439865112 0.07578640431165695 -0.7708402276039124 0.0 -118.7207260131836 82.92277526855469 128.63575744628906 1.0
0.555551618780868 -0.6473723636250652 -0.5217963605908189 0.0 -0.5379911027386677 -0.7583507161155103 0.368062190312058 0.0 -0.6339779496192932 0.07624424993991852 -0.769583523273468 0.0 -119.2420425415039 82.95219421386719 127.82390594482422 1.0
0.5565787098202093 -0.6450931674247173 -0.5235216787131047 0.0 -0.5337133095673783 -0.7605494961288994 0.3697493339263051 0.0 -0.6366869211196899 0.07361588627099991 -0.7676004767417908 0.0 -119.1342544555664 82.8543930053711 127.07112884521484 1.0
0.5579876262823678 -0.6439053059146425 -0.5234842681166954 0.0 -0.5326285866639655 -0.7616269328958758 0.36909511473865086 0.0 -0.6363620162010193 0.07287217676639557 -0.7679407596588135 0.0 -119.73363494873047 82.69757843017578 126.01424407958984 1.0
0.5573009698264283 -0.6437996595704938 -0.5243449805202727 0.0 -0.5313908180168977 -0.7617872015556946 0.3705456512137139 0.0 -0.6379964351654053 0.07212665677070618 -0.7666539549827576 0.0 -120.30220031738281 82.5105209350586 125.1399917602539 1.0
0.5573318134170042 -0.6444425834027472 -0.5235216839814609 0.0 -0.5347146949803949 -0.7609524252690196 0.367466402461508 0.0 -0.6351861357688904 0.0751340240240097 -0.7686959505081177 0.0 -121.52123260498047 82.2895278930664 123.83612823486328 1.0
0.5588949320269739 -0.6420196401071968 -0.5248306808025122 0.0 -0.5301814036621654 -0.763305657677133 0.3691505905280033 0.0 -0.6376081705093384 0.07193907350301743 -0.7669945359230042 0.0 -121.31385040283203 82.43134307861328 123.03340911865234 1.0
0.5591949227579623 -0.6418664415812158 -0.5246985451640744 0.0 -0.5307962524249544 -0.7633674818355424 0.3681378491734911 0.0 -0.6368330717086792 0.07264720648527145 -0.7675715088844299 0.0 -121.99089813232422 82.5802230834961 122.02515411376953 1.0
0.5593233073268826 -0.642092417177863 -0.524284947602925 0.0 -0.5316703727947143 -0.7631190841154873 0.36739055393925657 0.0 -0.635990560054779 0.07325667142868042 -0.768211841583252 0.0 -122.76469421386719 82.76371002197266 121.17430877685547 1.0
0.5601900743886663 -0.6424448438567549 -0.5229260805233731 0.0 -0.5340885311058696 -0.762661121727924 0.3648252122476561 0.0 -0.6331954598426819 0.07491736114025116 -0.770357608795166 0.0 -123.86628723144531 82.96733093261719 120.39286041259766 1.0
0.55975478963978 -0.6409142231011652 -0.5252652148106596 0.0 -0.5349151914900282 -0.7635852493334422 0.3616674175748941 0.0 -0.6328825950622559 0.07852727174758911 -0.7702552080154419 0.0 -124.59423065185547 83.09629821777344 119.14191436767578 1.0
0.5590069991800753 -0.6399103536582645 -0.5272816201421859 0.0 -0.5371879392225539 -0.7639148534938655 0.3575796632264513 0.0 -0.6316171884536743 0.08335979282855988 -0.7707858681678772 0.0 -125.54529571533203 83.1326675415039 117.77690887451172 1.0
0.5597135601437686 -0.6388829662738947 -0.527777678012447 0.0 -0.537894646383128 -0.7645781764007981 0.3550909023585951 0.0 -0.6303887963294983 0.08513959497213364 -0.7715964913368225 0.0 -126.3958969116211 83.27066802978516 116.5674819946289 1.0
0.5611377120331194 -0.6381017639000333 -0.5272102128440963 0.0 -0.5356015950648767 -0.7655370698879815 0.3564883232678223 0.0 -0.6310747861862183 0.08233559131622314 -0.7713400721549988 0.0 -126.60228729248047 83.22640228271484 115.9603500366211 1.0
0.5631302556629435 -0.6376335334865015 -0.5256498469501699 0.0 -0.5337878383664357 -0.7662597829728222 0.3576541103659897 0.0 -0.6308366060256958 0.07917964458465576 -0.7718651294708252 0.0 -127.00769805908203 83.16011810302734 115.4642333984375 1.0
0.5617173352501764 -0.6357230695270633 -0.5294618081270257 0.0 -0.530744656779843 -0.7678183207471945 0.35883857378640355 0.0 -0.6346524357795715 0.07944317907094955 -0.7687035202980042 0.0 -127.345458984375 83.16923522949219 114.1642074584961 1.0
0.5613132799989475 -0.6358922943921906 -0.5296871093740967 0.0 -0.530499229095519 -0.7677000092750682 0.35945418646082183 0.0 -0.6352149248123169 0.07923219352960587 -0.7682605385780334 0.0 -127.94126892089844 83.3243637084961 113.52223205566406 1.0
0.5611933722149341 -0.635576777815882 -0.5301925976017121 0.0 -0.5310302372399077 -0.7678367389199937 0.3583764283241255 0.0 -0.63487708568573 0.08042982220649719 -0.7684153318405151 0.0 -128.7039031982422 83.56210327148438 112.53008270263672 1.0
0.5625408794017233 -0.6360855218875449 -0.5281504984976623 0.0 -0.5324133400744424 -0.7674328562074259 0.35718738143393614 0.0 -0.6325217485427856 0.08026187121868134 -0.7703728079795837 0.0 -129.3055877685547 83.7025375366211 112.14979553222656 1.0
0.5614756059518092 -0.6358509377970892 -0.5295646464373922 0.0 -0.5321723983953067 -0.7675302944528269 0.3573370501613544 0.0 -0.6336700320243835 0.08118364959955215 -0.7693318724632263 0.0 -129.94529724121094 83.77838134765625 111.13506317138672 1.0
0.5626238665464411 -0.6357820013579936 -0.528427498122788 0.0 -0.5326356647003374 -0.7676166796872061 0.35646016917301704 0.0 -0.6322607398033142 0.08090633153915405 -0.7705196738243103 0.0 -130.80377197265625 83.92662048339844 110.30155944824219 1.0
0.5626326133345962 -0.6355886105436014 -0.5286507710527745 0.0 -0.5330598503400863 -0.7676931551438292 0.35566049594279564 0.0 -0.6318953037261963 0.08169630914926529 -0.770736038684845 0.0 -131.35287475585938 83.99603271484375 109.4192886352539 1.0
0.5628103887416152 -0.6357295390683098 -0.5282919854681133 0.0 -0.5332030653313262 -0.767595300698299 0.3556570715113541 0.0 -0.6316161155700684 0.08151941746473312 -0.7709835767745972 0.0 -132.06503295898438 84.02640533447266 108.337158203125 1.0
0.5638049173892146 -0.6358165407003483 -0.5271255187520136 0.0 -0.5324129488990046 -0.7677229951125749 0.3565639136406266 0.0 -0.6313956379890442 0.07961596548557281 -0.7713629603385925 0.0 -132.51431274414062 84.03443908691406 107.78585052490234 1.0
0.5648954223134074 -0.6349729030387739 -0.5269749333306403 0.0 -0.5321846842016477 -0.7684146512384189 0.3554130043799836 0.0 -0.6306129097938538 0.0796768069267273 -0.7719967365264893 0.0 -132.9127197265625 84.02185821533203 107.04010009765625 1.0
0.5652083600294228 -0.634639205365689 -0.5270413462271814 0.0 -0.5339318844408448 -0.7684414355606476 0.3527243831564888 0.0 -0.6288531422615051 0.08204140514135361 -0.7731836438179016 0.0 -133.7839813232422 84.00202178955078 105.90199279785156 1.0
0.5652604640708944 -0.633875715204914 -0.5279036075274415 0.0 -0.5308058421500798 -0.7693586774247901 0.35543271856837455 0.0 -0.6314473748207092 0.07930225133895874 -0.7713529467582703 0.0 -133.86953735351562 84.311279296875 105.36279296875 1.0
0.5654944488858477 -0.6341465719268693 -0.5273273600095324 0.0 -0.5326631839582369 -0.768960621514029 0.3535102480254668 0.0 -0.6296712756156921 0.08097978681325912 -0.7726294994354248 0.0 -134.4405059814453 84.3652572631836 104.76011657714844 1.0
0.5652311562061112 -0.6334813102649053 -0.5284081421826093 0.0 -0.5330781209989157 -0.7693284107192033 0.3520816700584779 0.0 -0.6295565962791443 0.08267528563737869 -0.7725434303283691 0.0 -134.99749755859375 84.3628158569336 103.93115997314453 1.0
0.566748002844772 -0.632391766815694 -0.5280884161898057 0.0 -0.5314788351245676 -0.7703941833458543 0.3521690826222895 0.0 -0.6295450329780579 0.08107668906450272 -0.7727221846580505 0.0 -135.1720733642578 84.3695297241211 103.34994506835938 1.0
0.5661557118655594 -0.6324165860411108 -0.5286936554711343 0.0 -0.5311036030493641 -0.770375096091835 0.3527764081726194 0.0 -0.6303941011428833 0.08106472343206406 -0.7720309495925903 0.0 -135.5048370361328 84.35424041748047 102.78490447998047 1.0
0.5669534134135239 -0.6324591965049553 -0.5277870714913089 0.0 -0.5300423151108125 -0.7705491204293364 0.35399041126548325 0.0 -0.6305703520774841 0.07905340939760208 -0.7720955610275269 0.0 -135.73480224609375 84.37892150878906 102.32589721679688 1.0
0.5680385591025108 -0.6322476298621428 -0.5268729801040924 0.0 -0.5295998245679197 -0.7708369728679537 0.35402599374233856 0.0 -0.6299653053283691 0.07793141901493073 -0.7727033495903015 0.0 -135.94537353515625 84.46142578125 101.93046569824219 1.0
0.5678644175440869 -0.6323469120321663 -0.5269415477582636 0.0 -0.5295460359695966 -0.7707623887511577 0.35426872271126886 0.0 -0.6301674842834473 0.07786320149898529 -0.772545337677002 0.0 -136.2733917236328 84.5755386352539 101.54806518554688 1.0
0.5683044385450747 -0.6330039972055193 -0.5256766997610275 0.0 -0.5311453323806569 -0.7701588300754134 0.35318548548426615 0.0 -0.6284223794937134 0.07849384844303131 -0.7739018201828003 0.0 -137.0040283203125 84.7057876586914 100.8321533203125 1.0
0.5683343707100516 -0.6331720366905322 -0.5254419102046853 0.0 -0.530948667282971 -0.7700728083576027 0.35366843568464035 0.0 -0.6285614967346191 0.07798074930906296 -0.7738406658172607 0.0 -137.47515869140625 84.7142333984375 100.16288757324219 1.0
0.5687311767033365 -0.6326234269685341 -0.5256733174764344 0.0 -0.5296108064561347 -0.7706399626929455 0.35443818465241905 0.0 -0.6293307542800903 0.07682222872972488 -0.7733311653137207 0.0 -138.16729736328125 84.69696044921875 99.15718078613281 1.0
0.570340635773244 -0.6335273451601913 -0.5228333363832248 0.0 -0.5288972207981749 -0.7702425653266924 0.3563623990211839 0.0 -0.6284737586975098 0.07327714562416077 -0.7743714451789856 0.0 -138.59451293945312 84.83989715576172 98.90785217285156 1.0
0.5692338173844994 -0.6345581780494267 -0.5227894035620083 0.0 -0.5309435767339242 -0.7692097936824254 0.3555491492373859 0.0 -0.627751350402832 0.07518108189105988 -0.7747748494148254 0.0 -139.36380004882812 85.00772094726562 98.27003479003906 1.0
0.5695425509523758 -0.6353544321165627 -0.5214844633751262 0.0 -0.5312669616000142 -0.7686536080644075 0.35626824822996667 0.0 -0.6271975040435791 0.07413753867149353 -0.775323748588562 0.0 -139.8001251220703 85.18157196044922 97.5426025390625 1.0
0.5692902388437653 -0.6358700408561768 -0.521131367615014 0.0 -0.5317441692922789 -0.7682243160705438 0.3564821750962958 0.0 -0.6270221471786499 0.07416674494743347 -0.775462806224823 0.0 -140.14437866210938 85.21382141113281 96.88404846191406 1.0
0.5691361578681436 -0.636364049335929 -0.5206964384801619 0.0 -0.532801120056701 -0.7677482621482572 0.3559290978083556 0.0 -0.6262643337249756 0.07485552132129669 -0.7760087847709656 0.0 -140.6728973388672 85.2901382446289 96.09090423583984 1.0
0.5679514442008168 -0.6371774413653408 -0.5209952649044602 0.0 -0.5339960332613675 -0.7669509702149766 0.35585735860383394 0.0 -0.6263220906257629 0.0760997086763382 -0.7758411169052124 0.0 -141.3706512451172 85.43278503417969 95.54146575927734 1.0
0.5704602419438729 -0.6387479014294856 -0.5163102739075498 0.0 -0.534182357893189 -0.7660530895593686 0.35750794509535394 0.0 -0.6238784790039062 0.07185976952314377 -0.7782106399536133 0.0 -141.6993865966797 86.0933837890625 95.08610534667969 1.0
0.5693750264491682 -0.6402128573950954 -0.5156933283390474 0.0 -0.536448696670563 -0.7646872629814565 0.3570380920281545 0.0 -0.6229244470596313 0.07335443794727325 -0.7788351774215698 0.0 -142.3602752685547 86.40214538574219 94.56531524658203 1.0
0.5699745653692356 -0.6408903100329912 -0.5141873318797 0.0 -0.5385138501007483 -0.7640226229855078 0.3553480929649207 0.0 -0.6205899119377136 0.07435762137174606 -0.7806017398834229 0.0 -142.86175537109375 86.6183853149414 94.05387878417969 1.0
0.570154525826932 -0.6405911885807534 -0.5143605448903676 0.0 -0.537757657930211 -0.764334472785996 0.3558223398410774 0.0 -0.6210801601409912 0.07372760027647018 -0.7802715301513672 0.0 -143.0420379638672 86.64325714111328 93.60110473632812 1.0
0.5709035701553797 -0.6400570141543703 -0.5141946496262728 0.0 -0.5372758246213223 -0.7648222856790171 0.3555018604733567 0.0 -0.6208089590072632 0.07330707460641861 -0.7805269360542297 0.0 -143.36199951171875 86.53168487548828 92.9620590209961 1.0
0.5715460632995248 -0.6396261996056041 -0.514016969049663 0.0 -0.5372592121775639 -0.7651742856210679 0.3547687476536461 0.0 -0.6202319264411926 0.07339367270469666 -0.7809774279594421 0.0 -143.90725708007812 86.50159454345703 92.12986755371094 1.0
0.5725671181199059 -0.6401587461099635 -0.5122144431692612 0.0 -0.5385864954625128 -0.7647328606031892 0.3537063836533683 0.0 -0.6181355118751526 0.07335113734006882 -0.7826417684555054 0.0 -144.45907592773438 86.60116577148438 91.71456146240234 1.0
0.5721309127257973 -0.6406586130016588 -0.5120769496127066 0.0 -0.5391374245782682 -0.7642862673280116 0.35383241326712805 0.0 -0.6180591583251953 0.07364138215780258 -0.7826747894287109 0.0 -144.85255432128906 86.76737213134766 91.28996276855469 1.0
0.5718885011753199 -0.6411072556673452 -0.5117860994794889 0.0 -0.5405935810721623 -0.7637813164727147 0.35269912138916254 0.0 -0.6170106530189514 0.07496371120214462 -0.7833762168884277 0.0 -145.4820098876953 86.997314453125 90.54712677001953 1.0
0.5720383793198917 -0.6416921011423504 -0.5108848734177804 0.0 -0.5404953749638649 -0.7634017261499575 0.353670142632005 0.0 -0.6169577240943909 0.07381802052259445 -0.7835267186164856 0.0 -145.90017700195312 87.31487274169922 90.09872436523438 1.0
0.5710429194903579 -0.6423170230019336 -0.5112131446841197 0.0 -0.5428838724303806 -0.7625949827858983 0.35174711891171057 0.0 -0.6157817244529724 0.07666666805744171 -0.7841779589653015 0.0 -146.87265014648438 87.57013702392578 89.03472900390625 1.0
0.5709361062053412 -0.6426954964332053 -0.5108566244925661 0.0 -0.5435177742028746 -0.7622462650296752 0.3515239513488454 0.0 -0.6153213977813721 0.0769619420170784 -0.7845103144645691 0.0 -147.43502807617188 87.72755432128906 88.36060333251953 1.0
0.5713751815364155 -0.6439303832895064 -0.5088064595353825 0.0 -0.5437560830210674 -0.761401067934706 0.3529839761331795 0.0 -0.6147029399871826 0.07498032599687576 -0.785186767578125 0.0 -148.31304931640625 87.84784698486328 87.70098876953125 1.0
0.5718258564704536 -0.6443200150989215 -0.507805988182143 0.0 -0.5443782139690257 -0.761092948130311 0.3526895277127703 0.0 -0.6137324571609497 0.0747615247964859 -0.7859663963317871 0.0 -149.09268188476562 87.7060317993164 86.50336456298828 1.0
0.5711413060398505 -0.6440495429669587 -0.5089182645877697 0.0 -0.5436086981260029 -0.7613165529667295 0.35339310612838687 0.0 -0.6150505542755127 0.07481499761343002 -0.7849302291870117 0.0 -149.3594207763672 87.74309539794922 85.79009246826172 1.0
0.5694828499414601 -0.6449167828636992 -0.5096779404587544 0.0 -0.5469598559542879 -0.7601538636619276 0.3507149900068834 0.0 -0.6136156320571899 0.07904720306396484 -0.7856382131576538 0.0 -150.51927185058594 87.84900665283203 84.71640014648438 1.0
0.568831362396425 -0.6450945266605818 -0.5101803098195798 0.0 -0.5464091467923982 -0.7600444820533298 0.35180880609286236 0.0 -0.6147096753120422 0.07864730060100555 -0.7848227024078369 0.0 -151.30577087402344 88.27362060546875 83.68970489501953 1.0
0.5686366426392157 -0.6462779574832072 -0.5088980024903481 0.0 -0.5478788087170622 -0.7590218836046221 0.35173086603325354 0.0 -0.613580584526062 0.07880737632513046 -0.785689651966095 0.0 -151.99786376953125 88.39083099365234 83.33052825927734 1.0
