0.741943867669	0.0551938744653	-0.668186301454	0	-0.0192381102497	-0.99444284418	-0.103505192009	0	0.670185938634	-0.0896496842178	0.736758944144	0	-73.3383323235	93.216789682	196.016269182	1	21395219095	1
0.742307908545	0.0568111098257	-0.667646213733	0	-0.0200500447265	-0.994069828885	-0.106879235623	0	0.669758885435	-0.0927236383089	0.736766830334	0	-73.7983114976	92.9260832844	195.172970255	1	21395885762	1
0.743345261274	0.0572016655229	-0.666457644568	0	-0.0200614920648	-0.993982217839	-0.107688844154	0	0.668607028887	-0.0934201267419	0.737724420663	0	-74.3555988185	92.7229611155	194.168848077	1	21396552429	1
0.743741131416	0.0574365385636	-0.66599562572	0	-0.0204935477085	-0.993874351576	-0.108599207094	0	0.668153533211	-0.0944183102841	0.738008156283	0	-74.7580110481	92.5246381953	193.517837126	1	21396885762	1
0.74438243514	0.0591892849687	-0.665125115148	0	-0.0197309277138	-0.993679215168	-0.110509311074	0	0.667461969514	-0.0953847256506	0.738509494431	0	-75.1236715544	92.3017934356	192.605083633	1	21397219095	1
0.743787741689	0.0612456851241	-0.665604057505	0	-0.0180819015907	-0.993585231451	-0.111630787315	0	0.668171265581	-0.0950649982659	0.737909077026	0	-75.2360507599	92.0479323861	191.756854886	1	21397552429	1
0.745694043636	0.0617595665191	-0.663420039816	0	-0.0164464359023	-0.993685330365	-0.110990895861	0	0.666085511051	-0.0936761451022	0.739969507349	0	-75.5616646123	91.7117924704	191.14361871	1	21397885762	1
0.745789453959	0.0634975778489	-0.663148662045	0	-0.0155148699649	-0.993521571361	-0.11257964314	0	0.666001035415	-0.094249375843	0.739972753538	0	-75.8819787791	91.354614341	190.15668593	1	21398219095	1
0.745948839235	0.0655974308122	-0.662764895204	0	-0.0150309594075	-0.99322598421	-0.115222456795	0	0.665833612476	-0.0959120501365	0.7399097777	0	-76.3553381212	90.9694573305	189.000123853	1	21398552429	1
0.745619604202	0.0669454734737	-0.663000535001	0	-0.0135274713134	-0.993215179561	-0.115501578386	0	0.666234503272	-0.095088961879	0.739655106099	0	-76.6416723724	90.6182878444	188.17322782	1	21398885762	1
0.747982685435	0.0670045731763	-0.660327410807	0	-0.0133448420163	-0.993171799212	-0.115895178683	0	0.663584069641	-0.0954995519568	0.741981144029	0	-77.3310616071	90.173724768	187.317546875	1	21399219095	1
0.746195329284	0.0675438794771	-0.662291744551	0	-0.0123856096829	-0.993259030714	-0.115252308343	0	0.665611844266	-0.0942036212187	0.74032867736	0	-77.5789358459	89.893679793	186.654643151	1	21399552429	1
0.745081741483	0.0677261724088	-0.663525707173	0	-0.011039960075	-0.993442595118	-0.113797756948	0	0.666881786969	-0.0921139282397	0.739448244594	0	-77.6935950657	89.5878619867	186.263758	1	21399885762	1
0.746828934836	0.0675364250257	-0.661577942034	0	-0.0110144165247	-0.99343716469	-0.113847628172	0	0.664924976761	-0.0923115978988	0.741183745216	0	-78.3912313754	89.1306342994	185.489471859	1	21400219095	1
0.747354239689	0.0682482125088	-0.660911357073	0	-0.0115176313114	-0.993230373255	-0.115588796225	0	0.664325962603	-0.0939979102599	0.741508872691	0	-79.0275765762	88.5379411303	184.331585915	1	21400552429	1
0.748021150974	0.0688990509875	-0.660088841345	0	-0.0113779774179	-0.993119190705	-0.116553913204	0	0.663577349919	-0.0946952682358	0.742090228239	0	-79.4828859843	88.0699784417	183.572490238	1	21400885762	1
0.747040629207	0.0697406728722	-0.661110079232	0	-0.0111858503759	-0.993022423015	-0.117393969778	0	0.664684267202	-0.0950931434764	0.741047986974	0	-79.9629511504	87.7131129135	182.851503781	1	21401219095	1
0.746442870021	0.0694193720495	-0.661818700687	0	-0.0116323228478	-0.99303070042	-0.117280506006	0	0.665347826975	-0.0952416862934	0.740433177493	0	-80.507409035	87.2646689901	182.231987222	1	21401552429	1
0.746087899185	0.0694188283815	-0.662218901086	0	-0.0114077776311	-0.993071823387	-0.116953906327	0	0.665749734735	-0.0948123402394	0.740126955893	0	-80.8169902186	86.9195552717	181.821860257	1	21401885762	1
0.74486154455	0.0696055156297	-0.663578444228	0	-0.0134384362098	-0.992776788209	-0.119221043553	0	0.667083718796	-0.0977206272365	0.738545862577	0	-81.5763397712	86.4468812123	180.730683393	1	21402219095	1
0.746156594262	0.0697686990293	-0.662104723949	0	-0.0136725930345	-0.992678420439	-0.120010890314	0	0.665630075221	-0.0985996056274	0.739739630364	0	-82.1883823037	86.1332318922	179.975059217	1	21402552429	1
0.745334075214	0.0698962315993	-0.663017068508	0	-0.0133481916213	-0.992725195537	-0.119659984649	0	0.666557530979	-0.098036742877	0.738978927264	0	-82.5006369626	85.8953550536	179.408272304	1	21402885762	1
0.74491310602	0.0689529144199	-0.663588697969	0	-0.0141061781674	-0.992794604315	-0.118995333438	0	0.667012353871	-0.0980018838367	0.738573050244	0	-83.0275721575	85.6125661935	178.929542926	1	21403219095	1
0.743751518697	0.0696535313983	-0.664817316261	0	-0.014841567517	-0.992590432832	-0.120598343783	0	0.668291408227	-0.099562132427	0.737206874274	0	-83.4641871044	85.3867150944	178.103117621	1	21403552429	1
0.741498010933	0.0702443144	-0.667267889289	0	-0.0140109826788	-0.992666653924	-0.120069174025	0	0.670808759742	-0.0983801325527	0.735076157532	0	-83.4852549173	85.200968934	177.725515573	1	21403885318	1
0.745361742449	0.0672352643007	-0.663261104037	0	-0.0199814746789	-0.992201153045	-0.123035005447	0	0.666360723305	-0.104958520998	0.738205320562	0	-85.2160171181	84.7989496116	176.484711349	1	21404218651	1
0.744544681581	0.0659983599452	-0.664302215572	0	-0.02200505032	-0.992133950535	-0.123231497421	0	0.667209858208	-0.106369359689	0.737235759055	0	-85.974042006	84.4702190605	175.628090047	1	21404551984	1
0.746227333533	0.0645212257687	-0.662556999898	0	-0.0223013709978	-0.992310107913	-0.121750969549	0	0.665317529861	-0.105629830823	0.739050014072	0	-86.666291847	84.1704411854	175.09921884	1	21404885318	1
0.747064207888	0.063607449074	-0.661701716572	0	-0.0224162609073	-0.992434938995	-0.120707924794	0	0.664373825899	-0.105009448543	0.739986780407	0	-87.1907818356	83.8878998055	174.443077024	1	21405218651	1
0.7478376004	0.0624137674213	-0.660941332544	0	-0.0227589908272	-0.992575512129	-0.119481718515	0	0.663491485827	-0.10439527939	0.740864814845	0	-87.7721285845	83.6321993328	173.729839173	1	21405551984	1
0.747278668047	0.0614745240303	-0.661661148306	0	-0.0224770236124	-0.992803528871	-0.117626257578	0	0.664130541152	-0.102771766344	0.740519134359	0	-87.9555008072	83.3476567835	173.323537857	1	21405885318	1
0.74909882842	0.0607261052528	-0.659669072643	0	-0.022798811315	-0.992836497943	-0.117285559877	0	0.662065827137	-0.102898146212	0.742348174406	0	-88.4936834689	83.0083848356	172.68184274	1	21406218651	1
0.748523038889	0.060679406429	-0.660326638784	0	-0.0229068571933	-0.992843898869	-0.117201827508	0	0.662713011903	-0.102854276105	0.741776557827	0	-88.7478408541	82.6709668141	172.043027509	1	21406551984	1
0.7496914586	0.0592802682926	-0.659127124835	0	-0.0234318520573	-0.992977762482	-0.115957369429	0	0.66137256158	-0.102376818699	0.743037900636	0	-89.0431781716	82.3858233073	171.745463294	1	21406885318	1
0.753265990062	0.057584419412	-0.655190340937	0	-0.0262233254447	-0.992738412829	-0.117400088995	0	0.657193035127	-0.105614763809	0.746286028441	0	-89.8526185975	82.116658731	171.193447241	1	21407218651	1
0.751052496355	0.061142624394	-0.657405299036	0	-0.0249942685659	-0.992356097994	-0.120849746849	0	0.659769228032	-0.107195868656	0.743783309497	0	-90.076712594	81.5853912336	170.402210459	1	21407885318	1
0.750605668679	0.0630274619464	-0.657737538223	0	-0.0252342016761	-0.991979647789	-0.123853193092	0	0.660268403918	-0.109562390508	0.742995099159	0	-90.5857296657	81.3217279089	169.667369909	1	21408218651	1
0.749404582939	0.0642945339735	-0.658983295669	0	-0.0242915207571	-0.991934260971	-0.124403954641	0	0.66166660267	-0.109236600149	0.74179826914	0	-90.6698385019	81.1977318623	169.215338413	1	21408551984	1
0.750571373473	0.0637485827634	-0.65770717764	0	-0.0251070505601	-0.991865579249	-0.124789056866	0	0.660312236246	-0.110176181169	0.742865371226	0	-91.1594018883	81.1104902471	168.643729547	1	21408885318	1
0.751430229479	0.0624011358715	-0.656855165518	0	-0.0219922506929	-0.992595989453	-0.119455190896	0	0.659445942542	-0.104207964977	0.744494290711	0	-91.4114768758	80.833149343	168.037985193	1	21409551984	1
0.754016554904	0.0603263599793	-0.654079326399	0	-0.0209234250415	-0.993062473179	-0.11571142834	0	0.656522082808	-0.100933912317	0.74752331076	0	-92.0216461154	80.6760098633	167.598525493	1	21409885318	1
0.754776217726	0.0592842939039	-0.653297966974	0	-0.0218179533884	-0.993088065709	-0.115325932279	0	0.655619430818	-0.101298895563	0.748265792143	0	-92.8078296463	80.4282712727	166.601729247	1	21410218651	1
0.757578923925	0.0596338978522	-0.650013824661	0	-0.0204710730395	-0.993157614678	-0.114973421171	0	0.652422492862	-0.100407921172	0.751174507137	0	-93.4424788639	80.2570968826	165.559495956	1	21410551984	1
0.756860180707	0.0604676411947	-0.650773640546	0	-0.0188915920577	-0.993270950484	-0.114262533988	0	0.653303738402	-0.0987749122615	0.750624901064	0	-93.6909003719	80.158413682	164.782631903	1	21410885318	1
0.758630352958	0.0608779675008	-0.648670841524	0	-0.0192724165905	-0.993092390905	-0.115741423374	0	0.65123617953	-0.100306411554	0.752216765482	0	-94.3513298741	80.0710889263	163.670551027	1	21411218651	1
0.760004072577	0.0620770831379	-0.646946864445	0	-0.0186998657133	-0.992927183498	-0.117243009569	0	0.649649232039	-0.101202984242	0.753467870112	0	-94.8910623933	79.9567410703	162.358176754	1	21411551984	1
0.761220970106	0.0638993106978	-0.645336743695	0	-0.017485378176	-0.992749347459	-0.118924323287	0	0.648256813478	-0.101811645756	0.754584317733	0	-95.2914499616	79.7713579412	161.160865586	1	21411885318	1
0.762916246861	0.0640892457565	-0.643312807935	0	-0.0161230600181	-0.992878543699	-0.118034928722	0	0.64629625344	-0.100422935832	0.756449857392	0	-95.7380232397	79.5831210374	160.443983968	1	21412218651	1
0.763398438172	0.0644635373306	-0.642703101713	0	-0.0146860004473	-0.993018104129	-0.117044291881	0	0.64576090466	-0.0987901676583	0.757121758231	0	-96.1780068011	79.418785467	159.531631008	1	21412551984	1
0.767122982714	0.0638340372114	-0.638316179558	0	-0.0150003177833	-0.992979806663	-0.117328999087	0	0.64132466026	-0.0995807172777	0.760780100218	0	-97.044829567	79.2436207661	158.570003343	1	21412885318	1
0.766839882638	0.0638201291202	-0.638657643432	0	-0.0148657338803	-0.993011274079	-0.117079543512	0	0.641666271789	-0.0992753779741	0.760531915817	0	-97.4648642475	79.1347440245	157.947958454	1	21413218651	1
0.766903822346	0.0640192051916	-0.638560935728	0	-0.0147327614419	-0.992993513998	-0.117246863065	0	0.641592918455	-0.0993248333748	0.760587341772	0	-97.9415776148	79.0387812365	157.281870696	1	21413551984	1
0.766206157813	0.0646643047506	-0.639332973825	0	-0.0134026938648	-0.99309933577	-0.116507841322	0	0.642455050199	-0.0978378095804	0.760052150507	0	-98.2001192852	78.9336403288	156.728885594	1	21413885318	1
0.768385335509	0.0638320329258	-0.636796237227	0	-0.0152454601822	-0.992905585764	-0.117924016647	0	0.63980587065	-0.100319336775	0.76196094293	0	-99.1782619553	78.7374934276	155.975256886	1	21414218651	1
0.768885851478	0.0647818989986	-0.636095789138	0	-0.0163921640202	-0.992529781177	-0.120896362373	0	0.639175910338	-0.103382489032	0.762080190404	0	-99.9542677788	78.5594681929	154.915808866	1	21414551984	1
0.767188153264	0.0663010766608	-0.637986288822	0	-0.0139819794416	-0.992678439167	-0.119975083513	0	0.641269710607	-0.100963773932	0.760644118238	0	-100.023168273	78.3843129909	154.527723103	1	21414885318	1
0.767843244973	0.0668685094477	-0.637138410075	0	-0.0141259741583	-0.992528687656	-0.121191010529	0	0.64048201224	-0.102055899502	0.761161865423	0	-100.549079244	78.1911182351	153.850654246	1	21415218651	1
0.768263851864	0.0676315937749	-0.636550564718	0	-0.0149492495256	-0.992236362659	-0.123464653065	0	0.639958728246	-0.10436938316	0.761288288364	0	-101.160575528	77.9911852607	152.968886109	1	21415551984	1
0.770351788585	0.0673828567618	-0.634048635704	0	-0.0141951287781	-0.992341449761	-0.122706745556	0	0.637461073433	-0.103527762946	0.763495502381	0	-101.552075115	77.9383181696	152.567554963	1	21415885318	1
0.770610713472	0.0669343935985	-0.63378144122	0	-0.0142247086781	-0.992415145049	-0.122105845646	0	0.637147381651	-0.1031114292	0.763813620737	0	-101.959157503	77.8485668745	152.101964356	1	21416218651	1
0.770597553205	0.065848910612	-0.633911138856	0	-0.0135731444601	-0.992726781933	-0.119621512209	0	0.637177511172	-0.100784212081	0.764099052382	0	-102.374509473	77.8076972938	151.747359615	1	21416551984	1
0.771728563975	0.0649571648187	-0.632625948158	0	-0.0119337033836	-0.993115539883	-0.116529443343	0	0.635840082307	-0.0974786703901	0.765640449918	0	-102.726658958	77.8080420818	151.44234535	1	21416885318	1
0.774867185983	0.0630378834373	-0.628973027513	0	-0.00913061145915	-0.993795187895	-0.110850153143	0	0.632058127091	-0.0916370545642	0.769483706266	0	-103.236596772	77.7425648384	150.968540034	1	21417551984	1
0.776568495893	0.0617473412696	-0.626999710552	0	-0.00906311745515	-0.993987960144	-0.109113679212	0	0.62996764289	-0.0904168177679	0.771340111738	0	-103.696613629	77.7364104669	150.603199831	1	21417885318	1
0.776655515304	0.0610063745379	-0.626964458972	0	-0.0090561837379	-0.994115061926	-0.107950123617	0	0.629860457629	-0.0895179642221	0.771532460754	0	-104.057662826	77.7989465905	150.269691415	1	21418218651	1
0.775520344088	0.0617017483308	-0.628300159286	0	-0.00866336187051	-0.994078755873	-0.108316080442	0	0.631263132194	-0.0894445156175	0.770393754232	0	-104.211916	77.9422775362	149.949543741	1	21418551984	1
0.775759986453	0.0630933956575	-0.627865962481	0	-0.0094914308781	-0.99370971409	-0.11158367651	0	0.630956699115	-0.0925214977614	0.770281387737	0	-104.654974674	78.0799132146	149.171377989	1	21418885318	1
0.775215479959	0.0638835774305	-0.628458310604	0	-0.00843007018893	-0.993738388967	-0.111413411269	0	0.631640636398	-0.0916673487599	0.769822839114	0	-104.900447693	78.284888442	148.902850123	1	21419218651	1
0.775904397432	0.0644830088353	-0.627546259344	0	-0.0070964863814	-0.993807124701	-0.110892014025	0	0.630810594336	-0.090494974805	0.770641715461	0	-105.238675832	78.4425825602	148.455921356	1	21419551984	1
0.776497281913	0.0642002240388	-0.626841528949	0	-0.00603777217125	-0.993992387874	-0.109282561079	0	0.630091673084	-0.0886423379774	0.7714447611	0	-105.569321526	78.5206024716	148.13708167	1	21419885318	1
0.777033179591	0.0639504983145	-0.626202660151	0	-0.000114009031622	-0.994811438708	-0.101735875762	0	0.629459629219	-0.0791235437803	0.772994204378	0	-105.633768508	78.5867487433	147.850756109	1	21420551984	1
0.778051400786	0.0641686417737	-0.6249147167	0	0.00080004604397	-0.994869751765	-0.101160945771	0	0.628200109568	-0.0782084550148	0.774111141828	0	-106.010696511	78.5953268598	147.221051599	1	21420885318	1
0.777671064063	0.0641582543817	-0.625389026537	0	0.0017260518312	-0.994993038526	-0.0999293451879	0	0.628669020124	-0.076632706329	0.773888035479	0	-106.422564806	78.6355393731	146.71608944	1	21421218651	1
0.779195323718	0.0643813551799	-0.623465868032	0	0.00296300503333	-0.99507782195	-0.0990522531978	0	0.626774176316	-0.0753337199904	0.775550747879	0	-106.906405454	78.8414106849	146.089135227	1	21421551984	1
0.780327363545	0.0646022768842	-0.62202552321	0	0.00191253359223	-0.994891880051	-0.100928138905	0	0.625368329801	-0.0775673438312	0.776464911797	0	-107.832795387	78.9491880257	144.882143298	1	21421885318	1
0.77967153716	0.0653210441357	-0.622772394487	0	0.00240150536499	-0.994848881949	-0.101340687072	0	0.626184099857	-0.0775168580198	0.77581222587	0	-108.273583385	78.9838071885	144.039328489	1	21422218651	1
0.77936344271	0.0668526012349	-0.622995468583	0	0.00633776796895	-0.995081956757	-0.0988520714731	0	0.626540068043	-0.0730932900167	0.775954195872	0	-108.241297761	79.0988207785	143.64721257	1	21422551984	1
0.780328010747	0.0674803241076	-0.621719069599	0	0.0075900998809	-0.995109975767	-0.0984810972351	0	0.625324384642	-0.0721286488655	0.777024370264	0	-108.734561292	79.2185886448	142.896580135	1	21422885318	1
0.779414986402	0.0686264993866	-0.622738052919	0	0.00806879544786	-0.994999711283	-0.0995513389476	0	0.626456042761	-0.0725670595255	0.776071419626	0	-109.191068053	79.458144725	141.888350851	1	21423218651	1
0.77928440237	0.0693858333644	-0.622817329842	0	0.00847755916063	-0.994927775837	-0.10023398555	0	0.626613079351	-0.0728308107666	0.775919919701	0	-109.675108963	79.6459957716	141.05534905	1	21423551984	1
0.777348730656	0.0722438532133	-0.624907814498	0	0.0114317789649	-0.994841997229	-0.10079045083	0	0.628966028794	-0.0712055210065	0.774165039511	0	-109.625884798	79.8614723493	140.351477525	1	21423885318	1
0.77786038891	0.0725205047278	-0.624238729781	0	0.00964115218714	-0.994579519471	-0.103530805237	0	0.628363162151	-0.0745141318307	0.774343193041	0	-110.576184482	79.8220021572	139.254396002	1	21424218651	1
0.777611220952	0.0739083235956	-0.624386377777	0	0.0121562525976	-0.994648753151	-0.102596702566	0	0.628627882433	-0.0721901486215	0.774348479607	0	-110.675599275	80.0102697983	138.686497209	1	21424551984	1
0.780483034593	0.0733997312711	-0.620853213055	0	0.011717944667	-0.99462702973	-0.102857967618	0	0.625067134382	-0.073003775102	0.777149616442	0	-111.625423433	80.085918046	137.653373159	1	21424885318	1
0.777392346037	0.0755836729549	-0.624458364269	0	0.0143980564681	-0.994632419783	-0.102464850008	0	0.628851203619	-0.0706644033433	0.774307888251	0	-111.49698054	80.232877941	136.973468405	1	21425218651	1
0.776683334501	0.0763912175972	-0.62524185703	0	0.015267945073	-0.994610246304	-0.102554121319	0	0.629706191617	-0.0701059185825	0.773663539543	0	-111.86278485	80.2379733731	136.327978138	1	21425551984	1
0.776483268442	0.0760630509904	-0.625530291916	0	0.016246892061	-0.994774579099	-0.100794718496	0	0.629928386667	-0.068102489326	0.773661604721	0	-112.25605212	80.2882914034	136.057262528	1	21425885318	1
0.777110907227	0.0761449318201	-0.624740415874	0	0.0156608549509	-0.994686270221	-0.101754417378	0	0.629168797296	-0.0692904985678	0.774174044591	0	-112.814457063	80.3011326659	135.177030992	1	21426218651	1
0.778753777683	0.074881885473	-0.622844488595	0	0.0143671445508	-0.99471880155	-0.101627215848	0	0.627165160785	-0.0701940814566	0.775716863312	0	-113.494551904	80.35053751	134.601279184	1	21426551984	1
0.779518259005	0.0730549306826	-0.622104702587	0	0.0138906888738	-0.99494729502	-0.0994330372459	0	0.626225464701	-0.068868405211	0.776594366528	0	-113.944374583	80.6411388061	134.42954528	1	21426885318	1
0.779534620579	0.072567050795	-0.622141301039	0	0.0124126324734	-0.994860789741	-0.100488484872	0	0.626236139068	-0.0706118416106	0.77642917639	0	-114.475272265	80.9553480351	133.639058422	1	21427218651	1
0.780999388164	0.0697351727009	-0.620626265457	0	0.0104596486908	-0.995067627393	-0.0986458953236	0	0.624444194013	-0.0705508511877	0.777876613584	0	-115.134102854	81.3390131202	133.45340175	1	21427551984	1
0.78118399791	0.0686821456042	-0.62051134098	0	0.00881084546727	-0.995043897119	-0.0990455037298	0	0.624238680644	-0.0719055330426	0.777917517418	0	-115.714323599	81.6616317469	133.007254605	1	21427885318	1
0.781416602628	0.0695296202909	-0.620123959414	0	0.00560738785775	-0.99451524327	-0.104441314169	0	0.623984495271	-0.0781349013314	0.777520602206	0	-116.613076454	81.822819063	131.818634961	1	21428218651	1
0.780783125447	0.0711568910982	-0.620736987674	0	0.00546550005467	-0.994233532325	-0.107097205888	0	0.624778232116	-0.0802270530995	0.776669672785	0	-117.007976552	81.8276678978	131.05021477	1	21428551984	1
0.77883191048	0.0738524003914	-0.622869712038	0	0.00963481661993	-0.994335532058	-0.105849043432	0	0.627158692458	-0.0764373772648	0.775131796426	0	-116.875051225	81.7867688179	130.805857147	1	21428885318	1
0.777454053526	0.0761275115211	-0.624315462443	0	0.0117270442915	-0.994229572022	-0.106630364108	0	0.628830399304	-0.0755788337245	0.773860561603	0	-117.111874263	81.9033231741	130.277869763	1	21429218651	1
0.777375439294	0.0768985912673	-0.624318855268	0	0.0121097183048	-0.994145130312	-0.107372317661	0	0.628920329696	-0.0759082771398	0.773755227677	0	-117.629769061	82.2357483359	129.762683898	1	21429551984	1
0.775932956534	0.0763829024013	-0.626173856995	0	0.0110211445528	-0.994132017052	-0.107610719934	0	0.630719098598	-0.0765975514801	0.772221622185	0	-118.418399572	82.7154347059	129.029989826	1	21429885318	1
0.774466995626	0.0770366277033	-0.627906227615	0	0.0117961804567	-0.994143741813	-0.10742006675	0	0.632504326319	-0.0757864011952	0.770840254904	0	-118.72072321	82.9227778989	128.635760818	1	21430218651	1
0.773251445629	0.0784735477886	-0.629225002785	0	0.0124171597854	-0.993996336194	-0.108706475319	0	0.633977930196	-0.0762442517891	0.769583522494	0	-119.242040165	82.9521922054	127.823906274	1	21430551984	1
0.770952903691	0.0816399534504	-0.631637980406	0	0.0161682787589	-0.993939444614	-0.108733468639	0	0.63668689876	-0.073615884434	0.767600478443	0	-119.134255228	82.8543964682	127.071131113	1	21430885318	1
0.771182122453	0.0832417621377	-0.631148907188	0	0.0179315490474	-0.993861386092	-0.109169614747	0	0.636361998832	-0.0728721776225	0.767940786891	0	-119.733638147	82.6975798644	126.014243573	1	21431218651	1
0.769821322758	0.0834297925281	-0.632783217812	0	0.018321244462	-0.993900002822	-0.1087525466	0	0.637996444369	-0.072126653252	0.766653952486	0	-120.302196869	82.510522049	125.13999281	1	21431551984	1
0.772193519769	0.0823848965663	-0.630023727208	0	0.0159927187415	-0.993764361979	-0.11034774945	0	0.635186115225	-0.0751340247763	0.768695958976	0	-121.521233245	82.2895295369	123.836128114	1	21431885318	1
0.770093249998	0.085762163457	-0.63214020409	0	0.0203035300321	-0.993715060273	-0.110082449352	0	0.637608150024	-0.0719390735707	0.766994534998	0	-121.313852365	82.4313424461	123.03340943	1	21432218651	1
0.770740140465	0.0859142115582	-0.631330645643	0	0.020080891508	-0.993650407162	-0.110705131513	0	0.636833097187	-0.0726472064117	0.76757148835	0	-121.990899013	82.5802234542	122.025154521	1	21432551984	1
0.771449059111	0.0855787746681	-0.630509811599	0	0.0195535772301	-0.993634607384	-0.110941086284	0	0.635990571325	-0.0732566743349	0.768211854146	0	-122.764697231	82.7637112393	121.174311727	1	21432885318	1
0.773771833558	0.0850057446524	-0.627734954394	0	0.0184565784384	-0.993559969233	-0.111794195959	0	0.633195470849	-0.0749173605642	0.770357634337	0	-123.866289893	82.9673335099	120.392863837	1	21433218651	1
0.774048545823	0.0867415154219	-0.627156087598	0	0.0175642490217	-0.993131097574	-0.115681114219	0	0.63288256878	-0.0785272725424	0.770255231467	0	-124.59422744	83.0963013856	119.141911323	1	21433551984	1
0.775126866848	0.0876844220522	-0.62569144346	0	0.0154284053613	-0.992654314234	-0.119997403061	0	0.631617213665	-0.0833597898441	0.770785859262	0	-125.54529613	83.1326659287	117.776907123	1	21433885318	1
0.776126218076	0.0888799345523	-0.624282348661	0	0.0154283023168	-0.992396899804	-0.122107988059	0	0.6303888174	-0.0851395941632	0.771596519175	0	-126.395895565	83.2706707498	116.567481363	1	21434218651	1
0.775511816256	0.0901103721609	-0.624869221258	0	0.0180567609364	-0.992522529164	-0.120718608703	0	0.631074778637	-0.0823355933463	0.771340050715	0	-126.602284299	83.2264036844	115.960352565	1	21434551984	1
0.775638237249	0.0909524916934	-0.624590241016	0	0.0207482224027	-0.992702487312	-0.118790921165	0	0.630836616078	-0.0791796434622	0.771865109897	0	-127.007696085	83.1601192291	115.464236526	1	21434885318	1
0.772487302754	0.0934054514573	-0.628123227338	0	0.0219009908496	-0.992453627553	-0.12064884482	0	0.63465243534	-0.0794431796612	0.768703497795	0	-127.345462662	83.1692367357	114.164207834	1	21435218651	1
0.77202801274	0.0932021271263	-0.628717831021	0	0.0217888240681	-0.992489608509	-0.120372854696	0	0.635214920079	-0.0792321935903	0.768260544873	0	-127.941266663	83.3243651496	113.522233782	1	21435551984	1
0.772318717793	0.0935219141079	-0.628313178063	0	0.0213285571884	-0.992363187168	-0.121492375903	0	0.634877067466	-0.0804298224285	0.768415351792	0	-128.703897621	83.56209964	112.530082829	1	21435885318	1
0.774249563282	0.0928765883028	-0.626028396403	0	0.0213033874847	-0.992437389213	-0.120889181374	0	0.632521762028	-0.0802618703792	0.770372801132	0	-129.305589273	83.7025350622	112.149794823	1	21436218651	1
0.773325891044	0.0931113673963	-0.62713422766	0	0.0207204968868	-0.992340409769	-0.121783299954	0	0.633670046041	-0.0811836461392	0.769331845402	0	-129.945302296	83.7783798973	111.135060138	1	21436551984	1
0.774465457359	0.0932211982529	-0.625710047509	0	0.0212048611775	-0.992352746505	-0.12159926137	0	0.632260713013	-0.0809063328766	0.770519666252	0	-130.803778785	83.9266175454	110.301561302	1	21436884873	1
0.774771589401	0.0934120168919	-0.625302470295	0	0.020911102181	-0.992270078314	-0.122322595988	0	0.631895331572	-0.0816963082626	0.770736013921	0	-131.352870531	83.9960315753	109.419291486	1	21437218207	1
0.774998553342	0.0932431725277	-0.625046360757	0	0.0209355394215	-0.99230050686	-0.122071320443	0	0.631616137783	-0.0815194140216	0.770983553411	0	-132.065027538	84.0264087803	108.337159892	1	21437551540	1
0.775143097588	0.093271947975	-0.624862802527	0	0.0221974732138	-0.992452337369	-0.120605266193	0	0.631395637017	-0.0796159643012	0.771362980564	0	-132.51430822	84.0344366674	107.785851241	1	21437884873	1
0.775752786774	0.0943575627825	-0.62394251671	0	0.0231299852721	-0.992344827621	-0.121312599821	0	0.630612890444	-0.0796768061601	0.771996754505	0	-132.912720417	84.0218606346	107.040099295	1	21438218207	1
0.7772094935	0.0946124647102	-0.62208832551	0	0.0221158088532	-0.992127859518	-0.123260704879	0	0.62885315791	-0.0820414035108	0.773183622367	0	-133.783980561	84.0020184503	105.901995381	1	21438551540	1
0.77503589257	0.0958009233515	-0.624613118908	0	0.0243630968284	-0.992236532306	-0.121955333911	0	0.631447388735	-0.0793022511755	0.771352933629	0	-133.869530809	84.3112765177	105.362794562	1	21438884873	1
0.77651472262	0.0953279287221	-0.622846266393	0	0.0232152094448	-0.992146591802	-0.122907259453	0	0.629671294887	-0.0809797899556	0.772629493363	0	-134.440510948	84.3652606366	104.760119212	1	21439218207	1
0.776621923056	0.0960584094284	-0.622600329751	0	0.0227356299556	-0.991936277629	-0.12468164361	0	0.629556573914	-0.0826752871226	0.772543407933	0	-134.997491414	84.3628131356	103.931160532	1	21439551540	1
0.776563630358	0.0975824420138	-0.622436016805	0	0.0249390680004	-0.991919471284	-0.124393751348	0	0.629545050726	-0.0810766889919	0.7727222008	0	-135.172069243	84.3695295848	103.34994747	1	21439884873	1
0.775879475228	0.0975513959833	-0.623293482287	0	0.0247855840871	-0.99192350303	-0.12439227853	0	0.630394094786	-0.081064722772	0.772030955325	0	-135.504842364	84.3542389649	102.784900873	1	21440218207	1
0.775693111104	0.0976443189121	-0.62351085345	0	0.0261000873543	-0.992076683204	-0.122892799149	0	0.630570363104	-0.0790534099626	0.772095574102	0	-135.734800632	84.3789206379	102.32589874	1	21440551540	1
0.776147521917	0.0979974618947	-0.622889654501	0	0.0271802902959	-0.992130632186	-0.122221276777	0	0.629965281616	-0.0779314194641	0.772703331052	0	-135.945369076	84.4614286442	101.930462732	1	21440884873	1
0.775986353906	0.097874524224	-0.623109746401	0	0.02709518691	-0.99214812366	-0.122098122688	0	0.630167461393	-0.0778632019994	0.772545333541	0	-136.27339879	84.5755412419	101.548062302	1	21441218207	1
0.777428408291	0.0969831141247	-0.621449390986	0	0.0262754563016	-0.992185966219	-0.121969704572	0	0.62842236623	-0.0784938469688	0.773901832024	0	-137.00403448	84.7057839312	100.832154458	1	21441551540	1
0.777310470941	0.0968034639745	-0.621624903883	0	0.0264356840101	-0.992243968067	-0.121462185246	0	0.628561521552	-0.0779807488835	0.773840691892	0	-137.475159262	84.7142356083	100.162888354	1	21441884873	1
0.776645084843	0.0975924320092	-0.622332812411	0	0.0276622789494	-0.992257054678	-0.121081525287	0	0.629330763996	-0.076822227623	0.773331193494	0	-138.16730344	84.696961726	99.1571832461	1	21442551540	1
0.777278538196	0.0966722596132	-0.621685248563	0	0.0293049200368	-0.992615199591	-0.117712731695	0	0.628473782843	-0.0732771435217	0.774371464167	0	-138.594505912	84.8398991256	98.9078551958	1	21443218207	1
0.777942915327	0.095213068286	-0.621079135151	0	0.0270752889513	-0.992613860791	-0.118256721136	0	0.627751343464	-0.0751810813517	0.774774841993	0	-139.363801382	85.0077185231	98.2700324252	1	21443551540	1
0.778389864736	0.0942567491524	-0.620664872306	0	0.027064928393	-0.992783606918	-0.116825508715	0	0.627197503285	-0.0741375416016	0.775323749668	0	-139.800130612	85.1815704268	97.542605315	1	21444218207	1
0.778548889515	0.0935886024413	-0.620566515474	0	0.0265490800723	-0.992844634189	-0.116424562308	0	0.627022147122	-0.0741667435878	0.775462778709	0	-140.144384277	85.2138178132	96.884046441	1	21444551540	1
0.779187333927	0.0929026671034	-0.619867883579	0	0.0256927524486	-0.992857363832	-0.116508100814	0	0.626264306119	-0.0748555243709	0.776008807522	0	-140.672896129	85.2901344545	96.0909064179	1	21444884873	1
0.779194553174	0.0917637396546	-0.620028438371	0	0.0240101022282	-0.992868697667	-0.116770133958	0	0.626322092294	-0.076099706164	0.775841138009	0	-141.370651102	85.432785576	95.5414640514	1	21445218207	1
0.78110024374	0.0900183651238	-0.617882758433	0	0.0256523383758	-0.993344284582	-0.1122902036	0	0.623878487179	-0.0718597678055	0.778210644367	0	-141.699394096	86.0933845039	95.0861074126	1	21445884873	1
0.781935436386	0.088016699684	-0.617114279449	0	0.0232824309369	-0.993414408573	-0.112186190098	0	0.622924475144	-0.0733544369194	0.778835171812	0	-142.360270206	86.4021485533	94.565318966	1	21446218207	1
0.783819680015	0.0870676964464	-0.614854393704	0	0.022246085858	-0.993423454489	-0.112316302179	0	0.620589897505	-0.074357624402	0.780601769667	0	-142.861762856	86.6183853126	94.0538794583	1	21446551540	1
0.783412192086	0.0874997166033	-0.615312227154	0	0.0229080451758	-0.993432453962	-0.112103438311	0	0.621080154857	-0.0737276000505	0.780271543909	0	-143.042044274	86.6432591945	93.6011076239	1	21446884873	1
0.783601185334	0.0882223659073	-0.614968289018	0	0.0237784068394	-0.993399661228	-0.112212746336	0	0.620808963943	-0.0733070748691	0.780526939357	0	-143.361998691	86.5316842823	92.9620594574	1	21447218207	1
0.784043721994	0.0887759053354	-0.614324247148	0	0.0242444658391	-0.993343952424	-0.11260549746	0	0.620231930714	-0.0733936701213	0.780977414083	0	-143.907258022	86.5015907842	92.1298650354	1	21447551540	1
0.785704252163	0.0880871976074	-0.612298516861	0	0.0240279279564	-0.993408403709	-0.112082122211	0	0.618135492276	-0.0733511353616	0.782641759766	0	-144.459081756	86.6011636996	91.71456305	1	21447884873	1
0.785785349307	0.087417953373	-0.612290361056	0	0.0233299190315	-0.993446046751	-0.111895786665	0	0.618059139316	-0.0736413852635	0.782674802638	0	-144.852551115	86.7673743027	91.2899616954	1	21448218207	1
0.786643612122	0.086743659214	-0.611283375444	0	0.0221288506119	-0.993406251184	-0.112491484471	0	0.617010649405	-0.0749637091807	0.783376219212	0	-145.482003463	86.9973149684	90.5471291588	1	21448551540	1
0.786680184886	0.0860617029512	-0.611332699921	0	0.0223042720686	-0.993551348959	-0.111167605127	0	0.616957702079	-0.0738180212914	0.78352670253	0	-145.900179972	87.3148744988	90.0987251349	1	21448884873	1
0.7876651752	0.085049363438	-0.610205029113	0	0.0199114528901	-0.993422784089	-0.112759505575	0	0.615781703058	-0.076666667024	0.784177987671	0	-146.87265026	87.5701387825	89.0347294315	1	21449218207	1
0.788037877228	0.0845351589424	-0.609795138515	0	0.0193876882671	-0.993443841836	-0.112665214962	0	0.615321396993	-0.0769619387838	0.784510317575	0	-147.43502174	87.7275555477	88.3606007634	1	21449551540	1
0.788516903628	0.0830643210107	-0.609377888726	0	0.0195296512051	-0.993719411501	-0.110183138142	0	0.614702924523	-0.0749803293009	0.785186770648	0	-148.31304684	87.8478466947	87.700990067	1	21449884873	1
0.789275459529	0.0825709361542	-0.608462233412	0	0.0194084141676	-0.99377701452	-0.109683904344	0	0.613732484431	-0.0747615269726	0.785966380731	0	-149.092682219	87.706031192	86.5033662282	1	21450551540	1
0.788247277626	0.0829203015471	-0.609746220084	0	0.0194684938866	-0.993743900745	-0.10997289429	0	0.615050572767	-0.0748149939783	0.784930257803	0	-149.359424218	87.7430938234	85.7900959456	1	21450884873	1
0.789444237787	0.0814849202997	-0.608389680376	0	0.0159261623998	-0.993534975274	-0.112403782221	0	0.613615639285	-0.079047205328	0.785638203344	0	-150.519274531	87.8490044673	84.716402033	1	21451218207	1
0.788594100315	0.0812818926668	-0.6095183335	0	0.0158549005394	-0.993583341198	-0.111985562561	0	0.614709660797	-0.0786473014017	0.784822677364	0	-151.305777043	88.2736240284	83.6897032663	1	21451884873	1
0.789495665916	0.0797219926656	-0.608556486602	0	0.0146780049548	-0.993697036912	-0.11113395072	0	0.613580597534	-0.078807377304	0.785689663679	0	-151.997868751	88.3908309563	83.3305246511	1	21452218207	1
0.789806531101	0.0783028828109	-0.60833732581	0	0.0130344762607	-0.993736346179	-0.110987281751	0	0.613217535512	-0.0797291215647	0.785880093472	0	-153.523086919	88.5377616242	81.98281363	1	21452884873	1
0.790969474037	0.0777963157841	-0.606889631146	0	0.0136850715836	-0.993885010981	-0.109568717081	0	0.61170255023	-0.0783601824752	0.787197352539	0	-154.0976493	88.5945879333	81.5811786459	1	21453218207	1
0.791093021055	0.0775585428	-0.606759016807	0	0.0144692276833	-0.994024337113	-0.108195465144	0	0.611524712083	-0.0768133430224	0.787487928064	0	-154.619122893	88.6733592502	81.0260944603	1	21453551540	1
0.792523564315	0.076330263526	-0.605045527936	0	0.0130031121866	-0.994025552606	-0.108370290395	0	0.609702648082	-0.0780185339321	0.788781204951	0	-155.634546753	88.7398840511	80.1252924259	1	21453884873	1
0.793385558516	0.0750188596427	-0.604079072834	0	0.0121184998715	-0.994126728888	-0.107541568106	0	0.608598798469	-0.078001394909	0.789634906076	0	-156.698837611	88.815347675	79.4094972405	1	21454218207	1
0.794934582109	0.0760190518722	-0.601913709696	0	0.0131245285045	-0.994041443586	-0.108209773979	0	0.606553177322	-0.0781198578178	0.791195633769	0	-158.048164319	88.793923549	77.9219053206	1	21454884873	1
0.794538283551	0.0762100888717	-0.60241259808	0	0.0133073713152	-0.994039787224	-0.108202658395	0	0.607068225029	-0.0779546263493	0.790816822273	0	-158.600414375	88.8656905353	77.2240753813	1	21455218207	1
0.793464731861	0.0769381977664	-0.603733577844	0	0.0160617280884	-0.994279077959	-0.105598939505	0	0.608404257203	-0.0740920296541	0.7901611424	0	-158.647453104	89.0312655376	76.9059815531	1	21455551540	1
0.794872451763	0.0772783770505	-0.601835391008	0	0.017709178544	-0.994388762479	-0.104294650151	0	0.606518070979	-0.0722429338779	0.791780770214	0	-158.958217779	89.1546606354	76.2693275067	1	21455884873	1
0.795344315114	0.0752507982067	-0.601468816968	0	0.0134683102632	-0.994213115639	-0.106578071429	0	0.606008271424	-0.0766654945866	0.791755250633	0	-160.503208984	89.303133818	74.8245134821	1	21456218207	1
0.795891075252	0.0751712742532	-0.600755088086	0	0.0131103095345	-0.994169389841	-0.107029641165	0	0.605297873875	-0.0773078510311	0.792236063337	0	-160.978382908	89.3348407152	74.1005756332	1	21456551540	1
0.796488615464	0.076077676085	-0.599848374706	0	0.0160094826683	-0.994358646265	-0.104855038324	0	0.604441545479	-0.0739125821403	0.793213305675	0	-161.131928742	89.3918628555	73.4070318674	1	21456884873	1
0.797222204402	0.0747046632716	-0.599045883129	0	0.0140102398621	-0.994336016218	-0.105354639337	0	0.603523379819	-0.0755982813051	0.793753381017	0	-162.3367173	89.475301374	72.1580355772	1	21457218207	1
0.79825999585	0.0739117862237	-0.59776084422	0	0.0134463848197	-0.994381678846	-0.104996530951	0	0.602162912973	-0.0757768080194	0.794768961149	0	-163.148036643	89.4739105046	71.1435737734	1	21457551540	1
0.79813063275	0.0733201816917	-0.598006391289	0	0.0146337104661	-0.994633720824	-0.102418825996	0	0.602306688975	-0.0729925500105	0.794920587266	0	-163.42886292	89.4684470611	70.8587332669	1	21457884873	1
0.799235107616	0.0742515096684	-0.596414248712	0	0.0163035077447	-0.994652533612	-0.10198300356	0	0.600797335538	-0.0717847525019	0.796171784804	0	-163.789023662	89.3786707043	70.129112876	1	21458218207	1
0.799722424455	0.0744761318883	-0.595732615863	0	0.0152716587421	-0.99447835056	-0.103824788495	0	0.600175657839	-0.073933186363	0.796444011649	0	-164.553337046	89.3507430523	69.1949881515	1	21458551540	1
0.798719671823	0.0740440320992	-0.597130109066	0	0.0152960425769	-0.994577453414	-0.102867488753	0	0.601508866871	-0.073028559286	0.795521157861	0	-165.246548849	89.4798048058	68.5410423552	1	21458884873	1
0.800572136653	0.073917336913	-0.594659971175	0	0.0133211139868	-0.99431296395	-0.10566114538	0	0.599088308964	-0.0766678356589	0.797003915322	0	-166.808641424	89.6208597417	66.8822476333	1	21459551540	1
0.801414593467	0.0739007768353	-0.593526178498	0	0.0121821786747	-0.994148414512	-0.10733370601	0	0.597985153579	-0.0787883564124	0.797625319929	0	-167.665300995	89.6068135503	65.9460384113	1	21459884873	1
0.800393780224	0.0743646104963	-0.594844266413	0	0.0132396020912	-0.994226807974	-0.106478952105	0	0.599328382037	-0.0773495895963	0.796757511087	0	-168.053520666	89.5478276105	65.3288747047	1	21460218207	1
0.801668242916	0.0741021507537	-0.593158410168	0	0.0138484995105	-0.994322631539	-0.105502243916	0	0.597608774501	-0.0763634445511	0.798143080516	0	-168.53637365	89.5279642039	64.7929310292	1	21460551540	1
0.803828563234	0.0734358361453	-0.590310781622	0	0.0139522607999	-0.994405223923	-0.104707139456	0	0.59469738132	-0.0759304194907	0.800355918356	0	-169.376822725	89.5726426496	63.7666581332	1	21460884873	1
0.803156210514	0.073586168538	-0.591206543699	0	0.0132586789749	-0.994304678005	-0.105746937205	0	0.595620944011	-0.0770926915886	0.799557632669	0	-170.068320316	89.5784264752	62.6011677155	1	21461218207	1
0.804505239371	0.0735153048145	-0.589378333316	0	0.0127194083653	-0.994215263995	-0.106650014022	0	0.59380934354	-0.0783039513564	0.80078646013	0	-170.871582168	89.4855964076	61.4714944603	1	21461551540	1
0.805891712535	0.0739092593051	-0.587431671819	0	0.0142331827037	-0.99430944584	-0.105575292674	0	0.591891851758	-0.0767212311033	0.802357706089	0	-171.263391431	89.4036126324	60.8215532972	1	21461884873	1
0.805982091298	0.0742667613913	-0.587262561942	0	0.014072505425	-0.994221867516	-0.106418244415	0	0.591772619422	-0.0775069435971	0.802370139397	0	-172.022920568	89.337390029	59.6396239447	1	21462218207	1
0.80673278093	0.0736863344603	-0.586304139749	0	0.0129552817327	-0.994161729934	-0.1071196313	0	0.590774390819	-0.0788211827394	0.802977484307	0	-172.824668436	89.318383499	58.7299270489	1	21462551540	1
0.808176547847	0.0736381312073	-0.584318486052	0	0.0138159078455	-0.994249828879	-0.106190387819	0	0.588778216479	-0.0777476906867	0.804546772035	0	-173.470947555	89.3679529712	57.8675135101	1	21462884873	1
0.807611648187	0.0738632528591	-0.585070632992	0	0.014586376486	-0.994323397396	-0.105395536015	0	0.58953427664	-0.0765846020287	0.804104555017	0	-173.852795333	89.3343215623	57.1158607794	1	21463218207	1
0.809655217328	0.0724242086073	-0.582420091567	0	0.0129817286682	-0.994324157514	-0.105598032677	0	0.586762220813	-0.0779371784967	0.805999933272	0	-174.847726841	89.2291194418	56.1497451014	1	21463551540	1
0.809464090883	0.0723132440831	-0.582699476833	0	0.0134099871856	-0.994405278074	-0.104777455502	0	0.587016233008	-0.0769995952456	0.805905084062	0	-175.174940902	89.0654575382	55.6328316358	1	21463884873	1
0.809709706137	0.0744304284655	-0.582091318528	0	0.0145853835391	-0.994169992013	-0.106833017216	0	0.586649348737	-0.0780137058404	0.80607468843	0	-175.538661382	88.843758447	54.6944562086	1	21464218207	1
0.810112920068	0.0756723358174	-0.581369722578	0	0.01564918555	-0.994072804301	-0.107584212322	0	0.586064979103	-0.0780573977355	0.806495432677	0	-175.75960488	88.6728400564	54.1899921771	1	21464551540	1
