-0.999785923875	0.0138370708944	-0.0153831690638	0	0.0147525729363	0.998023490911	-0.0610857854294	0	0.0145075157467	-0.0612996497447	-0.998013970307	0	72.1982070661	-42.5603779465	82.8960246236	1	0	0
-0.999785923875	0.0138370708944	-0.0153831690638	0	0.0147641654047	0.997974169622	-0.0618835696109	0	0.0144957180327	-0.0620974414687	-0.997964819982	0	72.2044576573	-42.4278378579	82.6090040169	1	0.0251256281407	0
-0.999785923875	0.0138370708944	-0.0153831690638	0	0.0147770193341	0.997918687751	-0.0627688803157	0	0.0144826144387	-0.0629827603837	-0.99790952785	0	72.2108432476	-42.2850886867	82.3223925374	1	0.0502512562814	0
-0.999785923875	0.0138370708944	-0.0153831690638	0	0.0147903857922	0.99786010618	-0.0636902895443	0	0.0144689636637	-0.0639041779791	-0.997851143772	0	72.2172789725	-42.1386343886	82.0358554338	1	0.0753768844221	0
-0.999785923875	0.0138370708944	-0.0153831690638	0	0.014803923826	0.997799847749	-0.0646243581875	0	0.014455111924	-0.0648382549183	-0.997791085568	0	72.2237306171	-41.9911355162	81.7492232671	1	0.100502512563	0
-0.999785923875	0.0138370708944	-0.0153831690638	0	0.0148174398525	0.997738756096	-0.0655577460016	0	0.0144412567875	-0.0657716508357	-0.997730194015	0	72.2301795734	-41.8440413051	81.4624018253	1	0.125628140704	0
-0.999785923875	0.0138370708944	-0.0153831690638	0	0.0148308069324	0.997677419946	-0.0664816733763	0	0.0144275287945	-0.0666955860477	-0.997669055957	0	72.2366135665	-41.6982995726	81.1753363296	1	0.150753768844	0
-0.999785923875	0.0138370708944	-0.0153831690638	0	0.0148439325357	0.997616301245	-0.0673897110598	0	0.0144140240134	-0.0676036312553	-0.99760813196	0	72.2430232414	-41.5546211147	80.8879954276	1	0.175879396985	0
-0.999785923875	0.0138370708944	-0.0153831690638	0	0.0148567434597	0.997555794451	-0.0682767466382	0	0.014400819253	-0.0684906740132	-0.997547815384	0	72.249400623	-41.4135997842	80.600363263	1	0.201005025126	0
-0.999785923875	0.0138370708944	-0.0153831690638	0	0.0148691779823	0.99749625697	-0.0691384471757	0	0.0143879799664	-0.0693523813635	-0.997488462706	0	72.2557383053	-41.275775735	80.312435305	1	0.226130653266	0
-0.999785923875	0.0138370708944	-0.0153831690638	0	0.0148811814883	0.997438025739	-0.0699709600345	0	0.0143755646461	-0.0701849006532	-0.997430410034	0	72.2620289605	-41.1416733312	80.0242161472	1	0.251256281407	0
-0.999785923875	0.0138370708944	-0.0153831690638	0	0.0148927039572	0.997381426298	-0.0707707414443	0	0.0143636273352	-0.070984688101	-0.997373982148	0	72.2682649987	-41.0118268867	79.735718457	1	0.276381909548	0
-0.999785923875	0.0138370708944	-0.0153831690638	0	0.0149036985698	0.997326777198	-0.0715344619973	0	0.0143522190035	-0.0717484142917	-0.99731949688	0	72.2744382994	-40.8868003997	79.446962686	1	0.301507537688	0
-0.999785923875	0.0138370708944	-0.0153831690638	0	0.0149141210881	0.997274390981	-0.0722589654386	0	0.014341388132	-0.0724729229654	-0.997267266094	0	72.2805399737	-40.767204433	79.1579773578	1	0.326633165829	0
-0.999785923875	0.0138370708944	-0.0153831690638	0	0.0149239298662	0.997224572135	-0.072941271219	0	0.0143311806468	-0.0731552335705	-0.997217593639	0	72.286560134	-40.653711835	78.8687998565	1	0.35175879397	0
-0.999785923875	0.0138370708944	-0.0153831690638	0	0.014933086475	0.997177611881	-0.0735786197988	0	0.0143216392118	-0.0737925865668	-0.997170770138	0	72.292487661	-40.5470731902	78.5794777041	1	0.376884422111	0
-0.999785923875	0.0138370708944	-0.0153831690638	0	0.014941557009	0.997133779266	-0.0741685655792	0	0.0143128018057	-0.0743825363577	-0.997127064114	0	72.2983099617	-40.4481322997	78.2900703574	1	0.402010050251	0
-0.999785923875	0.0138370708944	-0.0153831690638	0	0.0149493142138	0.997093307724	-0.0747091272599	0	0.0143046994348	-0.0749231016474	-0.997086708573	0	72.3040127219	-40.3578414249	78.0006515678	1	0.427135678392	0
-0.999785923875	0.0138370708944	-0.0153831690638	0	0.0149563406266	0.997056375989	-0.075199009128	0	0.0142973527775	-0.0754129867319	-0.99704988197	0	72.3095796669	-40.2772752989	77.7113123514	1	0.452261306533	0
-0.999785923875	0.0138370708944	-0.0153831690638	0	0.0149626329523	0.997023082165	-0.075637908791	0	0.0142907675272	-0.0758518892329	-0.99701668234	0	72.3149923571	-40.2076419065	77.4221645687	1	0.477386934673	0
-0.999785923875	0.0138370708944	-0.0153831690638	0	0.0149682122103	0.996993386762	-0.0760272278589	0	0.0142849236823	-0.0762412107836	-0.996987070495	0	72.3202312907	-40.1502017437	77.1333418626	1	0.502512562814	0
-0.999785923875	0.0138370708944	-0.0153831690638	0	0.0149732843083	0.996966248154	-0.0763812856593	0	0.0142796070816	-0.0765952708136	-0.996960007879	0	72.3253261681	-40.102796618	76.8448552301	1	0.527638190955	0
-0.999785923875	0.0138370708944	-0.0153831690638	0	0.0149780040778	0.996940872624	-0.0767108589822	0	0.0142746563961	-0.0769248461877	-0.996934703089	0	72.3303048969	-40.0634351757	76.5566821044	1	0.552763819095	0
-0.999785923875	0.0138370708944	-0.0153831690638	0	0.0149824405624	0.996916912741	-0.0770207476278	0	0.014269999866	-0.0772347367408	-0.996910809724	0	72.3351766254	-40.0314462611	76.2688316222	1	0.577889447236	0
-0.999785923875	0.0138370708944	-0.0153831690638	0	0.014986651963	0.996894072058	-0.0773150008596	0	0.0142655769011	-0.0775289917647	-0.996888032204	0	72.3399506569	-40.0061589791	75.9813025958	1	0.603015075377	0
-0.999785923875	0.0138370708944	-0.0153831690638	0	0.0149906865332	0.99687210228	-0.0775969781184	0	0.014261337197	-0.0778109707233	-0.996866122956	0	72.3446362256	-39.9869164736	75.6940857271	1	0.628140703518	0
-0.999785923875	0.0138370708944	-0.0153831690638	0	0.0149945836977	0.99685079876	-0.0778694257839	0	0.0142572396037	-0.078083420015	-0.996844877921	0	72.3492423295	-39.9730857433	75.4071655838	1	0.653266331658	0
-0.999785923875	0.0138370708944	-0.0153831690638	0	0.0149983752482	0.996829995198	-0.0781345596589	0	0.0142532509027	-0.0783485554573	-0.996824131277	0	72.3537776159	-39.9640640971	75.120522285	1	0.678391959799	0
-0.999785923875	0.0138370708944	-0.0153831690638	0	0.0150020865174	0.996809558162	-0.0783941461854	0	0.0142493445992	-0.0786081435035	-0.99680374997	0	72.3582503073	-39.9592829205	74.8341328923	1	0.70351758794	0
-0.999785923875	0.0138370708944	-0.0153831690638	0	0.0150057374697	0.99678938182	-0.0786495780899	0	0.0142454997937	-0.0788635768894	-0.996783628465	0	72.3626681608	-39.9582093981	74.5479725241	1	0.72864321608	0
-0.999785923875	0.0138370708944	-0.0153831690638	0	0.0150093436782	0.996769383116	-0.0789019422112	0	0.01424170017	-0.0791159424605	-0.996763683942	0	72.3670384511	-39.9603467527	74.2620152264	1	0.753768844221	0
-0.999785923875	0.0138370708944	-0.0153831690638	0	0.015012917176	0.996749497496	-0.0791520786801	0	0.0142379331101	-0.0793660803528	-0.996743852025	0	72.3713679713	-39.9652334594	73.9762346404	1	0.778894472362	0
-0.999785923875	0.0138370708944	-0.0153831690638	0	0.0150164671836	0.996729675203	-0.0794006315009	0	0.0142341889374	-0.0796146345748	-0.996724083098	0	72.3756630452	-39.972441793	73.6906045015	1	0.804020100503	0
-0.999785923875	0.0138370708944	-0.0153831690638	0	0.0150200007196	0.996709878129	-0.0796480911139	0	0.0142304602795	-0.0798620955696	-0.996704339156	0	72.3799295476	-39.9815759765	73.405099006	1	0.829145728643	0
-0.999785923875	0.0138370708944	-0.0153831690638	0	0.0150235231094	0.996690077167	-0.0798948298112	0	0.0142267415371	-0.0801088356316	-0.996684591172	0	72.384172928	-39.9922701266	73.1196930721	1	0.854271356784	0
-0.999785923875	0.0138370708944	-0.0153831690638	0	0.0150270384025	0.996670250016	-0.0801411308293	0	0.014223028448	-0.0803551379988	-0.996664816906	0	72.388398238	-40.0041861303	72.8343625215	1	0.879396984925	0
-0.999785923875	0.0138370708944	-0.0153831690638	0	0.0150305497131	0.99665037937	-0.0803872121463	0	0.0142193177299	-0.0806012206508	-0.996644999101	0	72.3926101582	-40.0170115473	72.549084199	1	0.904522613065	0
-0.999785923875	0.0138370708944	-0.0153831690638	0	0.0150340594965	0.996630451441	-0.0806332457259	0	0.0142156067911	-0.080847255552	-0.996625124003	0	72.3968130246	-40.030457595	72.2638360461	1	0.929648241206	0
-0.999785923875	0.0138370708944	-0.0153831690638	0	0.0150375697701	0.996610454749	-0.0808793730198	0	0.0142118934978	-0.0810933841551	-0.996605180164	0	72.4010108547	-40.0442572529	71.9785971404	1	0.954773869347	0
-0.999785923875	0.0138370708944	-0.0153831690638	0	0.0150410822907	0.996590379159	-0.0811257173256	0	0.014208175988	-0.0813397297581	-0.996585157474	0	72.4052073715	-40.0581635044	71.6933477096	1	0.979899497487	0
-0.999785923875	0.0138370708944	-0.0153831690638	0	0.0150445986945	0.996570215094	-0.0813723935823	0	0.0142044525239	-0.0815864073009	-0.996565046383	0	72.4094060257	-40.0719477243	71.4080691281	1	1.00502512563	0
-0.999785923875	0.0138370708944	-0.0153831690638	0	0.0150481206062	0.996549952919	-0.0816195160664	0	0.0142007213761	-0.08183353106	-0.996544837279	0	72.4136100166	-40.0853982101	71.1227438985	1	1.03015075377	0
-0.999785923875	0.0138370708944	-0.0153831690638	0	0.0150516497243	0.99652958245	-0.081867204315	0	0.0141969807339	-0.0820812205735	-0.996524520003	0	72.4178223106	-40.0983188533	70.8373556265	1	1.05527638191	0
-0.999785923875	0.0138370708944	-0.0153831690638	0	0.0150551878853	0.996509092571	-0.0821155876905	0	0.0141932286362	-0.0823296052042	-0.996504083468	0	72.4220456582	-40.1105279421	70.5518889859	1	1.08040201005	0
-0.999785923875	0.0138370708944	-0.0153831690638	0	0.0150587371119	0.996488470939	-0.0823648087567	0	0.0141894629206	-0.0825788275165	-0.996483515362	0	72.4262826102	-40.1218570848	70.2663296823	1	1.10552763819	0
-0.999785923875	0.0138370708944	-0.0153831690638	0	0.0150622996473	0.996467703771	-0.0826150257008	0	0.0141856811862	-0.0828290456982	-0.996462801934	0	72.4305355306	-40.1321502445	69.9806644115	1	1.13065326633	0
-0.999785923875	0.0138370708944	-0.0153831690638	0	0.0150658779786	0.996446775674	-0.0828664140065	0	0.0141818807679	-0.0830804352337	-0.996441927831	0	72.4348066102	-40.1412628738	69.6948808177	1	1.15577889447	0
-0.999785923875	0.0138370708944	-0.0153831690638	0	0.0150694748513	0.996425669542	-0.0831191674987	0	0.0141780587207	-0.0833331899488	-0.996420875988	0	72.4390978774	-40.1490611393	69.4089674485	1	1.18090452261	0
-0.999785923875	0.0138370708944	-0.0153831690638	0	0.0150730934247	0.996404365608	-0.08337350929	0	0.0141742116533	-0.0835875329566	-0.996399626685	0	72.4434114041	-40.1554081985	69.1229127367	1	1.20603015075	0
-0.999785923875	0.0138370708944	-0.0153831690638	0	0.0150767345646	0.99638285742	-0.0836295014567	0	0.0141703386075	-0.0838435263338	-0.996378173484	0	72.4477460406	-40.1603821355	68.8367211669	1	1.23115577889	0
-0.999785923875	0.0138370708944	-0.0153831690638	0	0.0150803969569	0.996361151389	-0.0838870528182	0	0.0141664409435	-0.0841010788989	-0.996356522776	0	72.4520983972	-40.1642107541	68.5504081407	1	1.25628140704	0
-0.999785923875	0.0138370708944	-0.0153831690638	0	0.0150840790341	0.996339255528	-0.0841460542959	0	0.0141625202939	-0.0843600815726	-0.996334682552	0	72.4564654048	-40.1671006921	68.2639872458	1	1.28140703518	0
-0.999785923875	0.0138370708944	-0.0153831690638	0	0.015087779087	0.996317178815	-0.0844063867291	0	0.0141585784458	-0.0846204151934	-0.996312661763	0	72.4608442774	-40.1692398654	67.9774705283	1	1.30653266332	0
-0.999785923875	0.0138370708944	-0.0153831690638	0	0.0150914953367	0.996294930774	-0.0846679259432	0	0.0141546172638	-0.0848819555859	-0.996290469906	0	72.4652324679	-40.1708003217	67.6908687744	1	1.33165829146	0
-0.999785923875	0.0138370708944	-0.0153831690638	0	0.0150952259879	0.996272521166	-0.0849305464648	0	0.0141506386342	-0.0851445772759	-0.996268116717	0	72.4696276318	-40.1719406137	67.404191742	1	1.3567839196	0
-0.999785923875	0.0138370708944	-0.0153831690638	0	0.0150989692666	0.996249959762	-0.0851941242154	0	0.0141466444243	-0.0854081561843	-0.99624561194	0	72.4740275966	-40.1728077874	67.1174483546	1	1.38190954774	0
-0.999785923875	0.0138370708944	-0.0153831690638	0	0.015102723448	0.996227256178	-0.0854585384409	0	0.0141426364528	-0.0856725715563	-0.996222965162	0	72.4784303362	-40.1735390583	66.8306468657	1	1.40703517588	0
-0.999785923875	0.0138370708944	-0.0153831690638	0	0.0151064868752	0.99620441975	-0.0857236730753	0	0.0141386164695	-0.0859377073251	-0.996200185698	0	72.4828339491	-40.174263236	66.5437950038	1	1.43216080402	0
-0.999785923875	0.0138370708944	-0.0153831690638	0	0.0151102579732	0.996181459451	-0.0859894176646	0	0.0141345861406	-0.0862034530362	-0.996177282495	0	72.4872366392	-40.1751019413	66.2569001025	1	1.45728643216	0
-0.999785923875	0.0138370708944	-0.0153831690638	0	0.0151140352552	0.99615838384	-0.086255667889	0	0.0141305470413	-0.0864697043694	-0.996154264091	0	72.4916366995	-40.1761706538	65.9699692233	1	1.4824120603	0
-0.999785923875	0.0138370708944	-0.0153831690638	0	0.0151178173257	0.996135201038	-0.0865223257498	0	0.0141265006526	-0.0867363633254	-0.996131138584	0	72.496032498	-40.1775796184	65.6830092784	1	1.50753768844	0
-0.999785923875	0.0138370708944	-0.0153831690638	0	0.015121602878	0.99611191873	-0.0867892994011	0	0.0141224483636	-0.0870033380578	-0.996107913641	0	72.5004224642	-40.1794346342	65.3960271581	1	1.53266331658	0
-0.999785923875	0.0138370708944	-0.0153831690638	0	0.0151253906859	0.996088544213	-0.0870565025953	0	0.0141183914799	-0.0872705423187	-0.996084596541	0	72.5048050782	-40.1818377454	65.1090298732	1	1.55778894472	0
-0.999785923875	0.0138370708944	-0.0153831690638	0	0.0151291795885	0.99606508448	-0.0873238535808	0	0.0141143312404	-0.087537894356	-0.996061194257	0	72.5091788588	-40.1848878478	64.8220247236	1	1.58291457286	0
-0.999785923875	0.0138370708944	-0.0153831690638	0	0.0151329684651	0.996041546369	-0.0875912733841	0	0.0141102688428	-0.0878053151961	-0.996037713612	0	72.5135423534	-40.1886812232	64.5350195078	1	1.60804020101	0
-0.999785923875	0.0138370708944	-0.0153831690638	0	0.0151367561971	0.996017936797	-0.0878586830731	0	0.014106205486	-0.0880727259064	-0.996014161505	0	72.5178941274	-40.1933120106	64.2480227956	1	1.63316582915	0
-0.999785923875	0.0138370708944	-0.0153831690638	0	0.0151405416095	0.995994263128	-0.0881259996593	0	0.0141021424314	-0.0883400434981	-0.995990545283	0	72.5222327524	-40.1988726201	63.9610442975	1	1.65829145729	0
-0.999785923875	0.0138370708944	-0.0153831690638	0	0.0151443233825	0.995970533734	-0.0883931298432	0	0.0140980810988	-0.0886071746714	-0.995966873298	0	72.5265567935	-40.2054540909	63.6740953848	1	1.68341708543	0
-0.999785923875	0.0138370708944	-0.0153831690638	0	0.0151480999173	0.995946758855	-0.0886599604918	0	0.0140940232112	-0.088874006293	-0.995943155765	0	72.5308647933	-40.2131463944	63.3871898392	1	1.70854271357	0
-0.999785923875	0.0138370708944	-0.0153831690638	0	0.0151518691272	0.995922951952	-0.0889263438894	0	0.0140899710196	-0.0891403906467	-0.995919406113	0	72.5351552518	-40.2220386713	63.1003449713	1	1.73366834171	0
-0.999785923875	0.0138370708944	-0.0153831690638	0	0.0151556281101	0.995899131832	-0.0891920744952	0	0.0140859276575	-0.089406122191	-0.995895643106	0	72.5394265975	-40.23221939	62.8135833408	1	1.75879396985	0
-0.999785923875	0.0138370708944	-0.0153831690638	0	0.0151593726167	0.995875326122	-0.0894568512955	0	0.0140818977149	-0.0896708999113	-0.995871894305	0	72.5436771449	-40.2437763869	62.5269354862	1	1.78391959799	0
-0.999785923875	0.0138370708944	-0.0153831690638	0	0.0151630966217	0.995851574142	-0.0897202473216	0	0.0140778877047	-0.0899342968376	-0.995848198939	0	72.547905059	-40.25679693	62.2404421621	1	1.80904522613	0
-0.999785923875	0.0138370708944	-0.0153831690638	0	0.0151667965647	0.995827899907	-0.089982009581	0	0.014073901497	-0.0901960599768	-0.995824580969	0	72.5521086476	-40.2713698558	61.9541334551	1	1.83417085427	0
-0.999785923875	0.0138370708944	-0.0153831690638	0	0.0151704682009	0.995804332118	-0.0902418363645	0	0.014069943708	-0.090455887619	-0.995801069029	0	72.556286135	-40.2875844016	61.6680444901	1	1.85929648241	0
-0.999785923875	0.0138370708944	-0.0153831690638	0	0.0151741066176	0.995780904113	-0.0904993784053	0	0.0140660196836	-0.0907134304966	-0.995777696385	0	72.5604356589	-40.3055304264	61.3822154773	1	1.88442211055	0
-0.999785923875	0.0138370708944	-0.0153831690638	0	0.0151777065546	0.995757651865	-0.0907542614738	0	0.0140621351553	-0.0909683143791	-0.995754498927	0	72.5645552875	-40.3252987568	61.0966902696	1	1.90954773869	0
-0.999785923875	0.0138370708944	-0.0153831690638	0	0.0151812624089	0.995734613968	-0.0910060867043	0	0.0140582962358	-0.0912201404002	-0.995731515165	0	72.5686430151	-40.3469813795	60.8115164884	1	1.93467336683	0
-0.999785923875	0.0138370708944	-0.0153831690638	0	0.0151847682575	0.995711831515	-0.0912544321846	0	0.0140545093955	-0.0914684866466	-0.9957087861	0	72.5726967584	-40.3706716316	60.526745575	1	1.95979899497	0
-0.999785923875	0.0138370708944	-0.0153831690638	0	0.0151882179027	0.995689347819	-0.0914988561534	0	0.0140507814132	-0.0917129113566	-0.995686354949	0	72.5767143546	-40.3964643887	60.24243274	1	1.98492462312	0
-0.999785923875	0.0138370708944	-0.0153831690638	0	0.0151916049471	0.995667207928	-0.0917389023019	0	0.0140471192959	-0.0919529582205	-0.995664266665	0	72.5806935622	-40.4244562556	59.9586367823	1	2.01005025126	0
-0.999785923875	0.0138370708944	-0.0153831690638	0	0.0151949229045	0.9956454579	-0.0919741076638	0	0.0140435301583	-0.0921881642712	-0.995642567204	0	72.584632063	-40.4547457613	59.67541974	1	2.0351758794	0
-0.999785923875	0.0138370708944	-0.0153831690638	0	0.0151981653558	0.995624143761	-0.09220401363	0	0.0140400210542	-0.0924180708991	-0.995621302494	0	72.5885274679	-40.4874335611	59.3928463379	1	2.06030150754	0
-0.999785923875	0.0138370708944	-0.0153831690638	0	0.0152013261543	0.995603310115	-0.092428180607	0	0.0140365987523	-0.0926422385104	-0.995600517044	0	72.5923773265	-40.5226226492	59.1109831974	1	2.08542713568	0
-0.999785923875	0.0138370708944	-0.0153831690638	0	0.0152043996906	0.995582998346	-0.0926462067965	0	0.0140332694491	-0.0928602653065	-0.995580252152	0	72.59617914	-40.5604185802	58.829897775	1	2.11055276382	0
-0.999785923875	0.0138370708944	-0.0153831690638	0	0.0152073812177	0.995563244384	-0.092857751359	0	0.0140300384134	-0.0930718104477	-0.995560543675	0	72.5999303788	-40.6009297033	58.5496570107	1	2.13567839196	0
-0.999785923875	0.0138370708944	-0.0153831690638	0	0.0152102656289	0.995544086736	-0.0930624477717	0	0.0140269113093	-0.0932765074112	-0.995541430039	0	72.6036306312	-40.6441294365	58.2703115762	1	2.1608040201	0
-0.999785923875	0.0138370708944	-0.0153831690638	0	0.0152130422198	0.995525601401	-0.0932595319595	0	0.0140238998784	-0.0934735921207	-0.995522987082	0	72.6072875485	-40.6894735677	57.9918537133	1	2.18592964824	0
-0.999785923875	0.0138370708944	-0.0153831690638	0	0.0152157048373	0.995507834465	-0.0934485625664	0	0.0140210109367	-0.0936626232202	-0.995505260792	0	72.610902855	-40.73681091	57.7143073413	1	2.21105527638	0
-0.999785923875	0.0138370708944	-0.0153831690638	0	0.0152182495163	0.995490817524	-0.0936292534792	0	0.0140182489293	-0.0938433145966	-0.995488282705	0	72.6144774871	-40.7860512486	57.4376927574	1	2.23618090452	0
-0.999785923875	0.0138370708944	-0.0153831690638	0	0.0152206743901	0.995474568106	-0.09380146761	0	0.0140156160226	-0.0940155291627	-0.995472070318	0	72.6180124852	-40.8371097021	57.1620186916	1	2.26130653266	0
-0.999785923875	0.0138370708944	-0.0153831690638	0	0.0152229801558	0.995459086375	-0.0939652501128	0	0.0140131115944	-0.0941793120735	-0.995456623807	0	72.6215090283	-40.8899066602	56.8872801246	1	2.2864321608	0
-0.999785923875	0.0138370708944	-0.0153831690638	0	0.0152251704715	0.995444352291	-0.0941208567567	0	0.0140107317973	-0.0943349190998	-0.995441923184	0	72.6249684637	-40.9443677097	56.613456426	1	2.31155778894	0
-0.999785923875	0.0138370708944	-0.0153831690638	0	0.0152272522477	0.995430323471	-0.0942687748024	0	0.0140084692372	-0.0944828375041	-0.995427926174	0	72.6283923293	-41.0004235292	56.3405100028	1	2.33668341709	0
-0.999785923875	0.0138370708944	-0.0153831690638	0	0.0152292357977	0.995416934024	-0.0944097337998	0	0.0140063128054	-0.0946237968389	-0.995414567039	0	72.6317823658	-41.0580097337	56.0683856379	1	2.36180904523	0
-0.999785923875	0.0138370708944	-0.0153831690638	0	0.0152311348181	0.995404094532	-0.0945447043563	0	0.0140042476961	-0.0947587677143	-0.995401756573	0	72.6351405171	-41.1170666538	55.7970106598	1	2.38693467337	0
-0.999785923875	0.0138370708944	-0.0153831690638	0	0.0152329661843	0.995391693326	-0.0946748836741	0	0.0140022556258	-0.0948889473361	-0.995389383363	0	72.6384689178	-41.1775390399	55.5262960282	1	2.41206030151	0
-0.999785923875	0.0138370708944	-0.0153831690638	0	0.0152347495583	0.995379599041	-0.0948016678065	0	0.0140003152564	-0.0950157317609	-0.995377316343	0	72.6417698678	-41.2393756904	55.256138338	1	2.43718592965	0
-0.999785923875	0.0138370708944	-0.0153831690638	0	0.0152365068274	0.995367664352	-0.0949266117679	0	0.0139984028046	-0.0951406760072	-0.995365408525	0	72.6450457939	-41.3025290095	54.9864226677	1	2.46231155779	0
-0.999785923875	0.0138370708944	-0.0153831690638	0	0.0152382614036	0.995355730675	-0.0950513797987	0	0.0139964928027	-0.0952654443191	-0.995353501681	0	72.648299203	-41.3669545095	54.717026108	1	2.48743718593	0
-0.999785923875	0.0138370708944	-0.0153831690638	0	0.0152400374314	0.995343633506	-0.0951776890759	0	0.0139945589595	-0.0953917538773	-0.995341431676	0	72.6515326279	-41.4326102788	54.4478217443	1	2.51256281407	0
-0.999785923875	0.0138370708944	-0.0153831690638	0	0.0152418589573	0.995331208043	-0.0953072506738	0	0.0139925750635	-0.0955213157601	-0.995329034078	0	72.6547485708	-41.4994564402	54.1786828246	1	2.53768844221	0
-0.999785923875	0.0138370708944	-0.0153831690638	0	0.0152437491181	0.995318294693	-0.0954417118576	0	0.0139905158663	-0.0956557772356	-0.995316149647	0	72.6579494478	-41.567454626	53.9094868303	1	2.56281407035	0
-0.999785923875	0.0138370708944	-0.0153831690638	0	0.015245729401	0.995304744112	-0.095582603458	0	0.0139883578884	-0.0957966691375	-0.995302629367	0	72.6611375386	-41.6365674946	53.6401191867	1	2.58793969849	0
-0.999785923875	0.0138370708944	-0.0153831690638	0	0.0152478190186	0.995290421482	-0.0957312954118	0	0.0139860800998	-0.0959453614049	-0.995288338718	0	72.6643149442	-41.7067583071	53.3704763975	1	2.61306532663	0
-0.999785923875	0.0138370708944	-0.0153831690638	0	0.0152500344306	0.995275209819	-0.0958889627051	0	0.0139836644427	-0.0961030290254	-0.995273160967	0	72.6674835544	-41.7779905802	53.1004684484	1	2.63819095477	0
-0.999785923875	0.0138370708944	-0.0153831690638	0	0.0152523890278	0.995259012203	-0.0960565628058	0	0.0139810961776	-0.0962706294681	-0.995256999398	0	72.6706450274	-41.8502278187	52.830020403	1	2.66331658291	0
-0.999785923875	0.0138370708944	-0.0153831690638	0	0.0152548929795	0.995241752915	-0.0962348247504	0	0.0139783640519	-0.0964488917698	-0.995239778453	0	72.6738007801	-41.9234333323	52.5590731796	1	2.68844221106	0
-0.999785923875	0.0138370708944	-0.0153831690638	0	0.0152575532333	0.995223377577	-0.096424248994	0	0.0139754603043	-0.0966383163853	-0.995221443858	0	72.6769519891	-41.9975701259	52.2875835738	1	2.7135678392	0
-0.999785923875	0.0138370708944	-0.0153831690638	0	0.0152603736462	0.995203852403	-0.0966251165982	0	0.0139723805259	-0.0968391843754	-0.995201961891	0	72.6800996016	-42.0726008576	52.0155236226	1	2.73869346734	0
-0.999785923875	0.0138370708944	-0.0153831690638	0	0.0152633552188	0.995183162773	-0.0968375057487	0	0.0139691234101	-0.0970515739245	-0.995181317947	0	72.6832443525	-42.1484878478	51.7428794565	1	2.76381909548	0
-0.999785923875	0.0138370708944	-0.0153831690638	0	0.0152664964042	0.995161311294	-0.097061313562	0	0.0139656904206	-0.0972753821473	-0.99515951461	0	72.6863867871	-42.225193128	51.4696497767	1	2.78894472362	0
-0.999785923875	0.0138370708944	-0.0153831690638	0	0.0152697201828	0.995138827319	-0.0972910582134	0	0.0139621655527	-0.0975051272078	-0.995137080055	0	72.689522158	-42.3026426906	51.1962097104	1	2.81407035176	0
-0.999785923875	0.0138370708944	-0.0153831690638	0	0.0152728676679	0.995116818777	-0.0975154167323	0	0.0139587225269	-0.0977294861152	-0.995115119777	0	72.6926399779	-42.3807227804	50.9233431656	1	2.8391959799	0
-0.999785923875	0.0138370708944	-0.0153831690638	0	0.015275936904	0.995095303425	-0.0977342460565	0	0.0139553635957	-0.0979483158078	-0.995093651501	0	72.695740737	-42.459396628	50.651051359	1	2.86432160804	0
-0.999785923875	0.0138370708944	-0.0153831690638	0	0.0152789321043	0.99507425566	-0.097947843045	0	0.0139520842577	-0.098161913146	-0.995072649686	0	72.6988253505	-42.5386310969	50.3793046136	1	2.88944723618	0
-0.999785923875	0.0138370708944	-0.0153831690638	0	0.0152818581194	0.995053645004	-0.0981565503551	0	0.0139488793027	-0.0983706207882	-0.995052083929	0	72.7018947726	-42.6183939143	50.1080699444	1	2.91457286432	0
-0.999785923875	0.0138370708944	-0.0153831690638	0	0.0152847203623	0.995033436603	-0.0983607511387	0	0.0139457428927	-0.0985748218877	-0.99503191946	0	72.7049499923	-42.698653563	49.8373114273	1	2.93969849246	0
-0.999785923875	0.0138370708944	-0.0153831690638	0	0.0152875247358	0.995013591715	-0.0985608638887	0	0.0139426686411	-0.0987749349384	-0.995012117624	0	72.7079920292	-42.779379174	49.5669905551	1	2.9648241206	0
-0.999785923875	0.0138370708944	-0.0153831690638	0	0.015290277563	0.994994068176	-0.0987573374797	0	0.0139396496882	-0.0989714088164	-0.994992636356	0	72.71102193	-42.860540422	49.297066578	1	2.98994974874	0
-0.999785923875	0.0138370708944	-0.0153831690638	0	0.0152929855206	0.99497482087	-0.0989506464316	0	0.013936678774	-0.0991647180424	-0.99497343064	0	72.714040765	-42.9421074197	49.02749683	1	3.01507537688	0
-0.999785923875	0.0138370708944	-0.0153831690638	0	0.0152956555749	0.994955802167	-0.0991412863313	0	0.0139337483082	-0.0993553582045	-0.994954452955	0	72.7170496242	-43.0240506148	48.758237041	1	3.04020100503	0
-0.999785923875	0.0138370708944	-0.0153831690638	0	0.0152982949202	0.994936962359	-0.0993297694773	0	0.0139308504376	-0.0995438416023	-0.994935653701	0	72.7200496147	-43.1063406857	48.4892416327	1	3.06532663317	0
-0.999785923875	0.0138370708944	-0.0153831690638	0	0.0153009109203	0.994918250078	-0.0995166206531	0	0.0139279771105	-0.0997306930201	-0.994916981624	0	72.7230418576	-43.1889484381	48.2204640051	1	3.09045226131	0
-0.999785923875	0.0138370708944	-0.0153831690638	0	0.0153035110517	0.994899612697	-0.0997023731168	0	0.0139251201385	-0.0999164457169	-0.99489838421	0	72.7260274853	-43.2718447	47.9518568064	1	3.11557788945	0
-0.999785923875	0.0138370708944	-0.0153831690638	0	0.015306102849	0.994880996722	-0.0998875646723	0	0.0139222712571	-0.100101637497	-0.994879808084	0	72.7290076386	-43.3550002158	47.6833721962	1	3.14070351759	0
-0.999785923875	0.0138370708944	-0.0153831690638	0	0.0153086938518	0.994862348179	-0.100072733887	0	0.0139194221839	-0.100286806929	-0.994861199385	0	72.731983465	-43.4383855381	47.4149620967	1	3.16582914573	0
-0.999785923875	0.0138370708944	-0.0153831690638	0	0.0153112915533	0.994843612982	-0.100258416407	0	0.013916564675	-0.10047248966	-0.994842504143	0	72.7349561158	-43.5219709169	47.1465784374	1	3.19095477387	0
-0.999785923875	0.0138370708944	-0.0153831690638	0	0.0153139033497	0.994824737299	-0.100445141353	0	0.0139136905809	-0.100659214811	-0.994823668641	0	72.7379267443	-43.6057261851	46.8781733916	1	3.21608040201	0
-0.999785923875	0.0138370708944	-0.0153831690638	0	0.0153165715323	0.994805413879	-0.100635933706	0	0.0139107533181	-0.100850007365	-0.994804386277	0	72.7408821968	-43.6905271369	46.6098140884	1	3.24120603015	0
-0.999785923875	0.0138370708944	-0.0153831690638	0	0.0153193573032	0.994785195453	-0.100835173422	0	0.0139076854006	-0.101049247283	-0.994784210726	0	72.7438023861	-43.7776861415	46.341625557	1	3.26633165829	0
-0.999785923875	0.0138370708944	-0.0153831690638	0	0.0153222657835	0.994764039078	-0.101043231981	0	0.0139044810274	-0.101257306042	-0.994763099125	0	72.7466903856	-43.8670461595	46.0735493124	1	3.29145728643	0
-0.999785923875	0.0138370708944	-0.0153831690638	0	0.0153253008152	0.994741910551	-0.101260389833	0	0.013901135792	-0.101474464094	-0.994741017331	0	72.7495493591	-43.9584436134	45.805526877	1	3.31658291457	0
-0.999785923875	0.0138370708944	-0.0153831690638	0	0.0153284656727	0.994718779275	-0.10148688732	0	0.0138976458979	-0.101700961779	-0.994717934799	0	72.7523822883	-44.0517253164	45.5375022362	1	3.34170854271	0
-0.999785923875	0.0138370708944	-0.0153831690638	0	0.0153317630672	0.994694618256	-0.101722924917	0	0.0138940081558	-0.101936999571	-0.994693824579	0	72.755191988	-44.1467472686	45.2694219989	1	3.36683417085	0
-0.999785923875	0.0138370708944	-0.0153831690638	0	0.0153351951386	0.994669404185	-0.101968662682	0	0.0138902199927	-0.102182737525	-0.994668663395	0	72.7579811174	-44.2433735691	45.00123556	1	3.39195979899	0
-0.999785923875	0.0138370708944	-0.0153831690638	0	0.0153387634403	0.99464311759	-0.102224219083	0	0.0138862794695	-0.102438294109	-0.994642431803	0	72.7607521924	-44.3414754256	44.7328952664	1	3.41708542714	0
-0.999785923875	0.0138370708944	-0.0153831690638	0	0.0153424689156	0.994615743057	-0.102489669285	0	0.0138821853091	-0.102703744487	-0.994615114403	0	72.7635075947	-44.4409302505	44.4643565852	1	3.44221105528	0
-0.999785923875	0.0138370708944	-0.0153831690638	0	0.0153463118686	0.994587269495	-0.102765043041	0	0.0138779369293	-0.102979118409	-0.994586700111	0	72.7662495812	-44.5416208309	44.1955782735	1	3.46733668342	0
-0.999785923875	0.0138370708944	-0.0153831690638	0	0.0153502919315	0.994557690444	-0.103050322252	0	0.0138735344811	-0.103264397774	-0.994557182465	0	72.7689802917	-44.64343456	43.926522549	1	3.49246231156	0
-0.999785923875	0.0138370708944	-0.0153831690638	0	0.0153544080279	0.99452700443	-0.103345438282	0	0.0138689788916	-0.103559513946	-0.994526559975	0	72.7717017563	-44.7462627226	43.6571552595	1	3.5175879397	0
-0.999785923875	0.0138370708944	-0.0153831690638	0	0.015358658334	0.994495215337	-0.103650269109	0	0.0138642719088	-0.103864344899	-0.994494836499	0	72.7744159021	-44.8499998245	43.3874460495	1	3.54271356784	0
-0.999785923875	0.0138370708944	-0.0153831690638	0	0.015363040239	0.994462332811	-0.10396463637	0	0.0138594161493	-0.104178712269	-0.994462021645	0	72.7771245595	-44.9545429577	43.1173685199	1	3.56783919598	0
-0.999785923875	0.0138370708944	-0.0153831690638	0	0.0153675503047	0.994428372676	-0.104288302384	0	0.0138544151452	-0.104502378372	-0.994428131187	0	72.7798294684	-45.0597911935	42.846900381	1	3.59296482412	0
-0.999785923875	0.0138370708944	-0.0153831690638	0	0.0153721842267	0.994393357364	-0.104620967219	0	0.0138492733918	-0.104835043277	-0.994393187491	0	72.7825322838	-45.1656449983	42.5760235909	1	3.61809045226	0
-0.999785923875	0.0138370708944	-0.0153831690638	0	0.0153769367965	0.994357316342	-0.104962265851	0	0.0138439963933	-0.105176341955	-0.994357219945	0	72.7852345823	-45.2720056634	42.3047244803	1	3.6432160804	0
-0.999785923875	0.0138370708944	-0.0153831690638	0	0.0153818018664	0.994320286535	-0.105311765517	0	0.0138385907059	-0.105525841641	-0.994320265384	0	72.7879378679	-45.378774743	42.032993855	1	3.66834170854	0
-0.999785923875	0.0138370708944	-0.0153831690638	0	0.0153867723185	0.994282312741	-0.105668963313	0	0.0138330639774	-0.105883039431	-0.994282368496	0	72.7906435784	-45.4858534945	41.7608270751	1	3.69346733668	0
-0.999785923875	0.0138370708944	-0.0153831690638	0	0.0153918400378	0.994243448015	-0.106033284109	0	0.013827424982	-0.106247360192	-0.994243582212	0	72.793353093	-45.5931423141	41.4882241038	1	3.71859296482	0
-0.999785923875	0.0138370708944	-0.0153831690638	0	0.0153969958915	0.994203754025	-0.10640407887	0	0.0138216836493	-0.106618154888	-0.994203968062	0	72.7960677397	-45.7005401601	41.2151895225	1	3.74371859296	0
-0.999785923875	0.0138370708944	-0.0153831690638	0	0.0154022297141	0.994163301365	-0.106780623423	0	0.0138158510855	-0.106994699344	-0.994163596483	0	72.7987888038	-45.8079439585	40.9417325053	1	3.76884422111	0
-0.999785923875	0.0138370708944	-0.0153831690638	0	0.0154075303012	0.994122169816	-0.1071621178	0	0.0138099395872	-0.107376193592	-0.994122547083	0	72.8015175378	-45.9152479798	40.66786675	1	3.79396984925	0
-0.999785923875	0.0138370708944	-0.0153831690638	0	0.01541288541	0.994080448542	-0.107547686123	0	0.0138039626455	-0.107761761754	-0.994080908839	0	72.8042551724	-46.0223431816	40.3936103597	1	3.81909547739	0
-0.999785923875	0.0138370708944	-0.0153831690638	0	0.0154182817712	0.994038236216	-0.107936377221	0	0.0137979349399	-0.108150452655	-0.99403878022	0	72.8070029286	-46.1291165032	40.11898567	1	3.84422110553	0
-0.999785923875	0.0138370708944	-0.0153831690638	0	0.0154237076688	0.99399562091	-0.108327350438	0	0.0137918694574	-0.108541425641	-0.993996249116	0	72.8097622114	-46.2354515129	39.8440061033	1	3.86934673367	0
-0.999785923875	0.0138370708944	-0.0153831690638	0	0.0154291458826	0.993952735653	-0.108719366924	0	0.0137857853863	-0.108933441863	-0.993953448289	0	72.8125341292	-46.3412236784	39.5687116337	1	3.89447236181	0
-0.999785923875	0.0138370708944	-0.0153831690638	0	0.0154345749037	0.993909749683	-0.109110876551	0	0.0137797067794	-0.109324951192	-0.993910546643	0	72.8153195945	-46.4463000432	39.2931625512	1	3.91959798995	0
-0.999785923875	0.0138370708944	-0.0153831690638	0	0.0154399769007	0.993866805689	-0.10950059207	0	0.0137736536434	-0.109714666383	-0.993867686589	0	72.8181198984	-46.550542564	39.0173991139	1	3.94472361809	0
-0.999785923875	0.0138370708944	-0.0153831690638	0	0.0154453367427	0.993824027025	-0.109887419123	0	0.0137676430186	-0.110101493077	-0.993824991247	0	72.8209366613	-46.6538064083	38.7414462874	1	3.96984924623	0
-0.999785923875	0.0138370708944	-0.0153831690638	0	0.015450641285	0.993781522993	-0.110270405101	0	0.0137616897678	-0.110484478667	-0.993782569715	0	72.8237718042	-46.7559382137	38.4653171634	1	3.99497487437	0
-0.999785923875	0.0138370708944	-0.0153831690638	0	0.0154558788672	0.993739392546	-0.110648703157	0	0.013755807131	-0.110862776309	-0.993740520759	0	72.8266275382	-46.8567742466	38.189015321	1	4.02010050251	0
-0.999785923875	0.0138370708944	-0.0153831690638	0	0.0154610389571	0.993697726894	-0.111021546739	0	0.0137500071181	-0.111235619453	-0.993698935427	0	72.8295063669	-46.9561383818	37.9125364618	1	4.04522613065	0
-0.999785923875	0.0138370708944	-0.0153831690638	0	0.0154661119024	0.993656611308	-0.111388231818	0	0.0137443007827	-0.111602304071	-0.993657898837	0	72.8324111012	-47.0538398256	37.635869527	1	4.07035175879	0
-0.999785923875	0.0138370708944	-0.0153831690638	0	0.0154710887638	0.9936161263	-0.111748104991	0	0.0137386984043	-0.111962176764	-0.993617491362	0	72.8353448836	-47.1496704997	37.3589974357	1	4.09547738693	0
-0.999785923875	0.0138370708944	-0.0153831690638	0	0.0154759612167	0.993576348278	-0.112100556497	0	0.0137332095958	-0.112314627772	-0.993577789276	0	72.8383112239	-47.2434019912	37.0818975371	1	4.12060301508	0
-0.999785923875	0.0138370708944	-0.0153831690638	0	0.0154807215143	0.993537349706	-0.112445017677	0	0.0137278433404	-0.112659088439	-0.993538864921	0	72.8413140453	-47.3347819559	36.8045418365	1	4.14572864322	0
-0.999785923875	0.0138370708944	-0.0153831690638	0	0.0154853625141	0.993499198758	-0.112780962997	0	0.0137226079587	-0.112995033235	-0.993500786359	0	72.844357743	-47.4235298383	36.5268970367	1	4.17085427136	0
-0.999785923875	0.0138370708944	-0.0153831690638	0	0.0154898777749	0.993461958382	-0.113107917208	0	0.0137175109951	-0.113321986912	-0.993463616432	0	72.8474472573	-47.5093317354	36.2489244188	1	4.1959798995	0
-0.999785923875	0.0138370708944	-0.0153831690638	0	0.0154942617413	0.993425684624	-0.113425468845	0	0.0137125590053	-0.113639538008	-0.993427411101	0	72.850588163	-47.5918341924	35.9705795812	1	4.22110552764	0
-0.999785923875	0.0138370708944	-0.0153831690638	0	0.0154985100426	0.993390423991	-0.113733291999	0	0.0137077572142	-0.113947360617	-0.993392216801	0	72.8537867805	-47.6706366629	35.6918120463	1	4.24623115578	0
-0.999785923875	0.0138370708944	-0.0153831690638	0	0.015502619946	0.993356209473	-0.114031179402	0	0.0137031089974	-0.114245247472	-0.993358066476	0	72.8570503107	-47.7452822974	35.4125647441	1	4.27135678392	0
-0.999785923875	0.0138370708944	-0.0153831690638	0	0.015506591169	0.993323053526	-0.114319101483	0	0.0136986149556	-0.114533169007	-0.993324972577	0	72.8603869079	-47.8152525148	35.1327741665	1	4.29648241206	0
-0.999785923875	0.0138370708944	-0.0153831690638	0	0.015510433632	0.993290882767	-0.114597769003	0	0.0136942641251	-0.114811835979	-0.993292861874	0	72.8638005066	-47.8802922897	34.8524139964	1	4.3216080402	0
-0.999785923875	0.0138370708944	-0.0153831690638	0	0.0155141677209	0.993259534631	-0.114868653099	0	0.013690033649	-0.115082719527	-0.993261572117	0	72.8672878847	-47.9405972769	34.5715176518	1	4.34673366834	0
-0.999785923875	0.0138370708944	-0.0153831690638	0	0.0155178122621	0.993228857642	-0.115133113608	0	0.0136859023809	-0.115347179487	-0.993230952126	0	72.8708454237	-47.9963894785	34.290120625	1	4.37185929648	0
-0.999785923875	0.0138370708944	-0.0153831690638	0	0.0155213838795	0.993198717139	-0.115392352067	0	0.0136818516235	-0.115606417392	-0.993200867496	0	72.8744696671	-48.0478819821	34.0082558841	1	4.39698492462	0
-0.999785923875	0.0138370708944	-0.0153831690638	0	0.0155248972318	0.993168993574	-0.115647428716	0	0.0136778648672	-0.115861493481	-0.993171198908	0	72.8781573136	-48.0952792869	33.7259540389	1	4.42211055276	0
-0.999785923875	0.0138370708944	-0.0153831690638	0	0.0155283652267	0.993139580966	-0.115899277788	0	0.0136739275546	-0.116113341987	-0.993141840584	0	72.8819052084	-48.1387777649	33.4432435059	1	4.4472361809	0
-0.999785923875	0.0138370708944	-0.0153831690638	0	0.0155317992101	0.993110385512	-0.116148721052	0	0.0136700268719	-0.116362784677	-0.993112698896	0	72.885710332	-48.1785662361	33.1601506728	1	4.47236180905	0
-0.999785923875	0.0138370708944	-0.0153831690638	0	0.0155352091334	0.993081324348	-0.116396479795	0	0.0136661515638	-0.116610542836	-0.993083691136	0	72.889569789	-48.2148266472	32.8767000607	1	4.49748743719	0
-0.999785923875	0.0138370708944	-0.0153831690638	0	0.0155386036995	0.993052324458	-0.116643185326	0	0.0136622917717	-0.116857247773	-0.993054744426	0	72.8934807946	-48.2477348506	32.5929144825	1	4.52261306533	0
-0.999785923875	0.0138370708944	-0.0153831690638	0	0.0155419904908	0.993023321718	-0.116889388125	0	0.013658438892	-0.117103449965	-0.993025794757	0	72.8974406601	-48.2774614892	32.3088151976	1	4.54773869347	0
-0.999785923875	0.0138370708944	-0.0153831690638	0	0.0155453760781	0.992994260075	-0.117135565654	0	0.0136545854559	-0.117349626874	-0.992996786182	0	72.9014467762	-48.3041730018	32.0244220675	1	4.57286432161	0
-0.999785923875	0.0138370708944	-0.0153831690638	0	0.0155487661134	0.992965090854	-0.117382129035	0	0.0136507250259	-0.117596189621	-0.992967670115	0	72.9054965953	-48.328032777	31.739753708	1	4.59798994975	0
-0.999785923875	0.0138370708944	-0.0153831690638	0	0.0155521654063	0.992935772193	-0.117629428502	0	0.0136468521117	-0.11784348844	-0.992938404766	0	72.9095876099	-48.3492024965	31.4548276476	1	4.62311557789	0
-0.999785923875	0.0138370708944	-0.0153831690638	0	0.0155555779842	0.992906268599	-0.117877757744	0	0.0136429621036	-0.118091817016	-0.992908954708	0	72.9137173284	-48.3678437329	31.1696604919	1	4.64824120603	0
-0.999785923875	0.0138370708944	-0.0153831690638	0	0.0155590071374	0.992876550639	-0.118127357069	0	0.0136390512237	-0.11834141566	-0.992879290559	0	72.9178832453	-48.3841198926	30.8842681032	1	4.67336683417	0
-0.999785923875	0.0138370708944	-0.0153831690638	0	0.0155624554458	0.99284659478	-0.118378415323	0	0.0136351164967	-0.118592473214	-0.992849388827	0	72.9220828041	-48.3981986433	30.5986658039	1	4.69849246231	0
-0.999785923875	0.0138370708944	-0.0153831690638	0	0.0155659247874	0.992816383384	-0.118631070424	0	0.0136311557432	-0.118845127597	-0.992819231905	0	72.926313351	-48.4102550301	30.3128686204	1	4.72361809045	0
