-0.9997859,0.013837071,-0.015383169,0.0,0.014752573,0.9980235,-0.061085787,0.0,0.014507515,-0.061299648,-0.998014,0.0,72.198204,-42.56034,82.89603,1.0
-0.9997859,0.013837071,-0.015383169,0.0,0.0147641655,0.99797416,-0.06188357,0.0,0.014495718,-0.06209744,-0.9979648,0.0,72.20446,-42.427795,82.609,1.0
-0.9997859,0.013837071,-0.015383169,0.0,0.01477702,0.99791867,-0.062768884,0.0,0.014482615,-0.06298276,-0.99790955,0.0,72.210846,-42.28504,82.322395,1.0
-0.9997859,0.013837071,-0.015383169,0.0,0.014790386,0.99786013,-0.06369029,0.0,0.014468963,-0.06390418,-0.99785113,0.0,72.217285,-42.138588,82.03586,1.0
-0.9997859,0.013837071,-0.015383169,0.0,0.014803924,0.9977999,-0.06462436,0.0,0.014455112,-0.06483825,-0.9977911,0.0,72.22373,-41.991096,81.74922,1.0
-0.9997859,0.013837071,-0.015383169,0.0,0.01481744,0.9977388,-0.06555775,0.0,0.014441256,-0.065771654,-0.9977302,0.0,72.23018,-41.844,81.462395,1.0
-0.9997859,0.013837071,-0.015383169,0.0,0.014830807,0.99767745,-0.06648167,0.0,0.014427529,-0.066695586,-0.99766904,0.0,72.23662,-41.698257,81.17534,1.0
-0.9997859,0.013837071,-0.015383169,0.0,0.014843932,0.9976163,-0.06738971,0.0,0.014414024,-0.06760363,-0.9976081,0.0,72.24303,-41.55458,80.887985,1.0
-0.9997859,0.013837071,-0.015383169,0.0,0.014856744,0.9975558,-0.06827675,0.0,0.014400819,-0.06849068,-0.9975478,0.0,72.2494,-41.41356,80.600365,1.0
-0.9997859,0.013837071,-0.015383169,0.0,0.014869178,0.99749625,-0.069138445,0.0,0.01438798,-0.06935238,-0.99748844,0.0,72.25574,-41.275734,80.31244,1.0
-0.9997859,0.013837071,-0.015383169,0.0,0.0148811815,0.997438,-0.06997096,0.0,0.014375565,-0.0701849,-0.9974304,0.0,72.26203,-41.141632,80.024216,1.0
-0.9997859,0.013837071,-0.015383169,0.0,0.014892704,0.99738145,-0.07077074,0.0,0.014363627,-0.07098469,-0.997374,0.0,72.268265,-41.011787,79.73572,1.0
-0.9997859,0.013837071,-0.015383169,0.0,0.014903698,0.9973268,-0.07153446,0.0,0.014352219,-0.07174841,-0.9973195,0.0,72.27444,-40.886757,79.44696,1.0
-0.9997859,0.013837071,-0.015383169,0.0,0.0149141215,0.9972744,-0.072258964,0.0,0.014341388,-0.07247292,-0.99726725,0.0,72.28054,-40.767166,79.157974,1.0
-0.9997859,0.013837071,-0.015383169,0.0,0.01492393,0.99722457,-0.07294127,0.0,0.014331181,-0.07315523,-0.9972176,0.0,72.28656,-40.65367,78.86879,1.0
-0.9997859,0.013837071,-0.015383169,0.0,0.014933087,0.9971776,-0.07357862,0.0,0.014321639,-0.073792584,-0.99717075,0.0,72.29249,-40.547035,78.579475,1.0
-0.9997859,0.013837071,-0.015383169,0.0,0.014941557,0.9971338,-0.07416856,0.0,0.014312802,-0.074382536,-0.99712706,0.0,72.29831,-40.44809,78.29006,1.0
-0.9997859,0.013837071,-0.015383169,0.0,0.014949314,0.9970933,-0.074709125,0.0,0.014304699,-0.0749231,-0.9970867,0.0,72.304016,-40.357796,78.00065,1.0
-0.9997859,0.013837071,-0.015383169,0.0,0.01495634,0.99705637,-0.07519901,0.0,0.014297353,-0.07541299,-0.99704987,0.0,72.30958,-40.277237,77.7113,1.0
-0.9997859,0.013837071,-0.015383169,0.0,0.014962633,0.9970231,-0.07563791,0.0,0.014290768,-0.07585189,-0.99701667,0.0,72.314995,-40.207596,77.422165,1.0
-0.9997859,0.013837071,-0.015383169,0.0,0.014968212,0.99699336,-0.07602723,0.0,0.014284924,-0.07624121,-0.99698704,0.0,72.32023,-40.150154,77.13333,1.0
-0.9997859,0.013837071,-0.015383169,0.0,0.014973285,0.99696624,-0.07638129,0.0,0.014279607,-0.07659527,-0.99696,0.0,72.325325,-40.10276,76.84486,1.0
-0.9997859,0.013837071,-0.015383169,0.0,0.014978004,0.99694085,-0.07671086,0.0,0.014274657,-0.076924846,-0.9969347,0.0,72.330315,-40.063393,76.55667,1.0
-0.9997859,0.013837071,-0.015383169,0.0,0.0149824405,0.9969169,-0.07702075,0.0,0.01427,-0.07723474,-0.9969108,0.0,72.335175,-40.031403,76.26882,1.0
-0.9997859,0.013837071,-0.015383169,0.0,0.014986652,0.99689406,-0.077315,0.0,0.014265577,-0.07752899,-0.99688804,0.0,72.33995,-40.00612,75.98129,1.0
-0.9997859,0.013837071,-0.015383169,0.0,0.014990686,0.9968721,-0.07759698,0.0,0.014261337,-0.07781097,-0.9968661,0.0,72.344635,-39.986877,75.69408,1.0
-0.9997859,0.013837071,-0.015383169,0.0,0.014994584,0.9968508,-0.07786942,0.0,0.014257239,-0.07808342,-0.9968449,0.0,72.34925,-39.973045,75.407166,1.0
-0.9997859,0.013837071,-0.015383169,0.0,0.014998375,0.99683,-0.07813456,0.0,0.014253251,-0.078348555,-0.99682415,0.0,72.353775,-39.964027,75.120514,1.0
-0.9997859,0.013837071,-0.015383169,0.0,0.015002087,0.99680954,-0.078394145,0.0,0.014249344,-0.07860814,-0.99680376,0.0,72.35825,-39.959244,74.83413,1.0
-0.9997859,0.013837071,-0.015383169,0.0,0.015005738,0.9967894,-0.07864958,0.0,0.0142455,-0.078863576,-0.9967836,0.0,72.36267,-39.958168,74.547966,1.0
-0.9997859,0.013837071,-0.015383169,0.0,0.015009344,0.99676937,-0.07890194,0.0,0.0142417,-0.07911594,-0.9967637,0.0,72.367035,-39.960304,74.26202,1.0
-0.9997859,0.013837071,-0.015383169,0.0,0.015012917,0.9967495,-0.07915208,0.0,0.014237933,-0.07936608,-0.99674386,0.0,72.37137,-39.965195,73.976234,1.0
-0.9997859,0.013837071,-0.015383169,0.0,0.015016467,0.9967297,-0.07940063,0.0,0.014234189,-0.07961463,-0.99672407,0.0,72.37566,-39.972404,73.690605,1.0
-0.9997859,0.013837071,-0.015383169,0.0,0.015020001,0.9967099,-0.07964809,0.0,0.01423046,-0.079862095,-0.99670434,0.0,72.37993,-39.981537,73.4051,1.0
-0.9997859,0.013837071,-0.015383169,0.0,0.015023523,0.9966901,-0.07989483,0.0,0.014226741,-0.08010884,-0.9966846,0.0,72.38417,-39.992233,73.11969,1.0
-0.9997859,0.013837071,-0.015383169,0.0,0.015027039,0.99667025,-0.08014113,0.0,0.014223029,-0.08035514,-0.9966648,0.0,72.3884,-40.004143,72.834366,1.0
-0.9997859,0.013837071,-0.015383169,0.0,0.01503055,0.9966504,-0.08038721,0.0,0.014219318,-0.08060122,-0.996645,0.0,72.39261,-40.016975,72.54908,1.0
-0.9997859,0.013837071,-0.015383169,0.0,0.015034059,0.99663043,-0.080633245,0.0,0.014215607,-0.080847256,-0.9966251,0.0,72.39681,-40.03041,72.26383,1.0
-0.9997859,0.013837071,-0.015383169,0.0,0.01503757,0.99661046,-0.080879375,0.0,0.014211893,-0.081093386,-0.99660516,0.0,72.40101,-40.04422,71.9786,1.0
-0.9997859,0.013837071,-0.015383169,0.0,0.015041082,0.9965904,-0.081125714,0.0,0.014208176,-0.08133973,-0.99658513,0.0,72.405205,-40.05812,71.693344,1.0
-0.9997859,0.013837071,-0.015383169,0.0,0.015044599,0.9965702,-0.081372395,0.0,0.014204453,-0.081586406,-0.99656504,0.0,72.40941,-40.071907,71.40806,1.0
-0.9997859,0.013837071,-0.015383169,0.0,0.01504812,0.99654996,-0.081619516,0.0,0.014200721,-0.081833534,-0.99654484,0.0,72.41361,-40.085358,71.122734,1.0
-0.9997859,0.013837071,-0.015383169,0.0,0.01505165,0.9965296,-0.0818672,0.0,0.014196981,-0.08208122,-0.9965245,0.0,72.41782,-40.098274,70.83735,1.0
-0.9997859,0.013837071,-0.015383169,0.0,0.015055188,0.9965091,-0.08211559,0.0,0.014193228,-0.08232961,-0.99650407,0.0,72.42204,-40.11049,70.55188,1.0
-0.9997859,0.013837071,-0.015383169,0.0,0.015058737,0.99648845,-0.082364805,0.0,0.014189463,-0.08257883,-0.9964835,0.0,72.42629,-40.12182,70.26632,1.0
-0.9997859,0.013837071,-0.015383169,0.0,0.0150623,0.9964677,-0.082615025,0.0,0.014185681,-0.08282904,-0.9964628,0.0,72.430534,-40.13211,69.98066,1.0
-0.9997859,0.013837071,-0.015383169,0.0,0.015065878,0.9964468,-0.082866415,0.0,0.014181881,-0.08308043,-0.9964419,0.0,72.434814,-40.14122,69.69488,1.0
-0.9997859,0.013837071,-0.015383169,0.0,0.0150694745,0.9964257,-0.08311917,0.0,0.014178059,-0.08333319,-0.99642086,0.0,72.439095,-40.149017,69.408966,1.0
-0.9997859,0.013837071,-0.015383169,0.0,0.015073094,0.99640435,-0.08337351,0.0,0.014174212,-0.083587535,-0.99639964,0.0,72.44341,-40.155373,69.1229,1.0
-0.9997859,0.013837071,-0.015383169,0.0,0.015076734,0.99638283,-0.083629504,0.0,0.014170338,-0.08384353,-0.9963782,0.0,72.44775,-40.16034,68.83672,1.0
-0.9997859,0.013837071,-0.015383169,0.0,0.015080397,0.99636114,-0.083887056,0.0,0.014166441,-0.08410108,-0.99635655,0.0,72.452095,-40.16417,68.55041,1.0
-0.9997859,0.013837071,-0.015383169,0.0,0.0150840795,0.99633926,-0.08414605,0.0,0.01416252,-0.08436008,-0.9963347,0.0,72.45647,-40.16706,68.263985,1.0
-0.9997859,0.013837071,-0.015383169,0.0,0.015087779,0.9963172,-0.08440638,0.0,0.014158579,-0.084620416,-0.9963127,0.0,72.460846,-40.169197,67.97747,1.0
-0.9997859,0.013837071,-0.015383169,0.0,0.015091496,0.9962949,-0.08466793,0.0,0.014154618,-0.084881954,-0.99629045,0.0,72.46523,-40.17076,67.69087,1.0
-0.9997859,0.013837071,-0.015383169,0.0,0.015095226,0.9962725,-0.08493055,0.0,0.014150639,-0.08514458,-0.9962681,0.0,72.46963,-40.171898,67.40419,1.0
-0.9997859,0.013837071,-0.015383169,0.0,0.015098969,0.99625,-0.085194126,0.0,0.014146645,-0.08540816,-0.9962456,0.0,72.47403,-40.172768,67.11744,1.0
-0.9997859,0.013837071,-0.015383169,0.0,0.015102724,0.99622726,-0.08545854,0.0,0.014142636,-0.08567257,-0.996223,0.0,72.47843,-40.1735,66.83064,1.0
-0.9997859,0.013837071,-0.015383169,0.0,0.015106487,0.99620444,-0.085723676,0.0,0.014138617,-0.08593771,-0.9962002,0.0,72.482834,-40.174225,66.543785,1.0
-0.9997859,0.013837071,-0.015383169,0.0,0.015110258,0.9961815,-0.085989416,0.0,0.014134586,-0.086203456,-0.99617726,0.0,72.487236,-40.175056,66.25689,1.0
-0.9997859,0.013837071,-0.015383169,0.0,0.015114035,0.99615836,-0.08625567,0.0,0.014130547,-0.0864697,-0.99615425,0.0,72.49164,-40.176132,65.96996,1.0
-0.9997859,0.013837071,-0.015383169,0.0,0.015117818,0.9961352,-0.086522326,0.0,0.014126501,-0.086736366,-0.9961311,0.0,72.49603,-40.177536,65.68301,1.0
-0.9997859,0.013837071,-0.015383169,0.0,0.015121602,0.9961119,-0.0867893,0.0,0.014122448,-0.087003335,-0.99610794,0.0,72.50042,-40.179398,65.39602,1.0
-0.9997859,0.013837071,-0.015383169,0.0,0.015125391,0.99608856,-0.0870565,0.0,0.014118391,-0.08727054,-0.9960846,0.0,72.50481,-40.181793,65.109024,1.0
-0.9997859,0.013837071,-0.015383169,0.0,0.01512918,0.9960651,-0.08732385,0.0,0.014114331,-0.08753789,-0.9960612,0.0,72.50918,-40.184845,64.82202,1.0
-0.9997859,0.013837071,-0.015383169,0.0,0.015132968,0.99604154,-0.087591276,0.0,0.014110269,-0.087805316,-0.9960377,0.0,72.51354,-40.188644,64.53502,1.0
-0.9997859,0.013837071,-0.015383169,0.0,0.015136756,0.99601793,-0.087858684,0.0,0.014106206,-0.088072725,-0.9960142,0.0,72.51789,-40.193268,64.24802,1.0
-0.9997859,0.013837071,-0.015383169,0.0,0.015140542,0.99599427,-0.088126,0.0,0.014102142,-0.088340044,-0.9959906,0.0,72.52223,-40.19883,63.961044,1.0
-0.9997859,0.013837071,-0.015383169,0.0,0.015144323,0.99597055,-0.08839313,0.0,0.014098081,-0.08860718,-0.99596685,0.0,72.52656,-40.205414,63.674095,1.0
-0.9997859,0.013837071,-0.015383169,0.0,0.0151480995,0.99594676,-0.08865996,0.0,0.014094023,-0.088874005,-0.9959431,0.0,72.53087,-40.213104,63.387184,1.0
-0.9997859,0.013837071,-0.015383169,0.0,0.0151518695,0.9959229,-0.088926345,0.0,0.014089971,-0.08914039,-0.9959194,0.0,72.53516,-40.221992,63.100338,1.0
-0.9997859,0.013837071,-0.015383169,0.0,0.015155628,0.99589914,-0.08919208,0.0,0.014085928,-0.089406125,-0.9958956,0.0,72.53943,-40.232178,62.81358,1.0
-0.9997859,0.013837071,-0.015383169,0.0,0.015159372,0.9958753,-0.08945685,0.0,0.014081898,-0.0896709,-0.9958719,0.0,72.54368,-40.243736,62.52693,1.0
-0.9997859,0.013837071,-0.015383169,0.0,0.015163097,0.9958516,-0.08972025,0.0,0.014077888,-0.0899343,-0.9958482,0.0,72.547905,-40.25676,62.24044,1.0
-0.9997859,0.013837071,-0.015383169,0.0,0.015166797,0.9958279,-0.08998201,0.0,0.014073902,-0.09019606,-0.9958246,0.0,72.55211,-40.271324,61.954132,1.0
-0.9997859,0.013837071,-0.015383169,0.0,0.015170468,0.9958043,-0.090241835,0.0,0.014069944,-0.09045589,-0.9958011,0.0,72.55629,-40.287544,61.66804,1.0
-0.9997859,0.013837071,-0.015383169,0.0,0.015174107,0.9957809,-0.09049938,0.0,0.01406602,-0.090713434,-0.9957777,0.0,72.56043,-40.30549,61.38221,1.0
-0.9997859,0.013837071,-0.015383169,0.0,0.015177706,0.99575764,-0.09075426,0.0,0.0140621355,-0.09096831,-0.9957545,0.0,72.56455,-40.325256,61.09669,1.0
-0.9997859,0.013837071,-0.015383169,0.0,0.015181262,0.99573463,-0.091006085,0.0,0.014058297,-0.09122014,-0.99573153,0.0,72.56864,-40.346947,60.811516,1.0
-0.9997859,0.013837071,-0.015383169,0.0,0.0151847685,0.9957118,-0.091254435,0.0,0.01405451,-0.09146848,-0.99570876,0.0,72.5727,-40.37063,60.52674,1.0
-0.9997859,0.013837071,-0.015383169,0.0,0.015188218,0.99568933,-0.09149886,0.0,0.014050782,-0.091712914,-0.99568635,0.0,72.57671,-40.396423,60.242428,1.0
-0.9997859,0.013837071,-0.015383169,0.0,0.015191605,0.9956672,-0.0917389,0.0,0.014047119,-0.09195296,-0.99566424,0.0,72.580696,-40.424416,59.958637,1.0
-0.9997859,0.013837071,-0.015383169,0.0,0.015194923,0.99564546,-0.09197411,0.0,0.01404353,-0.092188165,-0.99564254,0.0,72.58463,-40.454704,59.675415,1.0
-0.9997859,0.013837071,-0.015383169,0.0,0.015198166,0.9956241,-0.09220401,0.0,0.014040021,-0.092418075,-0.9956213,0.0,72.588524,-40.487396,59.392845,1.0
-0.9997859,0.013837071,-0.015383169,0.0,0.015201326,0.9956033,-0.09242818,0.0,0.014036599,-0.09264224,-0.9956005,0.0,72.59238,-40.522583,59.110977,1.0
-0.9997859,0.013837071,-0.015383169,0.0,0.0152044,0.995583,-0.092646204,0.0,0.014033269,-0.09286027,-0.99558026,0.0,72.596176,-40.56038,58.829895,1.0
-0.9997859,0.013837071,-0.015383169,0.0,0.015207381,0.99556327,-0.09285775,0.0,0.014030038,-0.09307181,-0.9955605,0.0,72.59993,-40.60089,58.549656,1.0
-0.9997859,0.013837071,-0.015383169,0.0,0.015210265,0.9955441,-0.093062446,0.0,0.014026911,-0.09327651,-0.99554145,0.0,72.60363,-40.64409,58.27031,1.0
-0.9997859,0.013837071,-0.015383169,0.0,0.0152130425,0.9955256,-0.09325953,0.0,0.0140239,-0.09347359,-0.995523,0.0,72.607285,-40.689438,57.991848,1.0
-0.9997859,0.013837071,-0.015383169,0.0,0.015215705,0.99550784,-0.093448564,0.0,0.014021011,-0.09366262,-0.9955053,0.0,72.61091,-40.73677,57.7143,1.0
-0.9997859,0.013837071,-0.015383169,0.0,0.0152182495,0.9954908,-0.093629256,0.0,0.014018249,-0.09384331,-0.9954883,0.0,72.61448,-40.78601,57.43769,1.0
-0.9997859,0.013837071,-0.015383169,0.0,0.015220675,0.9954746,-0.09380147,0.0,0.014015616,-0.09401553,-0.9954721,0.0,72.61801,-40.837067,57.162014,1.0
-0.9997859,0.013837071,-0.015383169,0.0,0.01522298,0.9954591,-0.09396525,0.0,0.014013112,-0.09417931,-0.99545664,0.0,72.621506,-40.88987,56.887276,1.0
-0.9997859,0.013837071,-0.015383169,0.0,0.01522517,0.99544436,-0.09412086,0.0,0.014010732,-0.09433492,-0.9954419,0.0,72.62497,-40.94432,56.613453,1.0
-0.9997859,0.013837071,-0.015383169,0.0,0.015227253,0.99543035,-0.09426878,0.0,0.014008469,-0.09448284,-0.9954279,0.0,72.628395,-41.00038,56.340508,1.0
-0.9997859,0.013837071,-0.015383169,0.0,0.015229235,0.99541694,-0.094409734,0.0,0.014006313,-0.0946238,-0.99541456,0.0,72.63178,-41.05797,56.068382,1.0
-0.9997859,0.013837071,-0.015383169,0.0,0.015231134,0.9954041,-0.0945447,0.0,0.014004247,-0.09475877,-0.99540174,0.0,72.63514,-41.11702,55.79701,1.0
-0.9997859,0.013837071,-0.015383169,0.0,0.015232966,0.99539167,-0.094674885,0.0,0.014002255,-0.09488895,-0.9953894,0.0,72.638466,-41.177498,55.52629,1.0
-0.9997859,0.013837071,-0.015383169,0.0,0.01523475,0.9953796,-0.094801664,0.0,0.014000315,-0.095015734,-0.9953773,0.0,72.64177,-41.23934,55.256134,1.0
-0.9997859,0.013837071,-0.015383169,0.0,0.015236507,0.99536765,-0.09492661,0.0,0.013998403,-0.09514067,-0.9953654,0.0,72.64504,-41.30249,54.98642,1.0
-0.9997859,0.013837071,-0.015383169,0.0,0.015238262,0.9953557,-0.09505138,0.0,0.013996493,-0.09526544,-0.9953535,0.0,72.6483,-41.366913,54.71702,1.0
-0.9997859,0.013837071,-0.015383169,0.0,0.015240038,0.9953436,-0.09517769,0.0,0.013994559,-0.09539175,-0.9953414,0.0,72.651535,-41.432564,54.44782,1.0
-0.9997859,0.013837071,-0.015383169,0.0,0.015241859,0.9953312,-0.09530725,0.0,0.013992575,-0.095521316,-0.995329,0.0,72.65475,-41.49942,54.17868,1.0
-0.9997859,0.013837071,-0.015383169,0.0,0.015243749,0.9953183,-0.095441714,0.0,0.013990516,-0.09565578,-0.99531615,0.0,72.65795,-41.567413,53.909485,1.0
-0.9997859,0.013837071,-0.015383169,0.0,0.015245729,0.99530476,-0.095582604,0.0,0.013988358,-0.09579667,-0.9953026,0.0,72.66114,-41.636528,53.640114,1.0
-0.9997859,0.013837071,-0.015383169,0.0,0.015247819,0.9952904,-0.095731296,0.0,0.01398608,-0.09594536,-0.9952883,0.0,72.664314,-41.70672,53.370472,1.0
-0.9997859,0.013837071,-0.015383169,0.0,0.015250035,0.9952752,-0.095888965,0.0,0.013983664,-0.09610303,-0.9952732,0.0,72.66748,-41.777946,53.100464,1.0
-0.9997859,0.013837071,-0.015383169,0.0,0.015252389,0.995259,-0.096056566,0.0,0.013981096,-0.09627063,-0.995257,0.0,72.670654,-41.85019,52.830017,1.0
-0.9997859,0.013837071,-0.015383169,0.0,0.015254893,0.99524176,-0.09623483,0.0,0.013978364,-0.09644889,-0.9952398,0.0,72.6738,-41.9234,52.559074,1.0
-0.9997859,0.013837071,-0.015383169,0.0,0.015257553,0.9952234,-0.09642425,0.0,0.01397546,-0.096638314,-0.99522144,0.0,72.676956,-41.997528,52.287582,1.0
-0.9997859,0.013837071,-0.015383169,0.0,0.015260373,0.99520385,-0.09662512,0.0,0.01397238,-0.09683918,-0.99520195,0.0,72.6801,-42.072563,52.01552,1.0
-0.9997859,0.013837071,-0.015383169,0.0,0.015263355,0.99518317,-0.096837506,0.0,0.013969123,-0.097051576,-0.9951813,0.0,72.68324,-42.148445,51.742874,1.0
-0.9997859,0.013837071,-0.015383169,0.0,0.015266497,0.9951613,-0.09706131,0.0,0.0139656905,-0.097275384,-0.9951595,0.0,72.686386,-42.22515,51.469646,1.0
-0.9997859,0.013837071,-0.015383169,0.0,0.01526972,0.9951388,-0.09729106,0.0,0.013962165,-0.09750513,-0.9951371,0.0,72.68952,-42.302605,51.196205,1.0
-0.9997859,0.013837071,-0.015383169,0.0,0.015272868,0.99511683,-0.09751542,0.0,0.013958722,-0.09772949,-0.9951151,0.0,72.69264,-42.380684,50.92334,1.0
-0.9997859,0.013837071,-0.015383169,0.0,0.015275937,0.9950953,-0.09773424,0.0,0.013955364,-0.09794831,-0.99509364,0.0,72.69574,-42.45936,50.651047,1.0
-0.9997859,0.013837071,-0.015383169,0.0,0.015278932,0.9950743,-0.09794784,0.0,0.013952084,-0.09816191,-0.99507266,0.0,72.69882,-42.53859,50.3793,1.0
-0.9997859,0.013837071,-0.015383169,0.0,0.015281858,0.99505365,-0.09815655,0.0,0.013948879,-0.09837062,-0.9950521,0.0,72.7019,-42.618347,50.108067,1.0
-0.9997859,0.013837071,-0.015383169,0.0,0.015284721,0.99503344,-0.098360755,0.0,0.0139457425,-0.098574825,-0.9950319,0.0,72.70495,-42.698616,49.837307,1.0
-0.9997859,0.013837071,-0.015383169,0.0,0.015287525,0.9950136,-0.09856086,0.0,0.013942668,-0.09877493,-0.9950121,0.0,72.70799,-42.779343,49.566986,1.0
-0.9997859,0.013837071,-0.015383169,0.0,0.015290278,0.99499404,-0.098757334,0.0,0.01393965,-0.09897141,-0.9949926,0.0,72.71102,-42.860504,49.297062,1.0
-0.9997859,0.013837071,-0.015383169,0.0,0.015292985,0.9949748,-0.09895065,0.0,0.013936679,-0.09916472,-0.9949734,0.0,72.71404,-42.94207,49.027493,1.0
-0.9997859,0.013837071,-0.015383169,0.0,0.0152956555,0.9949558,-0.099141285,0.0,0.013933748,-0.099355355,-0.99495447,0.0,72.71705,-43.02401,48.758232,1.0
-0.9997859,0.013837071,-0.015383169,0.0,0.015298295,0.99493694,-0.09932977,0.0,0.013930851,-0.09954384,-0.99493563,0.0,72.72005,-43.106308,48.48924,1.0
-0.9997859,0.013837071,-0.015383169,0.0,0.015300911,0.9949182,-0.09951662,0.0,0.0139279775,-0.09973069,-0.994917,0.0,72.723045,-43.18891,48.22046,1.0
-0.9997859,0.013837071,-0.015383169,0.0,0.015303511,0.99489963,-0.09970237,0.0,0.01392512,-0.09991644,-0.9948984,0.0,72.72603,-43.271797,47.951855,1.0
-0.9997859,0.013837071,-0.015383169,0.0,0.015306103,0.994881,-0.099887565,0.0,0.013922271,-0.100101635,-0.9948798,0.0,72.72901,-43.354958,47.68337,1.0
-0.9997859,0.013837071,-0.015383169,0.0,0.015308694,0.9948624,-0.100072734,0.0,0.013919422,-0.100286804,-0.9948612,0.0,72.73199,-43.438347,47.414955,1.0
-0.9997859,0.013837071,-0.015383169,0.0,0.015311291,0.9948436,-0.10025842,0.0,0.013916565,-0.10047249,-0.9948425,0.0,72.734955,-43.521927,47.146576,1.0
-0.9997859,0.013837071,-0.015383169,0.0,0.015313904,0.9948247,-0.100445144,0.0,0.013913691,-0.100659214,-0.9948237,0.0,72.73794,-43.605682,46.87817,1.0
-0.9997859,0.013837071,-0.015383169,0.0,0.015316571,0.9948054,-0.10063593,0.0,0.013910754,-0.10085001,-0.9948044,0.0,72.74088,-43.690483,46.60981,1.0
-0.9997859,0.013837071,-0.015383169,0.0,0.015319358,0.9947852,-0.100835174,0.0,0.013907685,-0.101049244,-0.99478424,0.0,72.743805,-43.77764,46.34162,1.0
-0.9997859,0.013837071,-0.015383169,0.0,0.015322266,0.99476403,-0.10104323,0.0,0.013904481,-0.10125731,-0.9947631,0.0,72.74669,-43.867004,46.073547,1.0
-0.9997859,0.013837071,-0.015383169,0.0,0.0153253,0.9947419,-0.10126039,0.0,0.013901136,-0.101474464,-0.994741,0.0,72.74955,-43.958405,45.805523,1.0
-0.9997859,0.013837071,-0.015383169,0.0,0.015328466,0.9947188,-0.101486884,0.0,0.013897646,-0.10170096,-0.99471796,0.0,72.75238,-44.05168,45.5375,1.0
-0.9997859,0.013837071,-0.015383169,0.0,0.015331763,0.9946946,-0.101722926,0.0,0.0138940085,-0.101936996,-0.9946938,0.0,72.755196,-44.146706,45.269417,1.0
-0.9997859,0.013837071,-0.015383169,0.0,0.015335195,0.9946694,-0.10196866,0.0,0.01389022,-0.10218274,-0.99466866,0.0,72.75798,-44.24334,45.001232,1.0
-0.9997859,0.013837071,-0.015383169,0.0,0.015338764,0.9946431,-0.102224216,0.0,0.013886279,-0.10243829,-0.99464244,0.0,72.76075,-44.34144,44.73289,1.0
-0.9997859,0.013837071,-0.015383169,0.0,0.015342469,0.99461573,-0.10248967,0.0,0.013882185,-0.10270374,-0.99461514,0.0,72.763504,-44.440887,44.46435,1.0
-0.9997859,0.013837071,-0.015383169,0.0,0.015346312,0.99458724,-0.102765046,0.0,0.013877937,-0.102979116,-0.9945867,0.0,72.76625,-44.54158,44.195576,1.0
-0.9997859,0.013837071,-0.015383169,0.0,0.0153502915,0.9945577,-0.10305032,0.0,0.013873534,-0.1032644,-0.9945572,0.0,72.76898,-44.643394,43.926517,1.0
-0.9997859,0.013837071,-0.015383169,0.0,0.015354408,0.994527,-0.10334544,0.0,0.013868979,-0.10355952,-0.99452657,0.0,72.7717,-44.746223,43.65715,1.0
-0.9997859,0.013837071,-0.015383169,0.0,0.0153586585,0.9944952,-0.10365027,0.0,0.013864272,-0.10386434,-0.99449486,0.0,72.774414,-44.84996,43.387444,1.0
-0.9997859,0.013837071,-0.015383169,0.0,0.01536304,0.9944623,-0.103964634,0.0,0.013859416,-0.10417871,-0.994462,0.0,72.77712,-44.954506,43.117363,1.0
-0.9997859,0.013837071,-0.015383169,0.0,0.01536755,0.9944284,-0.1042883,0.0,0.013854415,-0.10450238,-0.99442816,0.0,72.77983,-45.059746,42.846897,1.0
-0.9997859,0.013837071,-0.015383169,0.0,0.015372184,0.99439335,-0.10462097,0.0,0.013849273,-0.10483504,-0.99439317,0.0,72.78253,-45.16561,42.57602,1.0
-0.9997859,0.013837071,-0.015383169,0.0,0.015376937,0.9943573,-0.10496227,0.0,0.013843996,-0.105176345,-0.9943572,0.0,72.78523,-45.271965,42.30472,1.0
-0.9997859,0.013837071,-0.015383169,0.0,0.015381802,0.9943203,-0.105311766,0.0,0.013838591,-0.105525844,-0.9943203,0.0,72.78794,-45.37874,42.03299,1.0
-0.9997859,0.013837071,-0.015383169,0.0,0.015386772,0.9942823,-0.10566896,0.0,0.013833064,-0.10588304,-0.99428236,0.0,72.79064,-45.48581,41.760822,1.0
-0.9997859,0.013837071,-0.015383169,0.0,0.01539184,0.99424344,-0.10603328,0.0,0.013827425,-0.10624736,-0.99424356,0.0,72.79335,-45.5931,41.48822,1.0
-0.9997859,0.013837071,-0.015383169,0.0,0.0153969955,0.99420375,-0.10640408,0.0,0.013821684,-0.10661816,-0.994204,0.0,72.79607,-45.7005,41.215187,1.0
-0.9997859,0.013837071,-0.015383169,0.0,0.0154022295,0.9941633,-0.106780626,0.0,0.013815851,-0.106994696,-0.9941636,0.0,72.79879,-45.807907,40.94173,1.0
-0.9997859,0.013837071,-0.015383169,0.0,0.015407531,0.99412215,-0.10716212,0.0,0.01380994,-0.107376195,-0.99412256,0.0,72.80152,-45.915215,40.667862,1.0
-0.9997859,0.013837071,-0.015383169,0.0,0.015412886,0.9940804,-0.107547686,0.0,0.013803963,-0.10776176,-0.9940809,0.0,72.80425,-46.0223,40.39361,1.0
-0.9997859,0.013837071,-0.015383169,0.0,0.015418282,0.9940382,-0.107936375,0.0,0.013797935,-0.10815045,-0.99403876,0.0,72.807,-46.12908,40.11898,1.0
-0.9997859,0.013837071,-0.015383169,0.0,0.015423708,0.9939956,-0.10832735,0.0,0.013791869,-0.10854143,-0.99399626,0.0,72.80976,-46.235413,39.844,1.0
-0.9997859,0.013837071,-0.015383169,0.0,0.015429146,0.99395275,-0.108719364,0.0,0.013785785,-0.10893344,-0.99395347,0.0,72.81253,-46.341187,39.568707,1.0
-0.9997859,0.013837071,-0.015383169,0.0,0.015434575,0.9939098,-0.10911088,0.0,0.013779706,-0.109324954,-0.99391055,0.0,72.81532,-46.44626,39.293156,1.0
-0.9997859,0.013837071,-0.015383169,0.0,0.015439977,0.9938668,-0.109500594,0.0,0.013773654,-0.109714665,-0.9938677,0.0,72.81812,-46.5505,39.017395,1.0
-0.9997859,0.013837071,-0.015383169,0.0,0.015445337,0.993824,-0.10988742,0.0,0.013767643,-0.11010149,-0.993825,0.0,72.82094,-46.653763,38.741444,1.0
-0.9997859,0.013837071,-0.015383169,0.0,0.0154506415,0.9937815,-0.1102704,0.0,0.01376169,-0.11048448,-0.9937826,0.0,72.82377,-46.755905,38.465313,1.0
-0.9997859,0.013837071,-0.015383169,0.0,0.015455879,0.99373937,-0.11064871,0.0,0.013755807,-0.11086278,-0.9937405,0.0,72.82663,-46.856728,38.18901,1.0
-0.9997859,0.013837071,-0.015383169,0.0,0.015461039,0.9936977,-0.11102155,0.0,0.013750007,-0.11123562,-0.99369895,0.0,72.829506,-46.9561,37.912533,1.0
-0.9997859,0.013837071,-0.015383169,0.0,0.015466112,0.99365664,-0.11138823,0.0,0.013744301,-0.11160231,-0.9936579,0.0,72.83241,-47.053795,37.635864,1.0
-0.9997859,0.013837071,-0.015383169,0.0,0.015471089,0.9936161,-0.11174811,0.0,0.013738698,-0.11196218,-0.9936175,0.0,72.83535,-47.149628,37.358994,1.0
-0.9997859,0.013837071,-0.015383169,0.0,0.015475961,0.99357635,-0.11210056,0.0,0.01373321,-0.11231463,-0.9935778,0.0,72.83831,-47.243355,37.081894,1.0
-0.9997859,0.013837071,-0.015383169,0.0,0.015480721,0.99353737,-0.11244502,0.0,0.013727844,-0.11265909,-0.99353886,0.0,72.84132,-47.33474,36.80454,1.0
-0.9997859,0.013837071,-0.015383169,0.0,0.015485362,0.9934992,-0.112780966,0.0,0.013722608,-0.112995036,-0.99350077,0.0,72.84437,-47.423492,36.526894,1.0
-0.9997859,0.013837071,-0.015383169,0.0,0.015489878,0.99346197,-0.11310792,0.0,0.013717511,-0.11332199,-0.99346364,0.0,72.84745,-47.509293,36.24892,1.0
-0.9997859,0.013837071,-0.015383169,0.0,0.015494262,0.99342567,-0.11342547,0.0,0.013712559,-0.11363954,-0.9934274,0.0,72.85059,-47.59179,35.970577,1.0
-0.9997859,0.013837071,-0.015383169,0.0,0.01549851,0.99339044,-0.11373329,0.0,0.013707757,-0.11394736,-0.9933922,0.0,72.85379,-47.670593,35.691807,1.0
-0.9997859,0.013837071,-0.015383169,0.0,0.01550262,0.9933562,-0.11403118,0.0,0.013703109,-0.11424525,-0.9933581,0.0,72.85705,-47.74524,35.41256,1.0
-0.9997859,0.013837071,-0.015383169,0.0,0.015506591,0.993323,-0.1143191,0.0,0.013698615,-0.11453317,-0.993325,0.0,72.86039,-47.815216,35.13277,1.0
-0.9997859,0.013837071,-0.015383169,0.0,0.015510433,0.9932909,-0.11459777,0.0,0.013694264,-0.11481184,-0.99329287,0.0,72.8638,-47.88025,34.85241,1.0
-0.9997859,0.013837071,-0.015383169,0.0,0.015514168,0.99325955,-0.114868656,0.0,0.013690034,-0.11508272,-0.9932616,0.0,72.86729,-47.94056,34.571514,1.0
-0.9997859,0.013837071,-0.015383169,0.0,0.015517812,0.99322885,-0.115133114,0.0,0.013685903,-0.11534718,-0.99323094,0.0,72.87084,-47.996353,34.290115,1.0
-0.9997859,0.013837071,-0.015383169,0.0,0.015521384,0.9931987,-0.11539235,0.0,0.013681851,-0.11560642,-0.99320084,0.0,72.874466,-48.047844,34.008247,1.0
-0.9997859,0.013837071,-0.015383169,0.0,0.015524897,0.993169,-0.11564743,0.0,0.013677865,-0.11586149,-0.9931712,0.0,72.87816,-48.095238,33.72595,1.0
-0.9997859,0.013837071,-0.015383169,0.0,0.015528365,0.99313956,-0.11589928,0.0,0.013673928,-0.11611334,-0.99314183,0.0,72.881905,-48.13874,33.44324,1.0
-0.9997859,0.013837071,-0.015383169,0.0,0.015531799,0.99311036,-0.11614872,0.0,0.013670027,-0.11636279,-0.9931127,0.0,72.88571,-48.178528,33.16015,1.0
-0.9997859,0.013837071,-0.015383169,0.0,0.015535209,0.99308133,-0.11639648,0.0,0.013666152,-0.11661054,-0.9930837,0.0,72.88957,-48.21479,32.876694,1.0
-0.9997859,0.013837071,-0.015383169,0.0,0.015538604,0.9930523,-0.11664318,0.0,0.013662292,-0.116857246,-0.99305475,0.0,72.89348,-48.24769,32.592907,1.0
-0.9997859,0.013837071,-0.015383169,0.0,0.01554199,0.99302334,-0.11688939,0.0,0.013658439,-0.11710345,-0.9930258,0.0,72.89744,-48.27742,32.308807,1.0
-0.9997859,0.013837071,-0.015383169,0.0,0.015545376,0.99299425,-0.11713556,0.0,0.013654585,-0.117349625,-0.9929968,0.0,72.90144,-48.30413,32.024418,1.0
-0.9997859,0.013837071,-0.015383169,0.0,0.015548766,0.9929651,-0.11738213,0.0,0.013650725,-0.11759619,-0.99296767,0.0,72.905495,-48.327995,31.73975,1.0
-0.9997859,0.013837071,-0.015383169,0.0,0.015552165,0.9929358,-0.11762943,0.0,0.013646852,-0.11784349,-0.9929384,0.0,72.909584,-48.34916,31.454823,1.0
-0.9997859,0.013837071,-0.015383169,0.0,0.015555578,0.9929063,-0.11787776,0.0,0.013642962,-0.118091814,-0.99290895,0.0,72.91372,-48.367805,31.169657,1.0
-0.9997859,0.013837071,-0.015383169,0.0,0.015559007,0.9928765,-0.11812735,0.0,0.0136390515,-0.118341416,-0.9928793,0.0,72.917885,-48.384087,30.884262,1.0
-0.9997859,0.013837071,-0.015383169,0.0,0.015562455,0.9928466,-0.118378416,0.0,0.013635117,-0.11859247,-0.9928494,0.0,72.92208,-48.398155,30.598661,1.0
-0.9997859,0.013837071,-0.015383169,0.0,0.015565924,0.9928164,-0.11863107,0.0,0.013631156,-0.11884513,-0.99281925,0.0,72.926315,-48.410217,30.312862,1.0
-0.9997859,0.013837071,-0.015383169,0.0,0.015569416,0.99278593,-0.118885405,0.0,0.013627168,-0.11909947,-0.9927888,0.0,72.93057,-48.420433,30.026886,1.0
-0.9997859,0.013837071,-0.015383169,0.0,0.015572931,0.9927552,-0.11914146,0.0,0.013623152,-0.119355515,-0.9927581,0.0,72.93485,-48.429024,29.740746,1.0
-0.9997859,0.013837071,-0.015383169,0.0,0.015576467,0.9927241,-0.11939919,0.0,0.013619108,-0.119613245,-0.99272716,0.0,72.93916,-48.43621,29.454454,1.0
-0.9997859,0.013837071,-0.015383169,0.0,0.015580024,0.9926928,-0.11965851,0.0,0.013615039,-0.11987256,-0.9926959,0.0,72.94348,-48.442253,29.168037,1.0
-0.9997859,0.013837071,-0.015383169,0.0,0.015583599,0.99266136,-0.11991922,0.0,0.013610947,-0.120133266,-0.99266446,0.0,72.94782,-48.44748,28.881512,1.0
-0.9997859,0.013837071,-0.015383169,0.0,0.015587188,0.99262965,-0.12018102,0.0,0.013606836,-0.12039507,-0.9926328,0.0,72.95217,-48.452293,28.594902,1.0
-0.9997859,0.013837071,-0.015383169,0.0,0.015590785,0.99259776,-0.12044348,0.0,0.013602714,-0.12065753,-0.992601,0.0,72.956505,-48.457214,28.308247,1.0
-0.9997859,0.013837071,-0.015383169,0.0,0.015594382,0.9925658,-0.12070596,0.0,0.013598591,-0.12092002,-0.9925691,0.0,72.96084,-48.463005,28.021603,1.0
-0.9997859,0.013837071,-0.015383169,0.0,0.015597966,0.9925339,-0.120967574,0.0,0.01359448,-0.12118163,-0.99253726,0.0,72.96514,-48.470795,27.735052,1.0
-0.9997859,0.013837071,-0.015383169,0.0,0.01560152,0.99250215,-0.12122712,0.0,0.013590401,-0.12144117,-0.9925056,0.0,72.96938,-48.48246,27.448761,1.0
-0.9997859,0.013837071,-0.015383169,0.0,0.01560503,0.9924708,-0.121483445,0.0,0.013586371,-0.12169749,-0.99247426,0.0,72.97351,-48.50174,27.163076,1.0
