-0.9997859,0.013837071,-0.015383169,0.0,0.014752573,0.9980235,-0.061085787,0.0,0.014507515,-0.061299648,-0.998014,0.0,71.17353,-111.88046,87.138885,1.0
-0.9997859,0.013837071,-0.015383169,0.0,0.0147641655,0.99797416,-0.06188357,0.0,0.014495718,-0.06209744,-0.9979648,0.0,71.17898,-111.74449,86.90727,1.0
-0.9997859,0.013837071,-0.015383169,0.0,0.01477702,0.99791867,-0.062768884,0.0,0.014482615,-0.06298276,-0.99790955,0.0,71.18447,-111.597885,86.68216,1.0
-0.9997859,0.013837071,-0.015383169,0.0,0.014790386,0.99786013,-0.06369029,0.0,0.014468963,-0.06390418,-0.99785113,0.0,71.18998,-111.447365,86.45962,1.0
-0.9997859,0.013837071,-0.015383169,0.0,0.014803924,0.9977999,-0.06462436,0.0,0.014455112,-0.06483825,-0.9977911,0.0,71.19549,-111.295685,86.23786,1.0
-0.9997859,0.013837071,-0.015383169,0.0,0.01481744,0.9977388,-0.06555775,0.0,0.014441256,-0.065771654,-0.9977302,0.0,71.201,-111.14435,86.01587,1.0
-0.9997859,0.013837071,-0.015383169,0.0,0.014830807,0.99767745,-0.06648167,0.0,0.014427529,-0.066695586,-0.99766904,0.0,71.206505,-110.99435,85.792984,1.0
-0.9997859,0.013837071,-0.015383169,0.0,0.014843932,0.9976163,-0.06738971,0.0,0.014414024,-0.06760363,-0.9976081,0.0,71.212006,-110.84642,85.5687,1.0
-0.9997859,0.013837071,-0.015383169,0.0,0.014856744,0.9975558,-0.06827675,0.0,0.014400819,-0.06849068,-0.9975478,0.0,71.21748,-110.701195,85.34269,1.0
-0.9997859,0.013837071,-0.015383169,0.0,0.014869178,0.99749625,-0.069138445,0.0,0.01438798,-0.06935238,-0.99748844,0.0,71.22296,-110.559235,85.11462,1.0
-0.9997859,0.013837071,-0.015383169,0.0,0.0148811815,0.997438,-0.06997096,0.0,0.014375565,-0.0701849,-0.9974304,0.0,71.228424,-110.42109,84.88422,1.0
-0.9997859,0.013837071,-0.015383169,0.0,0.014892704,0.99738145,-0.07077074,0.0,0.014363627,-0.07098469,-0.997374,0.0,71.23386,-110.287315,84.65127,1.0
-0.9997859,0.013837071,-0.015383169,0.0,0.014903698,0.9973268,-0.07153446,0.0,0.014352219,-0.07174841,-0.9973195,0.0,71.239265,-110.158485,84.41556,1.0
-0.9997859,0.013837071,-0.015383169,0.0,0.0149141215,0.9972744,-0.072258964,0.0,0.014341388,-0.07247292,-0.99726725,0.0,71.244644,-110.035255,84.176895,1.0
-0.9997859,0.013837071,-0.015383169,0.0,0.01492393,0.99722457,-0.07294127,0.0,0.014331181,-0.07315523,-0.9972176,0.0,71.249985,-109.918304,83.935104,1.0
-0.9997859,0.013837071,-0.015383169,0.0,0.014933087,0.9971776,-0.07357862,0.0,0.014321639,-0.073792584,-0.99717075,0.0,71.25527,-109.8084,83.690056,1.0
-0.9997859,0.013837071,-0.015383169,0.0,0.014941557,0.9971338,-0.07416856,0.0,0.014312802,-0.074382536,-0.99712706,0.0,71.260506,-109.70641,83.44162,1.0
-0.9997859,0.013837071,-0.015383169,0.0,0.014949314,0.9970933,-0.074709125,0.0,0.014304699,-0.0749231,-0.9970867,0.0,71.26568,-109.61331,83.18975,1.0
-0.9997859,0.013837071,-0.015383169,0.0,0.01495634,0.99705637,-0.07519901,0.0,0.014297353,-0.07541299,-0.99704987,0.0,71.27075,-109.53018,82.93443,1.0
-0.9997859,0.013837071,-0.015383169,0.0,0.014962633,0.9970231,-0.07563791,0.0,0.014290768,-0.07585189,-0.99701667,0.0,71.27573,-109.45824,82.67577,1.0
-0.9997859,0.013837071,-0.015383169,0.0,0.014968212,0.99699336,-0.07602723,0.0,0.014284924,-0.07624121,-0.99698704,0.0,71.28058,-109.39873,82.41399,1.0
-0.9997859,0.013837071,-0.015383169,0.0,0.014973285,0.99696624,-0.07638129,0.0,0.014279607,-0.07659527,-0.99696,0.0,71.28532,-109.34945,82.1501,1.0
-0.9997859,0.013837071,-0.015383169,0.0,0.014978004,0.99694085,-0.07671086,0.0,0.014274657,-0.076924846,-0.9969347,0.0,71.28998,-109.30832,81.88481,1.0
-0.9997859,0.013837071,-0.015383169,0.0,0.0149824405,0.9969169,-0.07702075,0.0,0.01427,-0.07723474,-0.9969108,0.0,71.29453,-109.274666,81.618484,1.0
-0.9997859,0.013837071,-0.015383169,0.0,0.014986652,0.99689406,-0.077315,0.0,0.014265577,-0.07752899,-0.99688804,0.0,71.29902,-109.247795,81.351395,1.0
-0.9997859,0.013837071,-0.015383169,0.0,0.014990686,0.9968721,-0.07759698,0.0,0.014261337,-0.07781097,-0.9968661,0.0,71.30342,-109.22703,81.08376,1.0
-0.9997859,0.013837071,-0.015383169,0.0,0.014994584,0.9968508,-0.07786942,0.0,0.014257239,-0.07808342,-0.9968449,0.0,71.30776,-109.211716,80.81577,1.0
-0.9997859,0.013837071,-0.015383169,0.0,0.014998375,0.99683,-0.07813456,0.0,0.014253251,-0.078348555,-0.99682415,0.0,71.31203,-109.20125,80.54754,1.0
-0.9997859,0.013837071,-0.015383169,0.0,0.015002087,0.99680954,-0.078394145,0.0,0.014249344,-0.07860814,-0.99680376,0.0,71.316246,-109.195045,80.27918,1.0
-0.9997859,0.013837071,-0.015383169,0.0,0.015005738,0.9967894,-0.07864958,0.0,0.0142455,-0.078863576,-0.9967836,0.0,71.32041,-109.19257,80.010765,1.0
-0.9997859,0.013837071,-0.015383169,0.0,0.015009344,0.99676937,-0.07890194,0.0,0.0142417,-0.07911594,-0.9967637,0.0,71.324524,-109.19332,79.74234,1.0
-0.9997859,0.013837071,-0.015383169,0.0,0.015012917,0.9967495,-0.07915208,0.0,0.014237933,-0.07936608,-0.99674386,0.0,71.32861,-109.19683,79.47393,1.0
-0.9997859,0.013837071,-0.015383169,0.0,0.015016467,0.9967297,-0.07940063,0.0,0.014234189,-0.07961463,-0.99672407,0.0,71.33266,-109.20266,79.20557,1.0
-0.9997859,0.013837071,-0.015383169,0.0,0.015020001,0.9967099,-0.07964809,0.0,0.01423046,-0.079862095,-0.99670434,0.0,71.33668,-109.21042,78.93725,1.0
-0.9997859,0.013837071,-0.015383169,0.0,0.015023523,0.9966901,-0.07989483,0.0,0.014226741,-0.08010884,-0.9966846,0.0,71.340675,-109.21974,78.668976,1.0
-0.9997859,0.013837071,-0.015383169,0.0,0.015027039,0.99667025,-0.08014113,0.0,0.014223029,-0.08035514,-0.9966648,0.0,71.34466,-109.23027,78.40076,1.0
-0.9997859,0.013837071,-0.015383169,0.0,0.01503055,0.9966504,-0.08038721,0.0,0.014219318,-0.08060122,-0.996645,0.0,71.348625,-109.24172,78.13257,1.0
-0.9997859,0.013837071,-0.015383169,0.0,0.015034059,0.99663043,-0.080633245,0.0,0.014215607,-0.080847256,-0.9966251,0.0,71.352585,-109.25378,77.86441,1.0
-0.9997859,0.013837071,-0.015383169,0.0,0.01503757,0.99661046,-0.080879375,0.0,0.014211893,-0.081093386,-0.99660516,0.0,71.35654,-109.2662,77.59627,1.0
-0.9997859,0.013837071,-0.015383169,0.0,0.015041082,0.9965904,-0.081125714,0.0,0.014208176,-0.08133973,-0.99658513,0.0,71.36049,-109.2787,77.328125,1.0
-0.9997859,0.013837071,-0.015383169,0.0,0.015044599,0.9965702,-0.081372395,0.0,0.014204453,-0.081586406,-0.99656504,0.0,71.36445,-109.29109,77.059975,1.0
-0.9997859,0.013837071,-0.015383169,0.0,0.01504812,0.99654996,-0.081619516,0.0,0.014200721,-0.081833534,-0.99654484,0.0,71.36841,-109.30313,76.79182,1.0
-0.9997859,0.013837071,-0.015383169,0.0,0.01505165,0.9965296,-0.0818672,0.0,0.014196981,-0.08208122,-0.9965245,0.0,71.372375,-109.31464,76.523636,1.0
-0.9997859,0.013837071,-0.015383169,0.0,0.015055188,0.9965091,-0.08211559,0.0,0.014193228,-0.08232961,-0.99650407,0.0,71.37635,-109.325424,76.25542,1.0
-0.9997859,0.013837071,-0.015383169,0.0,0.015058737,0.99648845,-0.082364805,0.0,0.014189463,-0.08257883,-0.9964835,0.0,71.38035,-109.33532,75.98717,1.0
-0.9997859,0.013837071,-0.015383169,0.0,0.0150623,0.9964677,-0.082615025,0.0,0.014185681,-0.08282904,-0.9964628,0.0,71.384346,-109.34417,75.71889,1.0
-0.9997859,0.013837071,-0.015383169,0.0,0.015065878,0.9964468,-0.082866415,0.0,0.014181881,-0.08308043,-0.9964419,0.0,71.388374,-109.35183,75.45056,1.0
-0.9997859,0.013837071,-0.015383169,0.0,0.0150694745,0.9964257,-0.08311917,0.0,0.014178059,-0.08333319,-0.99642086,0.0,71.39241,-109.35816,75.182205,1.0
-0.9997859,0.013837071,-0.015383169,0.0,0.015073094,0.99640435,-0.08337351,0.0,0.014174212,-0.083587535,-0.99639964,0.0,71.39648,-109.36303,74.91381,1.0
-0.9997859,0.013837071,-0.015383169,0.0,0.015076734,0.99638283,-0.083629504,0.0,0.014170338,-0.08384353,-0.9963782,0.0,71.40056,-109.36651,74.64541,1.0
-0.9997859,0.013837071,-0.015383169,0.0,0.015080397,0.99636114,-0.083887056,0.0,0.014166441,-0.08410108,-0.99635655,0.0,71.40465,-109.36883,74.37698,1.0
-0.9997859,0.013837071,-0.015383169,0.0,0.0150840795,0.99633926,-0.08414605,0.0,0.01416252,-0.08436008,-0.9963347,0.0,71.40877,-109.3702,74.10855,1.0
-0.9997859,0.013837071,-0.015383169,0.0,0.015087779,0.9963172,-0.08440638,0.0,0.014158579,-0.084620416,-0.9963127,0.0,71.41289,-109.370804,73.84012,1.0
-0.9997859,0.013837071,-0.015383169,0.0,0.015091496,0.9962949,-0.08466793,0.0,0.014154618,-0.084881954,-0.99629045,0.0,71.417015,-109.37082,73.571686,1.0
-0.9997859,0.013837071,-0.015383169,0.0,0.015095226,0.9962725,-0.08493055,0.0,0.014150639,-0.08514458,-0.9962681,0.0,71.42115,-109.3704,73.303246,1.0
-0.9997859,0.013837071,-0.015383169,0.0,0.015098969,0.99625,-0.085194126,0.0,0.014146645,-0.08540816,-0.9962456,0.0,71.42529,-109.369705,73.034805,1.0
-0.9997859,0.013837071,-0.015383169,0.0,0.015102724,0.99622726,-0.08545854,0.0,0.014142636,-0.08567257,-0.996223,0.0,71.429436,-109.36886,72.76637,1.0
-0.9997859,0.013837071,-0.015383169,0.0,0.015106487,0.99620444,-0.085723676,0.0,0.014138617,-0.08593771,-0.9962002,0.0,71.43358,-109.368,72.49793,1.0
-0.9997859,0.013837071,-0.015383169,0.0,0.015110258,0.9961815,-0.085989416,0.0,0.014134586,-0.086203456,-0.99617726,0.0,71.43771,-109.36724,72.22949,1.0
-0.9997859,0.013837071,-0.015383169,0.0,0.015114035,0.99615836,-0.08625567,0.0,0.014130547,-0.0864697,-0.99615425,0.0,71.44186,-109.36671,71.96106,1.0
-0.9997859,0.013837071,-0.015383169,0.0,0.015117818,0.9961352,-0.086522326,0.0,0.014126501,-0.086736366,-0.9961311,0.0,71.44599,-109.3665,71.69262,1.0
-0.9997859,0.013837071,-0.015383169,0.0,0.015121602,0.9961119,-0.0867893,0.0,0.014122448,-0.087003335,-0.99610794,0.0,71.45011,-109.366745,71.42418,1.0
-0.9997859,0.013837071,-0.015383169,0.0,0.015125391,0.99608856,-0.0870565,0.0,0.014118391,-0.08727054,-0.9960846,0.0,71.45424,-109.36752,71.15575,1.0
-0.9997859,0.013837071,-0.015383169,0.0,0.01512918,0.9960651,-0.08732385,0.0,0.014114331,-0.08753789,-0.9960612,0.0,71.45834,-109.36894,70.88731,1.0
-0.9997859,0.013837071,-0.015383169,0.0,0.015132968,0.99604154,-0.087591276,0.0,0.014110269,-0.087805316,-0.9960377,0.0,71.46245,-109.3711,70.61888,1.0
-0.9997859,0.013837071,-0.015383169,0.0,0.015136756,0.99601793,-0.087858684,0.0,0.014106206,-0.088072725,-0.9960142,0.0,71.46653,-109.37409,70.35046,1.0
-0.9997859,0.013837071,-0.015383169,0.0,0.015140542,0.99599427,-0.088126,0.0,0.014102142,-0.088340044,-0.9959906,0.0,71.47061,-109.378006,70.08205,1.0
-0.9997859,0.013837071,-0.015383169,0.0,0.015144323,0.99597055,-0.08839313,0.0,0.014098081,-0.08860718,-0.99596685,0.0,71.47467,-109.38294,69.81365,1.0
-0.9997859,0.013837071,-0.015383169,0.0,0.0151480995,0.99594676,-0.08865996,0.0,0.014094023,-0.088874005,-0.9959431,0.0,71.47872,-109.388985,69.54527,1.0
-0.9997859,0.013837071,-0.015383169,0.0,0.0151518695,0.9959229,-0.088926345,0.0,0.014089971,-0.08914039,-0.9959194,0.0,71.48275,-109.39622,69.27693,1.0
-0.9997859,0.013837071,-0.015383169,0.0,0.015155628,0.99589914,-0.08919208,0.0,0.014085928,-0.089406125,-0.9958956,0.0,71.486755,-109.40475,69.00863,1.0
-0.9997859,0.013837071,-0.015383169,0.0,0.015159372,0.9958753,-0.08945685,0.0,0.014081898,-0.0896709,-0.9958719,0.0,71.490746,-109.41465,68.74037,1.0
-0.9997859,0.013837071,-0.015383169,0.0,0.015163097,0.9958516,-0.08972025,0.0,0.014077888,-0.0899343,-0.9958482,0.0,71.49471,-109.426025,68.472176,1.0
-0.9997859,0.013837071,-0.015383169,0.0,0.015166797,0.9958279,-0.08998201,0.0,0.014073902,-0.09019606,-0.9958246,0.0,71.498665,-109.43895,68.20405,1.0
-0.9997859,0.013837071,-0.015383169,0.0,0.015170468,0.9958043,-0.090241835,0.0,0.014069944,-0.09045589,-0.9958011,0.0,71.50259,-109.45353,67.936005,1.0
-0.9997859,0.013837071,-0.015383169,0.0,0.015174107,0.9957809,-0.09049938,0.0,0.01406602,-0.090713434,-0.9957777,0.0,71.50648,-109.46985,67.66806,1.0
-0.9997859,0.013837071,-0.015383169,0.0,0.015177706,0.99575764,-0.09075426,0.0,0.0140621355,-0.09096831,-0.9957545,0.0,71.510345,-109.488,67.400246,1.0
-0.9997859,0.013837071,-0.015383169,0.0,0.015181262,0.99573463,-0.091006085,0.0,0.014058297,-0.09122014,-0.99573153,0.0,71.51419,-109.50809,67.13256,1.0
-0.9997859,0.013837071,-0.015383169,0.0,0.0151847685,0.9957118,-0.091254435,0.0,0.01405451,-0.09146848,-0.99570876,0.0,71.518005,-109.53019,66.865036,1.0
-0.9997859,0.013837071,-0.015383169,0.0,0.015188218,0.99568933,-0.09149886,0.0,0.014050782,-0.091712914,-0.99568635,0.0,71.52178,-109.55442,66.5977,1.0
-0.9997859,0.013837071,-0.015383169,0.0,0.015191605,0.9956672,-0.0917389,0.0,0.014047119,-0.09195296,-0.99566424,0.0,71.52553,-109.58088,66.33058,1.0
-0.9997859,0.013837071,-0.015383169,0.0,0.015194923,0.99564546,-0.09197411,0.0,0.01404353,-0.092188165,-0.99564254,0.0,71.529236,-109.60966,66.0637,1.0
-0.9997859,0.013837071,-0.015383169,0.0,0.015198166,0.9956241,-0.09220401,0.0,0.014040021,-0.092418075,-0.9956213,0.0,71.5329,-109.64086,65.7971,1.0
-0.9997859,0.013837071,-0.015383169,0.0,0.015201326,0.9956033,-0.09242818,0.0,0.014036599,-0.09264224,-0.9956005,0.0,71.53653,-109.67461,65.5308,1.0
-0.9997859,0.013837071,-0.015383169,0.0,0.0152044,0.995583,-0.092646204,0.0,0.014033269,-0.09286027,-0.99558026,0.0,71.540115,-109.71099,65.26486,1.0
-0.9997859,0.013837071,-0.015383169,0.0,0.015207381,0.99556327,-0.09285775,0.0,0.014030038,-0.09307181,-0.9955605,0.0,71.54366,-109.75013,64.99931,1.0
-0.9997859,0.013837071,-0.015383169,0.0,0.015210265,0.9955441,-0.093062446,0.0,0.014026911,-0.09327651,-0.99554145,0.0,71.547165,-109.792,64.734184,1.0
-0.9997859,0.013837071,-0.015383169,0.0,0.0152130425,0.9955256,-0.09325953,0.0,0.0140239,-0.09347359,-0.995523,0.0,71.55063,-109.83606,64.46941,1.0
-0.9997859,0.013837071,-0.015383169,0.0,0.015215705,0.99550784,-0.093448564,0.0,0.014021011,-0.09366262,-0.9955053,0.0,71.55406,-109.882164,64.204994,1.0
-0.9997859,0.013837071,-0.015383169,0.0,0.0152182495,0.9954908,-0.093629256,0.0,0.014018249,-0.09384331,-0.9954883,0.0,71.55746,-109.93022,63.940937,1.0
-0.9997859,0.013837071,-0.015383169,0.0,0.015220675,0.9954746,-0.09380147,0.0,0.014015616,-0.09401553,-0.9954721,0.0,71.56082,-109.98015,63.67722,1.0
-0.9997859,0.013837071,-0.015383169,0.0,0.01522298,0.9954591,-0.09396525,0.0,0.014013112,-0.09417931,-0.99545664,0.0,71.564156,-110.031876,63.413857,1.0
-0.9997859,0.013837071,-0.015383169,0.0,0.01522517,0.99544436,-0.09412086,0.0,0.014010732,-0.09433492,-0.9954419,0.0,71.56747,-110.085304,63.150845,1.0
-0.9997859,0.013837071,-0.015383169,0.0,0.015227253,0.99543035,-0.09426878,0.0,0.014008469,-0.09448284,-0.9954279,0.0,71.57075,-110.14039,62.888172,1.0
-0.9997859,0.013837071,-0.015383169,0.0,0.015229235,0.99541694,-0.094409734,0.0,0.014006313,-0.0946238,-0.99541456,0.0,71.574,-110.197044,62.62584,1.0
-0.9997859,0.013837071,-0.015383169,0.0,0.015231134,0.9954041,-0.0945447,0.0,0.014004247,-0.09475877,-0.99540174,0.0,71.577225,-110.25521,62.36384,1.0
-0.9997859,0.013837071,-0.015383169,0.0,0.015232966,0.99539167,-0.094674885,0.0,0.014002255,-0.09488895,-0.9953894,0.0,71.58042,-110.31482,62.10216,1.0
-0.9997859,0.013837071,-0.015383169,0.0,0.01523475,0.9953796,-0.094801664,0.0,0.014000315,-0.095015734,-0.9953773,0.0,71.5836,-110.375824,61.840813,1.0
-0.9997859,0.013837071,-0.015383169,0.0,0.015236507,0.99536765,-0.09492661,0.0,0.013998403,-0.09514067,-0.9953654,0.0,71.586754,-110.43814,61.579777,1.0
-0.9997859,0.013837071,-0.015383169,0.0,0.015238262,0.9953557,-0.09505138,0.0,0.013996493,-0.09526544,-0.9953535,0.0,71.58989,-110.50174,61.319042,1.0
-0.9997859,0.013837071,-0.015383169,0.0,0.015240038,0.9953436,-0.09517769,0.0,0.013994559,-0.09539175,-0.9953414,0.0,71.593,-110.56655,61.058613,1.0
-0.9997859,0.013837071,-0.015383169,0.0,0.015241859,0.9953312,-0.09530725,0.0,0.013992575,-0.095521316,-0.995329,0.0,71.596085,-110.632545,60.798473,1.0
-0.9997859,0.013837071,-0.015383169,0.0,0.015243749,0.9953183,-0.095441714,0.0,0.013990516,-0.09565578,-0.99531615,0.0,71.59916,-110.69964,60.53862,1.0
-0.9997859,0.013837071,-0.015383169,0.0,0.015245729,0.99530476,-0.095582604,0.0,0.013988358,-0.09579667,-0.9953026,0.0,71.60221,-110.767815,60.279034,1.0
-0.9997859,0.013837071,-0.015383169,0.0,0.015247819,0.9952904,-0.095731296,0.0,0.01398608,-0.09594536,-0.9952883,0.0,71.60524,-110.837006,60.01972,1.0
-0.9997859,0.013837071,-0.015383169,0.0,0.015250035,0.9952752,-0.095888965,0.0,0.013983664,-0.09610303,-0.9952732,0.0,71.60825,-110.90718,59.760662,1.0
-0.9997859,0.013837071,-0.015383169,0.0,0.015252389,0.995259,-0.096056566,0.0,0.013981096,-0.09627063,-0.995257,0.0,71.61126,-110.978294,59.501858,1.0
-0.9997859,0.013837071,-0.015383169,0.0,0.015254893,0.99524176,-0.09623483,0.0,0.013978364,-0.09644889,-0.9952398,0.0,71.614235,-111.05031,59.243294,1.0
-0.9997859,0.013837071,-0.015383169,0.0,0.015257553,0.9952234,-0.09642425,0.0,0.01397546,-0.096638314,-0.99522144,0.0,71.6172,-111.12316,58.98496,1.0
-0.9997859,0.013837071,-0.015383169,0.0,0.015260373,0.99520385,-0.09662512,0.0,0.01397238,-0.09683918,-0.99520195,0.0,71.620155,-111.19684,58.72685,1.0
-0.9997859,0.013837071,-0.015383169,0.0,0.015263355,0.99518317,-0.096837506,0.0,0.013969123,-0.097051576,-0.9951813,0.0,71.62309,-111.271286,58.468956,1.0
-0.9997859,0.013837071,-0.015383169,0.0,0.015266497,0.9951613,-0.09706131,0.0,0.0139656905,-0.097275384,-0.9951595,0.0,71.626015,-111.34647,58.211273,1.0
-0.9997859,0.013837071,-0.015383169,0.0,0.01526972,0.9951388,-0.09729106,0.0,0.013962165,-0.09750513,-0.9951371,0.0,71.62893,-111.42236,57.95379,1.0
-0.9997859,0.013837071,-0.015383169,0.0,0.015272868,0.99511683,-0.09751542,0.0,0.013958722,-0.09772949,-0.9951151,0.0,71.63183,-111.49892,57.696507,1.0
-0.9997859,0.013837071,-0.015383169,0.0,0.015275937,0.9950953,-0.09773424,0.0,0.013955364,-0.09794831,-0.99509364,0.0,71.63471,-111.576096,57.439415,1.0
-0.9997859,0.013837071,-0.015383169,0.0,0.015278932,0.9950743,-0.09794784,0.0,0.013952084,-0.09816191,-0.99507266,0.0,71.63759,-111.65387,57.182503,1.0
-0.9997859,0.013837071,-0.015383169,0.0,0.015281858,0.99505365,-0.09815655,0.0,0.013948879,-0.09837062,-0.9950521,0.0,71.64046,-111.73219,56.925766,1.0
-0.9997859,0.013837071,-0.015383169,0.0,0.015284721,0.99503344,-0.098360755,0.0,0.0139457425,-0.098574825,-0.9950319,0.0,71.64331,-111.81106,56.66919,1.0
-0.9997859,0.013837071,-0.015383169,0.0,0.015287525,0.9950136,-0.09856086,0.0,0.013942668,-0.09877493,-0.9950121,0.0,71.646164,-111.8904,56.41277,1.0
-0.9997859,0.013837071,-0.015383169,0.0,0.015290278,0.99499404,-0.098757334,0.0,0.01393965,-0.09897141,-0.9949926,0.0,71.649,-111.97021,56.15649,1.0
-0.9997859,0.013837071,-0.015383169,0.0,0.015292985,0.9949748,-0.09895065,0.0,0.013936679,-0.09916472,-0.9949734,0.0,71.65183,-112.05044,55.90035,1.0
-0.9997859,0.013837071,-0.015383169,0.0,0.0152956555,0.9949558,-0.099141285,0.0,0.013933748,-0.099355355,-0.99495447,0.0,71.654655,-112.13106,55.64433,1.0
-0.9997859,0.013837071,-0.015383169,0.0,0.015298295,0.99493694,-0.09932977,0.0,0.013930851,-0.09954384,-0.99493563,0.0,71.65747,-112.21204,55.388428,1.0
-0.9997859,0.013837071,-0.015383169,0.0,0.015300911,0.9949182,-0.09951662,0.0,0.0139279775,-0.09973069,-0.994917,0.0,71.660286,-112.29335,55.132626,1.0
-0.9997859,0.013837071,-0.015383169,0.0,0.015303511,0.99489963,-0.09970237,0.0,0.01392512,-0.09991644,-0.9948984,0.0,71.663086,-112.37495,54.876923,1.0
-0.9997859,0.013837071,-0.015383169,0.0,0.015306103,0.994881,-0.099887565,0.0,0.013922271,-0.100101635,-0.9948798,0.0,71.665886,-112.45681,54.6213,1.0
-0.9997859,0.013837071,-0.015383169,0.0,0.015308694,0.9948624,-0.100072734,0.0,0.013919422,-0.100286804,-0.9948612,0.0,71.668686,-112.5389,54.36575,1.0
-0.9997859,0.013837071,-0.015383169,0.0,0.015311291,0.9948436,-0.10025842,0.0,0.013916565,-0.10047249,-0.9948425,0.0,71.67147,-112.621185,54.110264,1.0
-0.9997859,0.013837071,-0.015383169,0.0,0.015313904,0.9948247,-0.100445144,0.0,0.013913691,-0.100659214,-0.9948237,0.0,71.67427,-112.70363,53.854828,1.0
-0.9997859,0.013837071,-0.015383169,0.0,0.015316571,0.9948054,-0.10063593,0.0,0.013910754,-0.10085001,-0.9948044,0.0,71.67703,-112.78709,53.59972,1.0
-0.9997859,0.013837071,-0.015383169,0.0,0.015319358,0.9947852,-0.100835174,0.0,0.013907685,-0.101049244,-0.99478424,0.0,71.67976,-112.87284,53.34537,1.0
-0.9997859,0.013837071,-0.015383169,0.0,0.015322266,0.99476403,-0.10104323,0.0,0.013904481,-0.10125731,-0.9947631,0.0,71.68244,-112.96073,53.091747,1.0
-0.9997859,0.013837071,-0.015383169,0.0,0.0153253,0.9947419,-0.10126039,0.0,0.013901136,-0.101474464,-0.994741,0.0,71.6851,-113.0506,52.838806,1.0
-0.9997859,0.013837071,-0.015383169,0.0,0.015328466,0.9947188,-0.101486884,0.0,0.013897646,-0.10170096,-0.99471796,0.0,71.687706,-113.142265,52.586514,1.0
-0.9997859,0.013837071,-0.015383169,0.0,0.015331763,0.9946946,-0.101722926,0.0,0.0138940085,-0.101936996,-0.9946938,0.0,71.69029,-113.23561,52.334827,1.0
-0.9997859,0.013837071,-0.015383169,0.0,0.015335195,0.9946694,-0.10196866,0.0,0.01389022,-0.10218274,-0.99466866,0.0,71.69284,-113.33049,52.08371,1.0
-0.9997859,0.013837071,-0.015383169,0.0,0.015338764,0.9946431,-0.102224216,0.0,0.013886279,-0.10243829,-0.99464244,0.0,71.69536,-113.426765,51.83312,1.0
-0.9997859,0.013837071,-0.015383169,0.0,0.015342469,0.99461573,-0.10248967,0.0,0.013882185,-0.10270374,-0.99461514,0.0,71.69785,-113.524315,51.58302,1.0
-0.9997859,0.013837071,-0.015383169,0.0,0.015346312,0.99458724,-0.102765046,0.0,0.013877937,-0.102979116,-0.9945867,0.0,71.70033,-113.62303,51.33337,1.0
-0.9997859,0.013837071,-0.015383169,0.0,0.0153502915,0.9945577,-0.10305032,0.0,0.013873534,-0.1032644,-0.9945572,0.0,71.70279,-113.72279,51.084126,1.0
-0.9997859,0.013837071,-0.015383169,0.0,0.015354408,0.994527,-0.10334544,0.0,0.013868979,-0.10355952,-0.99452657,0.0,71.70522,-113.82349,50.835255,1.0
-0.9997859,0.013837071,-0.015383169,0.0,0.0153586585,0.9944952,-0.10365027,0.0,0.013864272,-0.10386434,-0.99449486,0.0,71.70764,-113.92502,50.586723,1.0
-0.9997859,0.013837071,-0.015383169,0.0,0.01536304,0.9944623,-0.103964634,0.0,0.013859416,-0.10417871,-0.994462,0.0,71.710045,-114.027275,50.338478,1.0
-0.9997859,0.013837071,-0.015383169,0.0,0.01536755,0.9944284,-0.1042883,0.0,0.013854415,-0.10450238,-0.99442816,0.0,71.71244,-114.130165,50.090492,1.0
-0.9997859,0.013837071,-0.015383169,0.0,0.015372184,0.99439335,-0.10462097,0.0,0.013849273,-0.10483504,-0.99439317,0.0,71.71482,-114.23359,49.84272,1.0
-0.9997859,0.013837071,-0.015383169,0.0,0.015376937,0.9943573,-0.10496227,0.0,0.013843996,-0.105176345,-0.9943572,0.0,71.71719,-114.33744,49.595127,1.0
-0.9997859,0.013837071,-0.015383169,0.0,0.015381802,0.9943203,-0.105311766,0.0,0.013838591,-0.105525844,-0.9943203,0.0,71.71956,-114.44164,49.34767,1.0
-0.9997859,0.013837071,-0.015383169,0.0,0.015386772,0.9942823,-0.10566896,0.0,0.013833064,-0.10588304,-0.99428236,0.0,71.72192,-114.54608,49.100315,1.0
-0.9997859,0.013837071,-0.015383169,0.0,0.01539184,0.99424344,-0.10603328,0.0,0.013827425,-0.10624736,-0.99424356,0.0,71.72427,-114.65067,48.853016,1.0
-0.9997859,0.013837071,-0.015383169,0.0,0.0153969955,0.99420375,-0.10640408,0.0,0.013821684,-0.10661816,-0.994204,0.0,71.72663,-114.75531,48.60574,1.0
-0.9997859,0.013837071,-0.015383169,0.0,0.0154022295,0.9941633,-0.106780626,0.0,0.013815851,-0.106994696,-0.9941636,0.0,71.72899,-114.85991,48.358437,1.0
-0.9997859,0.013837071,-0.015383169,0.0,0.015407531,0.99412215,-0.10716212,0.0,0.01380994,-0.107376195,-0.99412256,0.0,71.73135,-114.964355,48.111065,1.0
-0.9997859,0.013837071,-0.015383169,0.0,0.015412886,0.9940804,-0.107547686,0.0,0.013803963,-0.10776176,-0.9940809,0.0,71.73371,-115.06855,47.86359,1.0
-0.9997859,0.013837071,-0.015383169,0.0,0.015418282,0.9940382,-0.107936375,0.0,0.013797935,-0.10815045,-0.99403876,0.0,71.736084,-115.17239,47.61596,1.0
-0.9997859,0.013837071,-0.015383169,0.0,0.015423708,0.9939956,-0.10832735,0.0,0.013791869,-0.10854143,-0.99399626,0.0,71.73847,-115.275764,47.368137,1.0
-0.9997859,0.013837071,-0.015383169,0.0,0.015429146,0.99395275,-0.108719364,0.0,0.013785785,-0.10893344,-0.99395347,0.0,71.74086,-115.37856,47.12007,1.0
-0.9997859,0.013837071,-0.015383169,0.0,0.015434575,0.9939098,-0.10911088,0.0,0.013779706,-0.109324954,-0.99391055,0.0,71.74328,-115.48065,46.871716,1.0
-0.9997859,0.013837071,-0.015383169,0.0,0.015439977,0.9938668,-0.109500594,0.0,0.013773654,-0.109714665,-0.9938677,0.0,71.745705,-115.58191,46.62302,1.0
-0.9997859,0.013837071,-0.015383169,0.0,0.015445337,0.993824,-0.10988742,0.0,0.013767643,-0.11010149,-0.993825,0.0,71.748146,-115.6822,46.37394,1.0
-0.9997859,0.013837071,-0.015383169,0.0,0.0154506415,0.9937815,-0.1102704,0.0,0.01376169,-0.11048448,-0.9937826,0.0,71.75061,-115.78139,46.12441,1.0
-0.9997859,0.013837071,-0.015383169,0.0,0.015455879,0.99373937,-0.11064871,0.0,0.013755807,-0.11086278,-0.9937405,0.0,71.753105,-115.87929,45.874382,1.0
-0.9997859,0.013837071,-0.015383169,0.0,0.015461039,0.9936977,-0.11102155,0.0,0.013750007,-0.11123562,-0.99369895,0.0,71.75562,-115.97576,45.623802,1.0
-0.9997859,0.013837071,-0.015383169,0.0,0.015466112,0.99365664,-0.11138823,0.0,0.013744301,-0.11160231,-0.9936579,0.0,71.75818,-116.07061,45.3726,1.0
-0.9997859,0.013837071,-0.015383169,0.0,0.015471089,0.9936161,-0.11174811,0.0,0.013738698,-0.11196218,-0.9936175,0.0,71.760765,-116.16363,45.120728,1.0
-0.9997859,0.013837071,-0.015383169,0.0,0.015475961,0.99357635,-0.11210056,0.0,0.01373321,-0.11231463,-0.9935778,0.0,71.76339,-116.25459,44.868107,1.0
-0.9997859,0.013837071,-0.015383169,0.0,0.015480721,0.99353737,-0.11244502,0.0,0.013727844,-0.11265909,-0.99353886,0.0,71.76607,-116.34327,44.614677,1.0
-0.9997859,0.013837071,-0.015383169,0.0,0.015485362,0.9934992,-0.112780966,0.0,0.013722608,-0.112995036,-0.99350077,0.0,71.76879,-116.42937,44.360367,1.0
-0.9997859,0.013837071,-0.015383169,0.0,0.015489878,0.99346197,-0.11310792,0.0,0.013717511,-0.11332199,-0.99346364,0.0,71.77156,-116.51258,44.105103,1.0
-0.9997859,0.013837071,-0.015383169,0.0,0.015494262,0.99342567,-0.11342547,0.0,0.013712559,-0.11363954,-0.9934274,0.0,71.7744,-116.59256,43.848816,1.0
-0.9997859,0.013837071,-0.015383169,0.0,0.01549851,0.99339044,-0.11373329,0.0,0.013707757,-0.11394736,-0.9933922,0.0,71.777306,-116.668915,43.591427,1.0
-0.9997859,0.013837071,-0.015383169,0.0,0.01550262,0.9933562,-0.11403118,0.0,0.013703109,-0.11424525,-0.9933581,0.0,71.78027,-116.74119,43.33287,1.0
-0.9997859,0.013837071,-0.015383169,0.0,0.015506591,0.993323,-0.1143191,0.0,0.013698615,-0.11453317,-0.993325,0.0,71.78334,-116.80885,43.07308,1.0
-0.9997859,0.013837071,-0.015383169,0.0,0.015510433,0.9932909,-0.11459777,0.0,0.013694264,-0.11481184,-0.99329287,0.0,71.78648,-116.87166,42.812073,1.0
-0.9997859,0.013837071,-0.015383169,0.0,0.015514168,0.99325955,-0.114868656,0.0,0.013690034,-0.11508272,-0.9932616,0.0,71.78971,-116.92979,42.54999,1.0
-0.9997859,0.013837071,-0.015383169,0.0,0.015517812,0.99322885,-0.115133114,0.0,0.013685903,-0.11534718,-0.99323094,0.0,71.793015,-116.98345,42.28696,1.0
-0.9997859,0.013837071,-0.015383169,0.0,0.015521384,0.9931987,-0.11539235,0.0,0.013681851,-0.11560642,-0.99320084,0.0,71.796394,-117.032845,42.0231,1.0
-0.9997859,0.013837071,-0.015383169,0.0,0.015524897,0.993169,-0.11564743,0.0,0.013677865,-0.11586149,-0.9931712,0.0,71.79984,-117.07818,41.75852,1.0
-0.9997859,0.013837071,-0.015383169,0.0,0.015528365,0.99313956,-0.11589928,0.0,0.013673928,-0.11611334,-0.99314183,0.0,71.803345,-117.11964,41.493305,1.0
-0.9997859,0.013837071,-0.015383169,0.0,0.015531799,0.99311036,-0.11614872,0.0,0.013670027,-0.11636279,-0.9931127,0.0,71.806915,-117.157394,41.227535,1.0
-0.9997859,0.013837071,-0.015383169,0.0,0.015535209,0.99308133,-0.11639648,0.0,0.013666152,-0.11661054,-0.9930837,0.0,71.81054,-117.19164,40.961292,1.0
-0.9997859,0.013837071,-0.015383169,0.0,0.015538604,0.9930523,-0.11664318,0.0,0.013662292,-0.116857246,-0.99305475,0.0,71.81421,-117.22253,40.69464,1.0
-0.9997859,0.013837071,-0.015383169,0.0,0.01554199,0.99302334,-0.11688939,0.0,0.013658439,-0.11710345,-0.9930258,0.0,71.81793,-117.250244,40.427643,1.0
-0.9997859,0.013837071,-0.015383169,0.0,0.015545376,0.99299425,-0.11713556,0.0,0.013654585,-0.117349625,-0.9929968,0.0,71.8217,-117.27493,40.16035,1.0
-0.9997859,0.013837071,-0.015383169,0.0,0.015548766,0.9929651,-0.11738213,0.0,0.013650725,-0.11759619,-0.99296767,0.0,71.825516,-117.296776,39.892807,1.0
-0.9997859,0.013837071,-0.015383169,0.0,0.015552165,0.9929358,-0.11762943,0.0,0.013646852,-0.11784349,-0.9929384,0.0,71.82937,-117.3159,39.625057,1.0
-0.9997859,0.013837071,-0.015383169,0.0,0.015555578,0.9929063,-0.11787776,0.0,0.013642962,-0.118091814,-0.99290895,0.0,71.83327,-117.3325,39.35714,1.0
-0.9997859,0.013837071,-0.015383169,0.0,0.015559007,0.9928765,-0.11812735,0.0,0.0136390515,-0.118341416,-0.9928793,0.0,71.8372,-117.34671,39.08908,1.0
-0.9997859,0.013837071,-0.015383169,0.0,0.015562455,0.9928466,-0.118378416,0.0,0.013635117,-0.11859247,-0.9928494,0.0,71.841156,-117.3587,38.82092,1.0
-0.9997859,0.013837071,-0.015383169,0.0,0.015565924,0.9928164,-0.11863107,0.0,0.013631156,-0.11884513,-0.99281925,0.0,71.845146,-117.36867,38.55267,1.0
-0.9997859,0.013837071,-0.015383169,0.0,0.015569416,0.99278593,-0.118885405,0.0,0.013627168,-0.11909947,-0.9927888,0.0,71.84916,-117.37677,38.28436,1.0
-0.9997859,0.013837071,-0.015383169,0.0,0.015572931,0.9927552,-0.11914146,0.0,0.013623152,-0.119355515,-0.9927581,0.0,71.853195,-117.383224,38.016003,1.0
-0.9997859,0.013837071,-0.015383169,0.0,0.015576467,0.9927241,-0.11939919,0.0,0.013619108,-0.119613245,-0.99272716,0.0,71.85726,-117.38825,37.747612,1.0
-0.9997859,0.013837071,-0.015383169,0.0,0.015580024,0.9926928,-0.11965851,0.0,0.013615039,-0.11987256,-0.9926959,0.0,71.861336,-117.39212,37.479206,1.0
-0.9997859,0.013837071,-0.015383169,0.0,0.015583599,0.99266136,-0.11991922,0.0,0.013610947,-0.120133266,-0.99266446,0.0,71.865425,-117.395164,37.21079,1.0
-0.9997859,0.013837071,-0.015383169,0.0,0.015587188,0.99262965,-0.12018102,0.0,0.013606836,-0.12039507,-0.9926328,0.0,71.86952,-117.39777,36.942364,1.0
-0.9997859,0.013837071,-0.015383169,0.0,0.015590785,0.99259776,-0.12044348,0.0,0.013602714,-0.12065753,-0.992601,0.0,71.87361,-117.40048,36.67394,1.0
-0.9997859,0.013837071,-0.015383169,0.0,0.015594382,0.9925658,-0.12070596,0.0,0.013598591,-0.12092002,-0.9925691,0.0,71.87769,-117.40405,36.405525,1.0
-0.9997859,0.013837071,-0.015383169,0.0,0.015597966,0.9925339,-0.120967574,0.0,0.01359448,-0.12118163,-0.99253726,0.0,71.881744,-117.40962,36.137146,1.0
-0.9997859,0.013837071,-0.015383169,0.0,0.01560152,0.99250215,-0.12122712,0.0,0.013590401,-0.12144117,-0.9925056,0.0,71.88574,-117.41908,35.86888,1.0
-0.9997859,0.013837071,-0.015383169,0.0,0.01560503,0.9924708,-0.121483445,0.0,0.013586371,-0.12169749,-0.99247426,0.0,71.889626,-117.43619,35.601,1.0
