-0.9997859 0.013837071 -0.015383169 0.0 0.014752573 0.9980235 -0.061085787 0.0 0.014507515 -0.061299648 -0.998014 0.0 72.198204 -42.56038 82.89603 1.0
-0.9997859 0.013837071 -0.015383169 0.0 0.0147641655 0.99797416 -0.06188357 0.0 0.014495718 -0.06209744 -0.9979648 0.0 72.20446 -42.427837 82.609 1.0
-0.9997859 0.013837071 -0.015383169 0.0 0.01477702 0.99791867 -0.062768884 0.0 0.014482615 -0.06298276 -0.99790955 0.0 72.210846 -42.285088 82.322395 1.0
-0.9997859 0.013837071 -0.015383169 0.0 0.014790386 0.99786013 -0.06369029 0.0 0.014468963 -0.06390418 -0.99785113 0.0 72.21728 -42.138634 82.03586 1.0
-0.9997859 0.013837071 -0.015383169 0.0 0.014803924 0.9977999 -0.06462436 0.0 0.014455112 -0.06483825 -0.9977911 0.0 72.22373 -41.991135 81.74922 1.0
-0.9997859 0.013837071 -0.015383169 0.0 0.01481744 0.9977388 -0.06555775 0.0 0.014441256 -0.065771654 -0.9977302 0.0 72.23018 -41.84404 81.4624 1.0
-0.9997859 0.013837071 -0.015383169 0.0 0.014830807 0.99767745 -0.06648167 0.0 0.014427529 -0.066695586 -0.99766904 0.0 72.23661 -41.6983 81.17534 1.0
-0.9997859 0.013837071 -0.015383169 0.0 0.014843932 0.9976163 -0.06738971 0.0 0.014414024 -0.06760363 -0.9976081 0.0 72.24303 -41.554623 80.88799 1.0
-0.9997859 0.013837071 -0.015383169 0.0 0.014856744 0.9975558 -0.06827675 0.0 0.014400819 -0.06849068 -0.9975478 0.0 72.2494 -41.4136 80.600365 1.0
-0.9997859 0.013837071 -0.015383169 0.0 0.014869178 0.99749625 -0.069138445 0.0 0.01438798 -0.06935238 -0.99748844 0.0 72.25574 -41.275776 80.31244 1.0
-0.9997859 0.013837071 -0.015383169 0.0 0.0148811815 0.997438 -0.06997096 0.0 0.014375565 -0.0701849 -0.9974304 0.0 72.26203 -41.141674 80.024216 1.0
-0.9997859 0.013837071 -0.015383169 0.0 0.014892704 0.99738145 -0.07077074 0.0 0.014363627 -0.07098469 -0.997374 0.0 72.268265 -41.011826 79.73572 1.0
-0.9997859 0.013837071 -0.015383169 0.0 0.014903698 0.9973268 -0.07153446 0.0 0.014352219 -0.07174841 -0.9973195 0.0 72.27444 -40.8868 79.44696 1.0
-0.9997859 0.013837071 -0.015383169 0.0 0.0149141215 0.9972744 -0.072258964 0.0 0.014341388 -0.07247292 -0.99726725 0.0 72.28054 -40.767204 79.157974 1.0
-0.9997859 0.013837071 -0.015383169 0.0 0.01492393 0.99722457 -0.07294127 0.0 0.014331181 -0.07315523 -0.9972176 0.0 72.28656 -40.653713 78.8688 1.0
-0.9997859 0.013837071 -0.015383169 0.0 0.014933087 0.9971776 -0.07357862 0.0 0.014321639 -0.073792584 -0.99717075 0.0 72.29249 -40.547073 78.579475 1.0
-0.9997859 0.013837071 -0.015383169 0.0 0.014941557 0.9971338 -0.07416856 0.0 0.014312802 -0.074382536 -0.99712706 0.0 72.29831 -40.44813 78.29007 1.0
-0.9997859 0.013837071 -0.015383169 0.0 0.014949314 0.9970933 -0.074709125 0.0 0.014304699 -0.0749231 -0.9970867 0.0 72.304016 -40.35784 78.00065 1.0
-0.9997859 0.013837071 -0.015383169 0.0 0.01495634 0.99705637 -0.07519901 0.0 0.014297353 -0.07541299 -0.99704987 0.0 72.30958 -40.277275 77.71131 1.0
-0.9997859 0.013837071 -0.015383169 0.0 0.014962633 0.9970231 -0.07563791 0.0 0.014290768 -0.07585189 -0.99701667 0.0 72.314995 -40.20764 77.422165 1.0
-0.9997859 0.013837071 -0.015383169 0.0 0.014968212 0.99699336 -0.07602723 0.0 0.014284924 -0.07624121 -0.99698704 0.0 72.32023 -40.1502 77.13334 1.0
-0.9997859 0.013837071 -0.015383169 0.0 0.014973285 0.99696624 -0.07638129 0.0 0.014279607 -0.07659527 -0.99696 0.0 72.325325 -40.1028 76.84486 1.0
-0.9997859 0.013837071 -0.015383169 0.0 0.014978004 0.99694085 -0.07671086 0.0 0.014274657 -0.076924846 -0.9969347 0.0 72.33031 -40.063435 76.55668 1.0
-0.9997859 0.013837071 -0.015383169 0.0 0.0149824405 0.9969169 -0.07702075 0.0 0.01427 -0.07723474 -0.9969108 0.0 72.335175 -40.031445 76.26883 1.0
-0.9997859 0.013837071 -0.015383169 0.0 0.014986652 0.99689406 -0.077315 0.0 0.014265577 -0.07752899 -0.99688804 0.0 72.33995 -40.00616 75.9813 1.0
-0.9997859 0.013837071 -0.015383169 0.0 0.014990686 0.9968721 -0.07759698 0.0 0.014261337 -0.07781097 -0.9968661 0.0 72.344635 -39.986916 75.694084 1.0
-0.9997859 0.013837071 -0.015383169 0.0 0.014994584 0.9968508 -0.07786942 0.0 0.014257239 -0.07808342 -0.9968449 0.0 72.34924 -39.973087 75.407166 1.0
-0.9997859 0.013837071 -0.015383169 0.0 0.014998375 0.99683 -0.07813456 0.0 0.014253251 -0.078348555 -0.99682415 0.0 72.353775 -39.964066 75.12052 1.0
-0.9997859 0.013837071 -0.015383169 0.0 0.015002087 0.99680954 -0.078394145 0.0 0.014249344 -0.07860814 -0.99680376 0.0 72.35825 -39.959282 74.83413 1.0
-0.9997859 0.013837071 -0.015383169 0.0 0.015005738 0.9967894 -0.07864958 0.0 0.0142455 -0.078863576 -0.9967836 0.0 72.36267 -39.95821 74.54797 1.0
-0.9997859 0.013837071 -0.015383169 0.0 0.015009344 0.99676937 -0.07890194 0.0 0.0142417 -0.07911594 -0.9967637 0.0 72.367035 -39.960346 74.26202 1.0
-0.9997859 0.013837071 -0.015383169 0.0 0.015012917 0.9967495 -0.07915208 0.0 0.014237933 -0.07936608 -0.99674386 0.0 72.37137 -39.965233 73.976234 1.0
-0.9997859 0.013837071 -0.015383169 0.0 0.015016467 0.9967297 -0.07940063 0.0 0.014234189 -0.07961463 -0.99672407 0.0 72.37566 -39.972443 73.690605 1.0
-0.9997859 0.013837071 -0.015383169 0.0 0.015020001 0.9967099 -0.07964809 0.0 0.01423046 -0.079862095 -0.99670434 0.0 72.37993 -39.981575 73.4051 1.0
-0.9997859 0.013837071 -0.015383169 0.0 0.015023523 0.9966901 -0.07989483 0.0 0.014226741 -0.08010884 -0.9966846 0.0 72.38417 -39.99227 73.11969 1.0
-0.9997859 0.013837071 -0.015383169 0.0 0.015027039 0.99667025 -0.08014113 0.0 0.014223029 -0.08035514 -0.9966648 0.0 72.3884 -40.004185 72.834366 1.0
-0.9997859 0.013837071 -0.015383169 0.0 0.01503055 0.9966504 -0.08038721 0.0 0.014219318 -0.08060122 -0.996645 0.0 72.39261 -40.01701 72.54909 1.0
-0.9997859 0.013837071 -0.015383169 0.0 0.015034059 0.99663043 -0.080633245 0.0 0.014215607 -0.080847256 -0.9966251 0.0 72.39681 -40.030457 72.26384 1.0
-0.9997859 0.013837071 -0.015383169 0.0 0.01503757 0.99661046 -0.080879375 0.0 0.014211893 -0.081093386 -0.99660516 0.0 72.40101 -40.04426 71.9786 1.0
-0.9997859 0.013837071 -0.015383169 0.0 0.015041082 0.9965904 -0.081125714 0.0 0.014208176 -0.08133973 -0.99658513 0.0 72.405205 -40.058163 71.693344 1.0
-0.9997859 0.013837071 -0.015383169 0.0 0.015044599 0.9965702 -0.081372395 0.0 0.014204453 -0.081586406 -0.99656504 0.0 72.40941 -40.07195 71.408066 1.0
-0.9997859 0.013837071 -0.015383169 0.0 0.01504812 0.99654996 -0.081619516 0.0 0.014200721 -0.081833534 -0.99654484 0.0 72.41361 -40.0854 71.12274 1.0
-0.9997859 0.013837071 -0.015383169 0.0 0.01505165 0.9965296 -0.0818672 0.0 0.014196981 -0.08208122 -0.9965245 0.0 72.41782 -40.09832 70.83736 1.0
-0.9997859 0.013837071 -0.015383169 0.0 0.015055188 0.9965091 -0.08211559 0.0 0.014193228 -0.08232961 -0.99650407 0.0 72.42204 -40.110527 70.55189 1.0
-0.9997859 0.013837071 -0.015383169 0.0 0.015058737 0.99648845 -0.082364805 0.0 0.014189463 -0.08257883 -0.9964835 0.0 72.426285 -40.121857 70.26633 1.0
-0.9997859 0.013837071 -0.015383169 0.0 0.0150623 0.9964677 -0.082615025 0.0 0.014185681 -0.08282904 -0.9964628 0.0 72.430534 -40.13215 69.98067 1.0
-0.9997859 0.013837071 -0.015383169 0.0 0.015065878 0.9964468 -0.082866415 0.0 0.014181881 -0.08308043 -0.9964419 0.0 72.43481 -40.141262 69.69488 1.0
-0.9997859 0.013837071 -0.015383169 0.0 0.0150694745 0.9964257 -0.08311917 0.0 0.014178059 -0.08333319 -0.99642086 0.0 72.439095 -40.14906 69.408966 1.0
-0.9997859 0.013837071 -0.015383169 0.0 0.015073094 0.99640435 -0.08337351 0.0 0.014174212 -0.083587535 -0.99639964 0.0 72.44341 -40.155407 69.12291 1.0
-0.9997859 0.013837071 -0.015383169 0.0 0.015076734 0.99638283 -0.083629504 0.0 0.014170338 -0.08384353 -0.9963782 0.0 72.44775 -40.16038 68.83672 1.0
-0.9997859 0.013837071 -0.015383169 0.0 0.015080397 0.99636114 -0.083887056 0.0 0.014166441 -0.08410108 -0.99635655 0.0 72.452095 -40.16421 68.55041 1.0
-0.9997859 0.013837071 -0.015383169 0.0 0.0150840795 0.99633926 -0.08414605 0.0 0.01416252 -0.08436008 -0.9963347 0.0 72.45647 -40.1671 68.263985 1.0
-0.9997859 0.013837071 -0.015383169 0.0 0.015087779 0.9963172 -0.08440638 0.0 0.014158579 -0.084620416 -0.9963127 0.0 72.460846 -40.16924 67.97747 1.0
-0.9997859 0.013837071 -0.015383169 0.0 0.015091496 0.9962949 -0.08466793 0.0 0.014154618 -0.084881954 -0.99629045 0.0 72.46523 -40.1708 67.69087 1.0
-0.9997859 0.013837071 -0.015383169 0.0 0.015095226 0.9962725 -0.08493055 0.0 0.014150639 -0.08514458 -0.9962681 0.0 72.46963 -40.17194 67.40419 1.0
-0.9997859 0.013837071 -0.015383169 0.0 0.015098969 0.99625 -0.085194126 0.0 0.014146645 -0.08540816 -0.9962456 0.0 72.47403 -40.17281 67.11745 1.0
-0.9997859 0.013837071 -0.015383169 0.0 0.015102724 0.99622726 -0.08545854 0.0 0.014142636 -0.08567257 -0.996223 0.0 72.47843 -40.17354 66.83065 1.0
-0.9997859 0.013837071 -0.015383169 0.0 0.015106487 0.99620444 -0.085723676 0.0 0.014138617 -0.08593771 -0.9962002 0.0 72.482834 -40.174263 66.54379 1.0
-0.9997859 0.013837071 -0.015383169 0.0 0.015110258 0.9961815 -0.085989416 0.0 0.014134586 -0.086203456 -0.99617726 0.0 72.487236 -40.175102 66.2569 1.0
-0.9997859 0.013837071 -0.015383169 0.0 0.015114035 0.99615836 -0.08625567 0.0 0.014130547 -0.0864697 -0.99615425 0.0 72.49164 -40.17617 65.96997 1.0
-0.9997859 0.013837071 -0.015383169 0.0 0.015117818 0.9961352 -0.086522326 0.0 0.014126501 -0.086736366 -0.9961311 0.0 72.49603 -40.177578 65.68301 1.0
-0.9997859 0.013837071 -0.015383169 0.0 0.015121602 0.9961119 -0.0867893 0.0 0.014122448 -0.087003335 -0.99610794 0.0 72.50042 -40.179436 65.39603 1.0
-0.9997859 0.013837071 -0.015383169 0.0 0.015125391 0.99608856 -0.0870565 0.0 0.014118391 -0.08727054 -0.9960846 0.0 72.50481 -40.18184 65.10903 1.0
-0.9997859 0.013837071 -0.015383169 0.0 0.01512918 0.9960651 -0.08732385 0.0 0.014114331 -0.08753789 -0.9960612 0.0 72.50918 -40.184887 64.82202 1.0
-0.9997859 0.013837071 -0.015383169 0.0 0.015132968 0.99604154 -0.087591276 0.0 0.014110269 -0.087805316 -0.9960377 0.0 72.51354 -40.188683 64.53502 1.0
-0.9997859 0.013837071 -0.015383169 0.0 0.015136756 0.99601793 -0.087858684 0.0 0.014106206 -0.088072725 -0.9960142 0.0 72.51789 -40.193314 64.248024 1.0
-0.9997859 0.013837071 -0.015383169 0.0 0.015140542 0.99599427 -0.088126 0.0 0.014102142 -0.088340044 -0.9959906 0.0 72.52223 -40.19887 63.961044 1.0
-0.9997859 0.013837071 -0.015383169 0.0 0.015144323 0.99597055 -0.08839313 0.0 0.014098081 -0.08860718 -0.99596685 0.0 72.52656 -40.205456 63.674095 1.0
-0.9997859 0.013837071 -0.015383169 0.0 0.0151480995 0.99594676 -0.08865996 0.0 0.014094023 -0.088874005 -0.9959431 0.0 72.53087 -40.213146 63.387188 1.0
-0.9997859 0.013837071 -0.015383169 0.0 0.0151518695 0.9959229 -0.088926345 0.0 0.014089971 -0.08914039 -0.9959194 0.0 72.53516 -40.22204 63.100346 1.0
-0.9997859 0.013837071 -0.015383169 0.0 0.015155628 0.99589914 -0.08919208 0.0 0.014085928 -0.089406125 -0.9958956 0.0 72.53943 -40.23222 62.813583 1.0
-0.9997859 0.013837071 -0.015383169 0.0 0.015159372 0.9958753 -0.08945685 0.0 0.014081898 -0.0896709 -0.9958719 0.0 72.54368 -40.24378 62.526936 1.0
-0.9997859 0.013837071 -0.015383169 0.0 0.015163097 0.9958516 -0.08972025 0.0 0.014077888 -0.0899343 -0.9958482 0.0 72.547905 -40.256798 62.24044 1.0
-0.9997859 0.013837071 -0.015383169 0.0 0.015166797 0.9958279 -0.08998201 0.0 0.014073902 -0.09019606 -0.9958246 0.0 72.55211 -40.27137 61.954132 1.0
-0.9997859 0.013837071 -0.015383169 0.0 0.015170468 0.9958043 -0.090241835 0.0 0.014069944 -0.09045589 -0.9958011 0.0 72.55629 -40.287586 61.668045 1.0
-0.9997859 0.013837071 -0.015383169 0.0 0.015174107 0.9957809 -0.09049938 0.0 0.01406602 -0.090713434 -0.9957777 0.0 72.56043 -40.30553 61.382214 1.0
-0.9997859 0.013837071 -0.015383169 0.0 0.015177706 0.99575764 -0.09075426 0.0 0.0140621355 -0.09096831 -0.9957545 0.0 72.56455 -40.3253 61.09669 1.0
-0.9997859 0.013837071 -0.015383169 0.0 0.015181262 0.99573463 -0.091006085 0.0 0.014058297 -0.09122014 -0.99573153 0.0 72.56864 -40.34698 60.811516 1.0
-0.9997859 0.013837071 -0.015383169 0.0 0.0151847685 0.9957118 -0.091254435 0.0 0.01405451 -0.09146848 -0.99570876 0.0 72.5727 -40.37067 60.526745 1.0
-0.9997859 0.013837071 -0.015383169 0.0 0.015188218 0.99568933 -0.09149886 0.0 0.014050782 -0.091712914 -0.99568635 0.0 72.57671 -40.396465 60.24243 1.0
-0.9997859 0.013837071 -0.015383169 0.0 0.015191605 0.9956672 -0.0917389 0.0 0.014047119 -0.09195296 -0.99566424 0.0 72.580696 -40.424458 59.958637 1.0
-0.9997859 0.013837071 -0.015383169 0.0 0.015194923 0.99564546 -0.09197411 0.0 0.01404353 -0.092188165 -0.99564254 0.0 72.58463 -40.454746 59.67542 1.0
-0.9997859 0.013837071 -0.015383169 0.0 0.015198166 0.9956241 -0.09220401 0.0 0.014040021 -0.092418075 -0.9956213 0.0 72.588524 -40.487434 59.392845 1.0
-0.9997859 0.013837071 -0.015383169 0.0 0.015201326 0.9956033 -0.09242818 0.0 0.014036599 -0.09264224 -0.9956005 0.0 72.59238 -40.52262 59.110985 1.0
-0.9997859 0.013837071 -0.015383169 0.0 0.0152044 0.995583 -0.092646204 0.0 0.014033269 -0.09286027 -0.99558026 0.0 72.596176 -40.560417 58.8299 1.0
-0.9997859 0.013837071 -0.015383169 0.0 0.015207381 0.99556327 -0.09285775 0.0 0.014030038 -0.09307181 -0.9955605 0.0 72.59993 -40.60093 58.549656 1.0
-0.9997859 0.013837071 -0.015383169 0.0 0.015210265 0.9955441 -0.093062446 0.0 0.014026911 -0.09327651 -0.99554145 0.0 72.60363 -40.64413 58.270313 1.0
-0.9997859 0.013837071 -0.015383169 0.0 0.0152130425 0.9955256 -0.09325953 0.0 0.0140239 -0.09347359 -0.995523 0.0 72.607285 -40.689472 57.99185 1.0
-0.9997859 0.013837071 -0.015383169 0.0 0.015215705 0.99550784 -0.093448564 0.0 0.014021011 -0.09366262 -0.9955053 0.0 72.6109 -40.736813 57.714306 1.0
-0.9997859 0.013837071 -0.015383169 0.0 0.0152182495 0.9954908 -0.093629256 0.0 0.014018249 -0.09384331 -0.9954883 0.0 72.61448 -40.786053 57.437695 1.0
-0.9997859 0.013837071 -0.015383169 0.0 0.015220675 0.9954746 -0.09380147 0.0 0.014015616 -0.09401553 -0.9954721 0.0 72.61801 -40.83711 57.162018 1.0
-0.9997859 0.013837071 -0.015383169 0.0 0.01522298 0.9954591 -0.09396525 0.0 0.014013112 -0.09417931 -0.99545664 0.0 72.621506 -40.889908 56.88728 1.0
-0.9997859 0.013837071 -0.015383169 0.0 0.01522517 0.99544436 -0.09412086 0.0 0.014010732 -0.09433492 -0.9954419 0.0 72.62497 -40.944366 56.613457 1.0
-0.9997859 0.013837071 -0.015383169 0.0 0.015227253 0.99543035 -0.09426878 0.0 0.014008469 -0.09448284 -0.9954279 0.0 72.628395 -41.000423 56.34051 1.0
-0.9997859 0.013837071 -0.015383169 0.0 0.015229235 0.99541694 -0.094409734 0.0 0.014006313 -0.0946238 -0.99541456 0.0 72.63178 -41.05801 56.068386 1.0
-0.9997859 0.013837071 -0.015383169 0.0 0.015231134 0.9954041 -0.0945447 0.0 0.014004247 -0.09475877 -0.99540174 0.0 72.63514 -41.117065 55.797012 1.0
-0.9997859 0.013837071 -0.015383169 0.0 0.015232966 0.99539167 -0.094674885 0.0 0.014002255 -0.09488895 -0.9953894 0.0 72.638466 -41.17754 55.526295 1.0
-0.9997859 0.013837071 -0.015383169 0.0 0.01523475 0.9953796 -0.094801664 0.0 0.014000315 -0.095015734 -0.9953773 0.0 72.64177 -41.239376 55.256138 1.0
-0.9997859 0.013837071 -0.015383169 0.0 0.015236507 0.99536765 -0.09492661 0.0 0.013998403 -0.09514067 -0.9953654 0.0 72.64504 -41.30253 54.986423 1.0
-0.9997859 0.013837071 -0.015383169 0.0 0.015238262 0.9953557 -0.09505138 0.0 0.013996493 -0.09526544 -0.9953535 0.0 72.6483 -41.366955 54.717026 1.0
-0.9997859 0.013837071 -0.015383169 0.0 0.015240038 0.9953436 -0.09517769 0.0 0.013994559 -0.09539175 -0.9953414 0.0 72.651535 -41.43261 54.447823 1.0
-0.9997859 0.013837071 -0.015383169 0.0 0.015241859 0.9953312 -0.09530725 0.0 0.013992575 -0.095521316 -0.995329 0.0 72.65475 -41.49946 54.178684 1.0
-0.9997859 0.013837071 -0.015383169 0.0 0.015243749 0.9953183 -0.095441714 0.0 0.013990516 -0.09565578 -0.99531615 0.0 72.65795 -41.567455 53.90949 1.0
-0.9997859 0.013837071 -0.015383169 0.0 0.015245729 0.99530476 -0.095582604 0.0 0.013988358 -0.09579667 -0.9953026 0.0 72.66114 -41.636566 53.640118 1.0
-0.9997859 0.013837071 -0.015383169 0.0 0.015247819 0.9952904 -0.095731296 0.0 0.01398608 -0.09594536 -0.9952883 0.0 72.664314 -41.706757 53.370476 1.0
-0.9997859 0.013837071 -0.015383169 0.0 0.015250035 0.9952752 -0.095888965 0.0 0.013983664 -0.09610303 -0.9952732 0.0 72.66748 -41.777992 53.100468 1.0
-0.9997859 0.013837071 -0.015383169 0.0 0.015252389 0.995259 -0.096056566 0.0 0.013981096 -0.09627063 -0.995257 0.0 72.67065 -41.850227 52.83002 1.0
-0.9997859 0.013837071 -0.015383169 0.0 0.015254893 0.99524176 -0.09623483 0.0 0.013978364 -0.09644889 -0.9952398 0.0 72.6738 -41.923435 52.559074 1.0
-0.9997859 0.013837071 -0.015383169 0.0 0.015257553 0.9952234 -0.09642425 0.0 0.01397546 -0.096638314 -0.99522144 0.0 72.67695 -41.99757 52.287582 1.0
-0.9997859 0.013837071 -0.015383169 0.0 0.015260373 0.99520385 -0.09662512 0.0 0.01397238 -0.09683918 -0.99520195 0.0 72.6801 -42.0726 52.015522 1.0
-0.9997859 0.013837071 -0.015383169 0.0 0.015263355 0.99518317 -0.096837506 0.0 0.013969123 -0.097051576 -0.9951813 0.0 72.68324 -42.148487 51.742878 1.0
-0.9997859 0.013837071 -0.015383169 0.0 0.015266497 0.9951613 -0.09706131 0.0 0.0139656905 -0.097275384 -0.9951595 0.0 72.686386 -42.225193 51.46965 1.0
-0.9997859 0.013837071 -0.015383169 0.0 0.01526972 0.9951388 -0.09729106 0.0 0.013962165 -0.09750513 -0.9951371 0.0 72.68952 -42.302643 51.19621 1.0
-0.9997859 0.013837071 -0.015383169 0.0 0.015272868 0.99511683 -0.09751542 0.0 0.013958722 -0.09772949 -0.9951151 0.0 72.69264 -42.380722 50.923344 1.0
-0.9997859 0.013837071 -0.015383169 0.0 0.015275937 0.9950953 -0.09773424 0.0 0.013955364 -0.09794831 -0.99509364 0.0 72.69574 -42.459396 50.65105 1.0
-0.9997859 0.013837071 -0.015383169 0.0 0.015278932 0.9950743 -0.09794784 0.0 0.013952084 -0.09816191 -0.99507266 0.0 72.69882 -42.53863 50.379303 1.0
-0.9997859 0.013837071 -0.015383169 0.0 0.015281858 0.99505365 -0.09815655 0.0 0.013948879 -0.09837062 -0.9950521 0.0 72.7019 -42.618393 50.10807 1.0
-0.9997859 0.013837071 -0.015383169 0.0 0.015284721 0.99503344 -0.098360755 0.0 0.0139457425 -0.098574825 -0.9950319 0.0 72.70495 -42.698654 49.83731 1.0
-0.9997859 0.013837071 -0.015383169 0.0 0.015287525 0.9950136 -0.09856086 0.0 0.013942668 -0.09877493 -0.9950121 0.0 72.70799 -42.77938 49.56699 1.0
-0.9997859 0.013837071 -0.015383169 0.0 0.015290278 0.99499404 -0.098757334 0.0 0.01393965 -0.09897141 -0.9949926 0.0 72.71102 -42.860542 49.297066 1.0
-0.9997859 0.013837071 -0.015383169 0.0 0.015292985 0.9949748 -0.09895065 0.0 0.013936679 -0.09916472 -0.9949734 0.0 72.71404 -42.94211 49.027496 1.0
-0.9997859 0.013837071 -0.015383169 0.0 0.0152956555 0.9949558 -0.099141285 0.0 0.013933748 -0.099355355 -0.99495447 0.0 72.71705 -43.02405 48.758236 1.0
-0.9997859 0.013837071 -0.015383169 0.0 0.015298295 0.99493694 -0.09932977 0.0 0.013930851 -0.09954384 -0.99493563 0.0 72.72005 -43.106342 48.489243 1.0
-0.9997859 0.013837071 -0.015383169 0.0 0.015300911 0.9949182 -0.09951662 0.0 0.0139279775 -0.09973069 -0.994917 0.0 72.723045 -43.18895 48.220463 1.0
-0.9997859 0.013837071 -0.015383169 0.0 0.015303511 0.99489963 -0.09970237 0.0 0.01392512 -0.09991644 -0.9948984 0.0 72.72603 -43.271843 47.95186 1.0
-0.9997859 0.013837071 -0.015383169 0.0 0.015306103 0.994881 -0.099887565 0.0 0.013922271 -0.100101635 -0.9948798 0.0 72.729004 -43.355 47.683372 1.0
-0.9997859 0.013837071 -0.015383169 0.0 0.015308694 0.9948624 -0.100072734 0.0 0.013919422 -0.100286804 -0.9948612 0.0 72.73199 -43.438385 47.414963 1.0
-0.9997859 0.013837071 -0.015383169 0.0 0.015311291 0.9948436 -0.10025842 0.0 0.013916565 -0.10047249 -0.9948425 0.0 72.734955 -43.521973 47.14658 1.0
-0.9997859 0.013837071 -0.015383169 0.0 0.015313904 0.9948247 -0.100445144 0.0 0.013913691 -0.100659214 -0.9948237 0.0 72.73793 -43.605724 46.878174 1.0
-0.9997859 0.013837071 -0.015383169 0.0 0.015316571 0.9948054 -0.10063593 0.0 0.013910754 -0.10085001 -0.9948044 0.0 72.74088 -43.69053 46.609814 1.0
-0.9997859 0.013837071 -0.015383169 0.0 0.015319358 0.9947852 -0.100835174 0.0 0.013907685 -0.101049244 -0.99478424 0.0 72.743805 -43.777687 46.341625 1.0
-0.9997859 0.013837071 -0.015383169 0.0 0.015322266 0.99476403 -0.10104323 0.0 0.013904481 -0.10125731 -0.9947631 0.0 72.74669 -43.867046 46.07355 1.0
-0.9997859 0.013837071 -0.015383169 0.0 0.0153253 0.9947419 -0.10126039 0.0 0.013901136 -0.101474464 -0.994741 0.0 72.74955 -43.958443 45.805527 1.0
-0.9997859 0.013837071 -0.015383169 0.0 0.015328466 0.9947188 -0.101486884 0.0 0.013897646 -0.10170096 -0.99471796 0.0 72.75238 -44.051723 45.537502 1.0
-0.9997859 0.013837071 -0.015383169 0.0 0.015331763 0.9946946 -0.101722926 0.0 0.0138940085 -0.101936996 -0.9946938 0.0 72.755196 -44.146748 45.26942 1.0
-0.9997859 0.013837071 -0.015383169 0.0 0.015335195 0.9946694 -0.10196866 0.0 0.01389022 -0.10218274 -0.99466866 0.0 72.75798 -44.243374 45.001236 1.0
-0.9997859 0.013837071 -0.015383169 0.0 0.015338764 0.9946431 -0.102224216 0.0 0.013886279 -0.10243829 -0.99464244 0.0 72.76075 -44.341476 44.732895 1.0
-0.9997859 0.013837071 -0.015383169 0.0 0.015342469 0.99461573 -0.10248967 0.0 0.013882185 -0.10270374 -0.99461514 0.0 72.763504 -44.44093 44.464355 1.0
-0.9997859 0.013837071 -0.015383169 0.0 0.015346312 0.99458724 -0.102765046 0.0 0.013877937 -0.102979116 -0.9945867 0.0 72.76625 -44.541622 44.19558 1.0
-0.9997859 0.013837071 -0.015383169 0.0 0.0153502915 0.9945577 -0.10305032 0.0 0.013873534 -0.1032644 -0.9945572 0.0 72.76898 -44.643436 43.92652 1.0
-0.9997859 0.013837071 -0.015383169 0.0 0.015354408 0.994527 -0.10334544 0.0 0.013868979 -0.10355952 -0.99452657 0.0 72.7717 -44.74626 43.657154 1.0
-0.9997859 0.013837071 -0.015383169 0.0 0.0153586585 0.9944952 -0.10365027 0.0 0.013864272 -0.10386434 -0.99449486 0.0 72.774414 -44.85 43.387447 1.0
-0.9997859 0.013837071 -0.015383169 0.0 0.01536304 0.9944623 -0.103964634 0.0 0.013859416 -0.10417871 -0.994462 0.0 72.77712 -44.954544 43.117367 1.0
-0.9997859 0.013837071 -0.015383169 0.0 0.01536755 0.9944284 -0.1042883 0.0 0.013854415 -0.10450238 -0.99442816 0.0 72.77983 -45.05979 42.8469 1.0
-0.9997859 0.013837071 -0.015383169 0.0 0.015372184 0.99439335 -0.10462097 0.0 0.013849273 -0.10483504 -0.99439317 0.0 72.78253 -45.165646 42.576023 1.0
-0.9997859 0.013837071 -0.015383169 0.0 0.015376937 0.9943573 -0.10496227 0.0 0.013843996 -0.105176345 -0.9943572 0.0 72.78523 -45.272007 42.304726 1.0
-0.9997859 0.013837071 -0.015383169 0.0 0.015381802 0.9943203 -0.105311766 0.0 0.013838591 -0.105525844 -0.9943203 0.0 72.78794 -45.378777 42.032993 1.0
-0.9997859 0.013837071 -0.015383169 0.0 0.015386772 0.9942823 -0.10566896 0.0 0.013833064 -0.10588304 -0.99428236 0.0 72.79064 -45.485855 41.760826 1.0
-0.9997859 0.013837071 -0.015383169 0.0 0.01539184 0.99424344 -0.10603328 0.0 0.013827425 -0.10624736 -0.99424356 0.0 72.79335 -45.593143 41.488224 1.0
-0.9997859 0.013837071 -0.015383169 0.0 0.0153969955 0.99420375 -0.10640408 0.0 0.013821684 -0.10661816 -0.994204 0.0 72.79607 -45.70054 41.21519 1.0
-0.9997859 0.013837071 -0.015383169 0.0 0.0154022295 0.9941633 -0.106780626 0.0 0.013815851 -0.106994696 -0.9941636 0.0 72.79879 -45.807945 40.941734 1.0
-0.9997859 0.013837071 -0.015383169 0.0 0.015407531 0.99412215 -0.10716212 0.0 0.01380994 -0.107376195 -0.99412256 0.0 72.80152 -45.91525 40.667866 1.0
-0.9997859 0.013837071 -0.015383169 0.0 0.015412886 0.9940804 -0.107547686 0.0 0.013803963 -0.10776176 -0.9940809 0.0 72.80425 -46.022343 40.393612 1.0
-0.9997859 0.013837071 -0.015383169 0.0 0.015418282 0.9940382 -0.107936375 0.0 0.013797935 -0.10815045 -0.99403876 0.0 72.807 -46.129116 40.118984 1.0
-0.9997859 0.013837071 -0.015383169 0.0 0.015423708 0.9939956 -0.10832735 0.0 0.013791869 -0.10854143 -0.99399626 0.0 72.80976 -46.23545 39.844006 1.0
-0.9997859 0.013837071 -0.015383169 0.0 0.015429146 0.99395275 -0.108719364 0.0 0.013785785 -0.10893344 -0.99395347 0.0 72.81253 -46.341225 39.56871 1.0
-0.9997859 0.013837071 -0.015383169 0.0 0.015434575 0.9939098 -0.10911088 0.0 0.013779706 -0.109324954 -0.99391055 0.0 72.81532 -46.4463 39.293163 1.0
-0.9997859 0.013837071 -0.015383169 0.0 0.015439977 0.9938668 -0.109500594 0.0 0.013773654 -0.109714665 -0.9938677 0.0 72.81812 -46.55054 39.0174 1.0
-0.9997859 0.013837071 -0.015383169 0.0 0.015445337 0.993824 -0.10988742 0.0 0.013767643 -0.11010149 -0.993825 0.0 72.82094 -46.653805 38.741447 1.0
-0.9997859 0.013837071 -0.015383169 0.0 0.0154506415 0.9937815 -0.1102704 0.0 0.01376169 -0.11048448 -0.9937826 0.0 72.82377 -46.75594 38.465317 1.0
-0.9997859 0.013837071 -0.015383169 0.0 0.015455879 0.99373937 -0.11064871 0.0 0.013755807 -0.11086278 -0.9937405 0.0 72.82663 -46.856773 38.189014 1.0
-0.9997859 0.013837071 -0.015383169 0.0 0.015461039 0.9936977 -0.11102155 0.0 0.013750007 -0.11123562 -0.99369895 0.0 72.829506 -46.95614 37.912537 1.0
-0.9997859 0.013837071 -0.015383169 0.0 0.015466112 0.99365664 -0.11138823 0.0 0.013744301 -0.11160231 -0.9936579 0.0 72.83241 -47.05384 37.635868 1.0
-0.9997859 0.013837071 -0.015383169 0.0 0.015471089 0.9936161 -0.11174811 0.0 0.013738698 -0.11196218 -0.9936175 0.0 72.83534 -47.14967 37.358997 1.0
-0.9997859 0.013837071 -0.015383169 0.0 0.015475961 0.99357635 -0.11210056 0.0 0.01373321 -0.11231463 -0.9935778 0.0 72.83831 -47.2434 37.081898 1.0
-0.9997859 0.013837071 -0.015383169 0.0 0.015480721 0.99353737 -0.11244502 0.0 0.013727844 -0.11265909 -0.99353886 0.0 72.84132 -47.33478 36.804543 1.0
-0.9997859 0.013837071 -0.015383169 0.0 0.015485362 0.9934992 -0.112780966 0.0 0.013722608 -0.112995036 -0.99350077 0.0 72.84436 -47.42353 36.526897 1.0
-0.9997859 0.013837071 -0.015383169 0.0 0.015489878 0.99346197 -0.11310792 0.0 0.013717511 -0.11332199 -0.99346364 0.0 72.84745 -47.50933 36.248924 1.0
-0.9997859 0.013837071 -0.015383169 0.0 0.015494262 0.99342567 -0.11342547 0.0 0.013712559 -0.11363954 -0.9934274 0.0 72.850586 -47.591835 35.97058 1.0
-0.9997859 0.013837071 -0.015383169 0.0 0.01549851 0.99339044 -0.11373329 0.0 0.013707757 -0.11394736 -0.9933922 0.0 72.85379 -47.670635 35.69181 1.0
-0.9997859 0.013837071 -0.015383169 0.0 0.01550262 0.9933562 -0.11403118 0.0 0.013703109 -0.11424525 -0.9933581 0.0 72.85705 -47.74528 35.412563 1.0
-0.9997859 0.013837071 -0.015383169 0.0 0.015506591 0.993323 -0.1143191 0.0 0.013698615 -0.11453317 -0.993325 0.0 72.86039 -47.815254 35.132774 1.0
-0.9997859 0.013837071 -0.015383169 0.0 0.015510433 0.9932909 -0.11459777 0.0 0.013694264 -0.11481184 -0.99329287 0.0 72.8638 -47.88029 34.852413 1.0
-0.9997859 0.013837071 -0.015383169 0.0 0.015514168 0.99325955 -0.114868656 0.0 0.013690034 -0.11508272 -0.9932616 0.0 72.86729 -47.940598 34.571518 1.0
-0.9997859 0.013837071 -0.015383169 0.0 0.015517812 0.99322885 -0.115133114 0.0 0.013685903 -0.11534718 -0.99323094 0.0 72.87084 -47.99639 34.29012 1.0
-0.9997859 0.013837071 -0.015383169 0.0 0.015521384 0.9931987 -0.11539235 0.0 0.013681851 -0.11560642 -0.99320084 0.0 72.874466 -48.047882 34.008255 1.0
-0.9997859 0.013837071 -0.015383169 0.0 0.015524897 0.993169 -0.11564743 0.0 0.013677865 -0.11586149 -0.9931712 0.0 72.87816 -48.09528 33.725952 1.0
-0.9997859 0.013837071 -0.015383169 0.0 0.015528365 0.99313956 -0.11589928 0.0 0.013673928 -0.11611334 -0.99314183 0.0 72.881905 -48.13878 33.443245 1.0
-0.9997859 0.013837071 -0.015383169 0.0 0.015531799 0.99311036 -0.11614872 0.0 0.013670027 -0.11636279 -0.9931127 0.0 72.88571 -48.178566 33.160152 1.0
-0.9997859 0.013837071 -0.015383169 0.0 0.015535209 0.99308133 -0.11639648 0.0 0.013666152 -0.11661054 -0.9930837 0.0 72.88957 -48.21483 32.8767 1.0
-0.9997859 0.013837071 -0.015383169 0.0 0.015538604 0.9930523 -0.11664318 0.0 0.013662292 -0.116857246 -0.99305475 0.0 72.89348 -48.247734 32.592915 1.0
-0.9997859 0.013837071 -0.015383169 0.0 0.01554199 0.99302334 -0.11688939 0.0 0.013658439 -0.11710345 -0.9930258 0.0 72.89744 -48.277462 32.308815 1.0
-0.9997859 0.013837071 -0.015383169 0.0 0.015545376 0.99299425 -0.11713556 0.0 0.013654585 -0.117349625 -0.9929968 0.0 72.90144 -48.304173 32.02442 1.0
-0.9997859 0.013837071 -0.015383169 0.0 0.015548766 0.9929651 -0.11738213 0.0 0.013650725 -0.11759619 -0.99296767 0.0 72.905495 -48.328033 31.739754 1.0
-0.9997859 0.013837071 -0.015383169 0.0 0.015552165 0.9929358 -0.11762943 0.0 0.013646852 -0.11784349 -0.9929384 0.0 72.909584 -48.3492 31.454828 1.0
-0.9997859 0.013837071 -0.015383169 0.0 0.015555578 0.9929063 -0.11787776 0.0 0.013642962 -0.118091814 -0.99290895 0.0 72.91372 -48.367844 31.16966 1.0
-0.9997859 0.013837071 -0.015383169 0.0 0.015559007 0.9928765 -0.11812735 0.0 0.0136390515 -0.118341416 -0.9928793 0.0 72.917885 -48.38412 30.884268 1.0
-0.9997859 0.013837071 -0.015383169 0.0 0.015562455 0.9928466 -0.118378416 0.0 0.013635117 -0.11859247 -0.9928494 0.0 72.92208 -48.398197 30.598665 1.0
-0.9997859 0.013837071 -0.015383169 0.0 0.015565924 0.9928164 -0.11863107 0.0 0.013631156 -0.11884513 -0.99281925 0.0 72.926315 -48.410255 30.312868 1.0
-0.9997859 0.013837071 -0.015383169 0.0 0.015569416 0.99278593 -0.118885405 0.0 0.013627168 -0.11909947 -0.9927888 0.0 72.93057 -48.420475 30.026892 1.0
-0.9997859 0.013837071 -0.015383169 0.0 0.015572931 0.9927552 -0.11914146 0.0 0.013623152 -0.119355515 -0.9927581 0.0 72.93485 -48.429066 29.74075 1.0
-0.9997859 0.013837071 -0.015383169 0.0 0.015576467 0.9927241 -0.11939919 0.0 0.013619108 -0.119613245 -0.99272716 0.0 72.93916 -48.43625 29.45446 1.0
-0.9997859 0.013837071 -0.015383169 0.0 0.015580024 0.9926928 -0.11965851 0.0 0.013615039 -0.11987256 -0.9926959 0.0 72.94348 -48.442295 29.168041 1.0
-0.9997859 0.013837071 -0.015383169 0.0 0.015583599 0.99266136 -0.11991922 0.0 0.013610947 -0.120133266 -0.99266446 0.0 72.94782 -48.447525 28.881516 1.0
-0.9997859 0.013837071 -0.015383169 0.0 0.015587188 0.99262965 -0.12018102 0.0 0.013606836 -0.12039507 -0.9926328 0.0 72.95216 -48.452335 28.594906 1.0
-0.9997859 0.013837071 -0.015383169 0.0 0.015590785 0.99259776 -0.12044348 0.0 0.013602714 -0.12065753 -0.992601 0.0 72.956505 -48.45726 28.308252 1.0
-0.9997859 0.013837071 -0.015383169 0.0 0.015594382 0.9925658 -0.12070596 0.0 0.013598591 -0.12092002 -0.9925691 0.0 72.96084 -48.463047 28.021608 1.0
-0.9997859 0.013837071 -0.015383169 0.0 0.015597966 0.9925339 -0.120967574 0.0 0.01359448 -0.12118163 -0.99253726 0.0 72.96514 -48.47083 27.735058 1.0
-0.9997859 0.013837071 -0.015383169 0.0 0.01560152 0.99250215 -0.12122712 0.0 0.013590401 -0.12144117 -0.9925056 0.0 72.96938 -48.482502 27.448765 1.0
-0.9997859 0.013837071 -0.015383169 0.0 0.01560503 0.9924708 -0.121483445 0.0 0.013586371 -0.12169749 -0.99247426 0.0 72.97351 -48.50178 27.163082 1.0
-0.99944186 0.012171782 -0.031109396 0.0 0.015376885 0.9943577 -0.1049586 0.0 0.029656334 -0.10537839 -0.9939899 0.0 72.241905 -42.816982 79.82493 1.0
-0.99944186 0.012171782 -0.031109396 0.0 0.015388187 0.99427146 -0.10577068 0.0 0.029643768 -0.10619035 -0.9939039 0.0 72.24814 -42.687027 79.5369 1.0
-0.99944186 0.012171782 -0.031109396 0.0 0.015400742 0.99417484 -0.10667362 0.0 0.02962977 -0.10709319 -0.9938074 0.0 72.2545 -42.54716 79.24906 1.0
-0.99944186 0.012171782 -0.031109396 0.0 0.015413806 0.9940733 -0.10761394 0.0 0.029615166 -0.10803339 -0.99370605 0.0 72.26092 -42.403713 78.9612 1.0
-0.99944186 0.012171782 -0.031109396 0.0 0.015427038 0.9939694 -0.1085674 0.0 0.029600328 -0.108986735 -0.9936024 0.0 72.26735 -42.25927 78.67321 1.0
-0.99944186 0.012171782 -0.031109396 0.0 0.01544025 0.99386466 -0.109520264 0.0 0.029585471 -0.10993948 -0.99349785 0.0 72.27377 -42.11523 78.385025 1.0
-0.99944186 0.012171782 -0.031109396 0.0 0.015453314 0.99376005 -0.11046347 0.0 0.029570738 -0.11088256 -0.9933935 0.0 72.28019 -41.972515 78.09661 1.0
-0.99944186 0.012171782 -0.031109396 0.0 0.0154661415 0.9936564 -0.111390375 0.0 0.02955623 -0.11180935 -0.99329 0.0 72.286575 -41.831818 77.807945 1.0
-0.99944186 0.012171782 -0.031109396 0.0 0.015478658 0.9935543 -0.11229568 0.0 0.029542034 -0.11271454 -0.99318814 0.0 72.29294 -41.693707 77.519035 1.0
-0.99944186 0.012171782 -0.031109396 0.0 0.015490802 0.99345434 -0.11317487 0.0 0.029528225 -0.113593616 -0.99308836 0.0 72.299255 -41.558712 77.22989 1.0
-0.99944186 0.012171782 -0.031109396 0.0 0.015502519 0.99335706 -0.114023894 0.0 0.029514864 -0.11444253 -0.9929913 0.0 72.30552 -41.42734 76.94051 1.0
-0.99944186 0.012171782 -0.031109396 0.0 0.015513759 0.99326295 -0.114839 0.0 0.029502016 -0.11525753 -0.99289745 0.0 72.31174 -41.300117 76.65094 1.0
-0.99944186 0.012171782 -0.031109396 0.0 0.015524473 0.9931726 -0.11561663 0.0 0.029489739 -0.11603505 -0.9928072 0.0 72.317894 -41.177593 76.36121 1.0
-0.99944186 0.012171782 -0.031109396 0.0 0.015534615 0.9930864 -0.11635335 0.0 0.02947809 -0.11677168 -0.9927212 0.0 72.323975 -41.060364 76.07137 1.0
-0.99944186 0.012171782 -0.031109396 0.0 0.015544143 0.99300486 -0.11704589 0.0 0.029467124 -0.117464125 -0.99263984 0.0 72.32997 -40.949093 75.78148 1.0
-0.99944186 0.012171782 -0.031109396 0.0 0.015553013 0.99292845 -0.11769111 0.0 0.029456895 -0.11810927 -0.99256355 0.0 72.335884 -40.844513 75.4916 1.0
-0.99944186 0.012171782 -0.031109396 0.0 0.015561189 0.99285764 -0.11828617 0.0 0.029447448 -0.118704244 -0.99249285 0.0 72.34168 -40.747463 75.201836 1.0
-0.99944186 0.012171782 -0.031109396 0.0 0.015568636 0.9927927 -0.11882858 0.0 0.029438827 -0.119246595 -0.9924281 0.0 72.34737 -40.658882 74.91229 1.0
-0.99944186 0.012171782 -0.031109396 0.0 0.015575332 0.9927341 -0.11931649 0.0 0.029431064 -0.119734436 -0.9923696 0.0 72.352905 -40.579834 74.623085 1.0
-0.99944186 0.012171782 -0.031109396 0.0 0.015581264 0.9926819 -0.11974892 0.0 0.029424177 -0.12016681 -0.99231756 0.0 72.3583 -40.511524 74.3344 1.0
-0.99944186 0.012171782 -0.031109396 0.0 0.015586441 0.9926362 -0.12012654 0.0 0.02941816 -0.12054438 -0.9922719 0.0 72.36351 -40.455204 74.04639 1.0
-0.99944186 0.012171782 -0.031109396 0.0 0.015591074 0.9925952 -0.1204645 0.0 0.02941277 -0.120882295 -0.99223095 0.0 72.36857 -40.40877 73.75903 1.0
-0.99944186 0.012171782 -0.031109396 0.0 0.01559532 0.99255747 -0.120774396 0.0 0.029407823 -0.12119215 -0.99219334 0.0 72.37352 -40.370274 73.47224 1.0
-0.99944186 0.012171782 -0.031109396 0.0 0.015599249 0.9925225 -0.12106128 0.0 0.029403243 -0.121479 -0.99215835 0.0 72.37836 -40.339058 73.186 1.0
-0.99944186 0.012171782 -0.031109396 0.0 0.015602922 0.99248964 -0.12132948 0.0 0.029398957 -0.12174716 -0.99212563 0.0 72.38309 -40.31447 72.90029 1.0
-0.99944186 0.012171782 -0.031109396 0.0 0.0156063875 0.99245864 -0.12158263 0.0 0.029394912 -0.12200027 -0.99209464 0.0 72.38773 -40.29586 72.61509 1.0
-0.99944186 0.012171782 -0.031109396 0.0 0.015609687 0.992429 -0.12182376 0.0 0.029391054 -0.12224137 -0.9920651 0.0 72.392296 -40.28261 72.33036 1.0
-0.99944186 0.012171782 -0.031109396 0.0 0.0156128565 0.99240047 -0.12205537 0.0 0.02938735 -0.12247295 -0.99203664 0.0 72.39679 -40.274128 72.04607 1.0
-0.99944186 0.012171782 -0.031109396 0.0 0.015615922 0.9923729 -0.122279495 0.0 0.029383762 -0.122697055 -0.99200904 0.0 72.40122 -40.26985 71.76216 1.0
-0.99944186 0.012171782 -0.031109396 0.0 0.015618908 0.99234587 -0.122497804 0.0 0.029380264 -0.122915335 -0.9919821 0.0 72.405594 -40.269257 71.4786 1.0
-0.99944186 0.012171782 -0.031109396 0.0 0.015621832 0.9923194 -0.12271163 0.0 0.029376838 -0.12312913 -0.9919557 0.0 72.40991 -40.271843 71.195335 1.0
-0.99944186 0.012171782 -0.031109396 0.0 0.0156247085 0.9922933 -0.12292205 0.0 0.029373465 -0.12333952 -0.99192965 0.0 72.41419 -40.277164 70.91234 1.0
-0.99944186 0.012171782 -0.031109396 0.0 0.01562755 0.9922675 -0.12312993 0.0 0.029370133 -0.12354737 -0.9919039 0.0 72.41844 -40.284794 70.629555 1.0
-0.99944186 0.012171782 -0.031109396 0.0 0.015630364 0.99224186 -0.123335965 0.0 0.029366827 -0.12375338 -0.99187833 0.0 72.42265 -40.29434 70.34695 1.0
-0.99944186 0.012171782 -0.031109396 0.0 0.015633162 0.99221635 -0.12354073 0.0 0.029363541 -0.12395812 -0.9918529 0.0 72.42685 -40.30543 70.06448 1.0
-0.99944186 0.012171782 -0.031109396 0.0 0.015635949 0.9921909 -0.12374469 0.0 0.029360266 -0.12416205 -0.9918274 0.0 72.43102 -40.31774 69.78211 1.0
-0.99944186 0.012171782 -0.031109396 0.0 0.015638728 0.99216545 -0.12394823 0.0 0.029356997 -0.12436557 -0.99180204 0.0 72.43518 -40.330956 69.49981 1.0
-0.99944186 0.012171782 -0.031109396 0.0 0.015641505 0.99213994 -0.124151684 0.0 0.029353729 -0.12456899 -0.9917766 0.0 72.43933 -40.34479 69.217545 1.0
-0.99944186 0.012171782 -0.031109396 0.0 0.015644286 0.9921144 -0.12435534 0.0 0.029350454 -0.124772616 -0.9917511 0.0 72.44348 -40.358982 68.93528 1.0
-0.99944186 0.012171782 -0.031109396 0.0 0.01564707 0.99208874 -0.12455944 0.0 0.029347172 -0.124976695 -0.9917255 0.0 72.447624 -40.373276 68.652985 1.0
-0.99944186 0.012171782 -0.031109396 0.0 0.015649866 0.992063 -0.12476424 0.0 0.029343877 -0.12518147 -0.99169976 0.0 72.451775 -40.387455 68.370636 1.0
-0.99944186 0.012171782 -0.031109396 0.0 0.015652671 0.99203706 -0.124969974 0.0 0.029340567 -0.12538718 -0.9916739 0.0 72.455925 -40.401302 68.08821 1.0
-0.99944186 0.012171782 -0.031109396 0.0 0.015655493 0.9920109 -0.12517686 0.0 0.029337235 -0.12559402 -0.9916478 0.0 72.46009 -40.414627 67.80568 1.0
-0.99944186 0.012171782 -0.031109396 0.0 0.015658334 0.99198455 -0.12538512 0.0 0.02933388 -0.12580226 -0.9916215 0.0 72.464264 -40.427246 67.523026 1.0
-0.99944186 0.012171782 -0.031109396 0.0 0.015661195 0.99195796 -0.12559499 0.0 0.0293305 -0.1260121 -0.991595 0.0 72.46845 -40.43899 67.24022 1.0
-0.99944186 0.012171782 -0.031109396 0.0 0.01566408 0.9919311 -0.12580672 0.0 0.029327085 -0.1262238 -0.99156815 0.0 72.472664 -40.44971 66.957245 1.0
-0.99944186 0.012171782 -0.031109396 0.0 0.015666993 0.9919039 -0.12602055 0.0 0.029323637 -0.1264376 -0.99154097 0.0 72.47688 -40.459263 66.674095 1.0
-0.99944186 0.012171782 -0.031109396 0.0 0.01566994 0.99187636 -0.12623674 0.0 0.029320149 -0.12665378 -0.9915135 0.0 72.48113 -40.46751 66.39074 1.0
-0.99944186 0.012171782 -0.031109396 0.0 0.01567292 0.99184847 -0.12645559 0.0 0.029316617 -0.12687258 -0.99148566 0.0 72.4854 -40.474323 66.10717 1.0
-0.99944186 0.012171782 -0.031109396 0.0 0.015675936 0.99182016 -0.12667711 0.0 0.029313039 -0.12709408 -0.9914574 0.0 72.48969 -40.479774 65.82339 1.0
-0.99944186 0.012171782 -0.031109396 0.0 0.015678985 0.9917914 -0.12690108 0.0 0.029309422 -0.12731801 -0.99142873 0.0 72.494 -40.48409 65.53943 1.0
-0.99944186 0.012171782 -0.031109396 0.0 0.015682064 0.99176246 -0.12712726 0.0 0.029305765 -0.12754416 -0.99139977 0.0 72.49832 -40.487476 65.2553 1.0
-0.99944186 0.012171782 -0.031109396 0.0 0.015685169 0.99173313 -0.12735541 0.0 0.029302076 -0.12777229 -0.9913705 0.0 72.50266 -40.490124 64.97104 1.0
-0.99944186 0.012171782 -0.031109396 0.0 0.015688296 0.9917035 -0.1275853 0.0 0.029298358 -0.12800215 -0.991341 0.0 72.50701 -40.4922 64.68665 1.0
-0.99944186 0.012171782 -0.031109396 0.0 0.015691444 0.99167365 -0.12781668 0.0 0.029294612 -0.12823349 -0.9913112 0.0 72.51136 -40.49386 64.40216 1.0
-0.99944186 0.012171782 -0.031109396 0.0 0.015694607 0.9916436 -0.12804927 0.0 0.029290847 -0.12846604 -0.9912812 0.0 72.515724 -40.49525 64.11759 1.0
-0.99944186 0.012171782 -0.031109396 0.0 0.015697781 0.9916134 -0.12828276 0.0 0.029287064 -0.12869951 -0.991251 0.0 72.52008 -40.49651 63.83295 1.0
-0.99944186 0.012171782 -0.031109396 0.0 0.015700962 0.99158305 -0.12851684 0.0 0.02928327 -0.12893356 -0.9912207 0.0 72.524445 -40.49776 63.548275 1.0
-0.99944186 0.012171782 -0.031109396 0.0 0.015704146 0.9915526 -0.12875113 0.0 0.029279472 -0.12916781 -0.9911903 0.0 72.52881 -40.499123 63.26358 1.0
-0.99944186 0.012171782 -0.031109396 0.0 0.015707325 0.99152213 -0.12898517 0.0 0.029275674 -0.12940182 -0.9911599 0.0 72.533165 -40.50071 62.978905 1.0
-0.99944186 0.012171782 -0.031109396 0.0 0.015710492 0.9914917 -0.12921835 0.0 0.029271891 -0.12963498 -0.9911296 0.0 72.53752 -40.502625 62.694286 1.0
-0.99944186 0.012171782 -0.031109396 0.0 0.015713641 0.9914614 -0.12945025 0.0 0.029268125 -0.12986684 -0.9910993 0.0 72.54186 -40.50497 62.40976 1.0
-0.99944186 0.012171782 -0.031109396 0.0 0.015716765 0.9914313 -0.12968042 0.0 0.029264387 -0.13009699 -0.99106926 0.0 72.5462 -40.507847 62.125355 1.0
-0.99944186 0.012171782 -0.031109396 0.0 0.015719859 0.9914014 -0.1299084 0.0 0.029260682 -0.13032493 -0.9910394 0.0 72.55053 -40.51135 61.841106 1.0
