-0.999441870842	0.0121717815427	-0.0311093963622	0	0.0153768857862	0.994357703873	-0.104958601993	0	0.0296563347611	-0.105378387172	-0.993989887939	0	72.2419089656	-42.8169830392	79.8249274642	1	0	0
-0.999441870842	0.0121717815427	-0.0311093963622	0	0.0153881873018	0.994271476153	-0.105770673632	0	0.0296437679102	-0.106190357153	-0.993903845905	0	72.2481391901	-42.6870264007	79.5369067354	1	0.0251256281407	0
-0.999441870842	0.0121717815427	-0.0311093963622	0	0.0154007426416	0.994174811317	-0.106673622184	0	0.029629770233	-0.107093192332	-0.993807387841	0	72.2545038791	-42.5471600371	79.2490606066	1	0.0502512562814	0
-0.999441870842	0.0121717815427	-0.0311093963622	0	0.0154138053883	0.994073264181	-0.107613939818	0	0.0296151658221	-0.108033391522	-0.993706056379	0	72.2609183442	-42.4037133285	78.9611999146	1	0.0753768844221	0
-0.999441870842	0.0121717815427	-0.0311093963622	0	0.0154270380642	0.993969378313	-0.108567405206	0	0.029600328623	-0.108986736413	-0.993602389558	0	72.2673486138	-42.2592683767	78.6732099758	1	0.100502512563	0
-0.999441870842	0.0121717815427	-0.0311093963622	0	0.0154402495503	0.993864633667	-0.109520265886	0	0.0295854720683	-0.109939476275	-0.99349786418	0	72.2737762523	-42.1152298751	78.3850254334	1	0.125628140704	0
-0.999441870842	0.0121717815427	-0.0311093963622	0	0.0154533145468	0.993760039858	-0.110463470209	0	0.029570737741	-0.110882560613	-0.993393487773	0	72.2801890995	-41.9725161787	78.0966105513	1	0.150753768844	0
-0.999441870842	0.0121717815427	-0.0311093963622	0	0.0154661415617	0.993656370474	-0.111390376069	0	0.0295562305534	-0.11180934818	-0.993290032377	0	72.2865778732	-41.8318162686	77.807948877	1	0.175879396985	0
-0.999441870842	0.0121717815427	-0.0311093963622	0	0.0154786579628	0.993554271815	-0.112295681599	0	0.0295420351446	-0.112714537811	-0.993188143049	0	72.2929346382	-41.6937063687	77.5190378157	1	0.201005025126	0
-0.999441870842	0.0121717815427	-0.0311093963622	0	0.0154908021954	0.993454319087	-0.113174868827	0	0.0295282244007	-0.113593612139	-0.993088393925	0	72.2992520002	-41.5587113868	77.2298857894	1	0.226130653266	0
-0.999441870842	0.0121717815427	-0.0311093963622	0	0.0155025194243	0.99335704751	-0.114023892471	0	0.0295148642104	-0.114442526434	-0.992991319257	0	72.305522616	-41.4273418072	76.9405108766	1	0.251256281407	0
-0.999441870842	0.0121717815427	-0.0311093963622	0	0.0155137590011	0.993262969957	-0.114838999448	0	0.0295020162104	-0.115257528132	-0.992897431017	0	72.3117388517	-41.3001188306	76.6509403967	1	0.276381909548	0
-0.999441870842	0.0121717815427	-0.0311093963622	0	0.0155244730183	0.993172586431	-0.115616626397	0	0.0294897393282	-0.116035054371	-0.992807228346	0	72.3178925108	-41.1775937534	76.3612111781	1	0.301507537688	0
-0.999441870842	0.0121717815427	-0.0311093963622	0	0.0155346156055	0.993086387741	-0.116353350624	0	0.0294780904926	-0.11677168294	-0.992721201219	0	72.3239745899	-41.0603646598	76.0713703949	1	0.326633165829	0
-0.999441870842	0.0121717815427	-0.0311093963622	0	0.0155441428236	0.993004854261	-0.11704588433	0	0.0294671246662	-0.11746412651	-0.992639829208	0	72.329975041	-40.9490920862	75.7814769387	1	0.35175879397	0
-0.999441870842	0.0121717815427	-0.0311093963622	0	0.0155530131339	0.992928449709	-0.117691110713	0	0.0294568942122	-0.118109268723	-0.992563575268	0	72.3358825271	-40.8445145422	75.4916033401	1	0.376884422111	0
-0.999441870842	0.0121717815427	-0.0311093963622	0	0.0155611885063	0.992857609214	-0.118286166724	0	0.0294474475154	-0.118704246946	-0.99249287382	0	72.3416841665	-40.7474642034	75.2018382773	1	0.402010050251	0
-0.999441870842	0.0121717815427	-0.0311093963622	0	0.015568636298	0.992792720369	-0.118828582196	0	0.0294388266999	-0.119246591377	-0.992428111843	0	72.3473652678	-40.6588825397	74.9122897223	1	0.427135678392	0
-0.999441870842	0.0121717815427	-0.0311093963622	0	0.0155753320933	0.992734095517	-0.119316489339	0	0.029431064217	-0.119734434507	-0.992369601212	0	72.3529090696	-40.579834932	74.6230887366	1	0.452261306533	0
-0.999441870842	0.0121717815427	-0.0311093963622	0	0.0155812637278	0.992681933268	-0.119748918923	0	0.0294241780425	-0.120166807269	-0.992317540275	0	72.3582965114	-40.5115223292	74.3343938595	1	0.477386934673	0
-0.999441870842	0.0121717815427	-0.0311093963622	0	0.0155864413964	0.992636225983	-0.120126540408	0	0.0294181597903	-0.120544379066	-0.992271921522	0	72.3635073337	-40.4552029982	74.0463899841	1	0.502512562814	0
-0.999441870842	0.0121717815427	-0.0311093963622	0	0.0155910735254	0.992595195896	-0.120464498965	0	0.0294127698113	-0.120882293102	-0.992230970716	0	72.3685714133	-40.408770276	73.7590302987	1	0.527638190955	0
-0.999441870842	0.0121717815427	-0.0311093963622	0	0.0155953196109	0.992557470068	-0.120774395543	0	0.0294078241901	-0.121192148811	-0.992193317626	0	72.3735169843	-40.3702733547	73.4722345451	1	0.552763819095	0
-0.999441870842	0.0121717815427	-0.0311093963622	0	0.0155992492014	0.992522457963	-0.121061281437	0	0.0294032430722	-0.121478996832	-0.992158372893	0	72.3783532301	-40.3390580956	73.1859942556	1	0.577889447236	0
-0.999441870842	0.0121717815427	-0.0311093963622	0	0.0156029217357	0.992489650694	-0.121329477452	0	0.0293989580346	-0.12174715741	-0.992125628636	0	72.383089541	-40.3144684746	72.9002892343	1	0.603015075377	0
-0.999441870842	0.0121717815427	-0.0311093963622	0	0.0156063872712	0.992458616749	-0.121582625063	0	0.0293949113299	-0.122000271542	-0.992094654193	0	72.3877352772	-40.2958604608	72.615090441	1	0.628140703518	0
-0.999441870842	0.0121717815427	-0.0311093963622	0	0.0156096874501	0.992428995074	-0.121823755458	0	0.029391054831	-0.122241370022	-0.99206508922	0	72.3922995921	-40.2826120013	72.3303625066	1	0.653266331658	0
-0.999441870842	0.0121717815427	-0.0311093963622	0	0.015612856564	0.992400486858	-0.122055366101	0	0.0293873488434	-0.122472949985	-0.992036635489	0	72.396791308	-40.2741296809	72.046065834	1	0.678391959799	0
-0.999441870842	0.0121717815427	-0.0311093963622	0	0.0156159226182	0.992372846982	-0.122279497604	0	0.0293837609038	-0.122697051777	-0.992009048359	0	72.4012188343	-40.2698527031	71.762158293	1	0.70351758794	0
-0.999441870842	0.0121717815427	-0.0311093963622	0	0.0156189083351	0.992345875761	-0.122497806355	0	0.029380264639	-0.122915331568	-0.991982128533	0	72.4055901213	-40.2692548222	71.4785965455	1	0.72864321608	0
-0.999441870842	0.0121717815427	-0.0311093963622	0	0.0156218320624	0.992319411343	-0.122711630399	0	0.0293768387274	-0.123129127226	-0.991955714472	0	72.409912638	-40.2718447768	71.1953370533	1	0.753768844221	0
-0.999441870842	0.0121717815427	-0.0311093963622	0	0.0156247085728	0.992293322924	-0.122922047503	0	0.0293734659814	-0.123339516376	-0.991929675627	0	72.4141933691	-40.2771656795	70.9123368228	1	0.778894472362	0
-0.999441870842	0.0121717815427	-0.0311093963622	0	0.0156275497531	0.992267504858	-0.123129925247	0	0.0293701325545	-0.123547366485	-0.991903906553	0	72.4184388251	-40.2847937172	70.6295539393	1	0.804020100503	0
-0.999441870842	0.0121717815427	-0.0311093963622	0	0.0156303651884	0.992241871615	-0.123335963523	0	0.0293668272669	-0.123753377351	-0.991878321885	0	72.4226550604	-40.2943364325	70.3469479374	1	0.829145728643	0
-0.999441870842	0.0121717815427	-0.0311093963622	0	0.0156331626524	0.992216353525	-0.123540730219	0	0.029363541039	-0.123958116789	-0.991852852088	0	72.426847696	-40.3054307815	70.0644800435	1	0.854271356784	0
-0.999441870842	0.0121717815427	-0.0311093963622	0	0.0156359485129	0.992190893234	-0.123744690789	0	0.0293602664212	-0.124162050189	-0.991827439915	0	72.4310219458	-40.317741105	69.7821133243	1	0.879396984925	0
-0.999441870842	0.0121717815427	-0.0311093963622	0	0.0156387280666	0.992165442762	-0.123948232639	0	0.0293569972055	-0.124365564906	-0.99180203748	0	72.4351826429	-40.3309571099	69.4998127646	1	0.904522613065	0
-0.999441870842	0.0121717815427	-0.0311093963622	0	0.0156415058123	0.992139961093	-0.12415168504	0	0.029353728108	-0.124568990168	-0.991776603844	0	72.4393342667	-40.3447919193	69.2175452942	1	0.929648241206	0
-0.999441870842	0.0121717815427	-0.0311093963622	0	0.0156442856724	0.992114412203	-0.124355335328	0	0.0293504545106	-0.124772613273	-0.991751103049	0	72.4434809678	-40.3589802311	68.9352797788	1	0.954773869347	0
-0.999441870842	0.0121717815427	-0.0311093963622	0	0.0156470711718	0.992088763462	-0.124559441941	0	0.0293471722526	-0.124976692624	-0.991725502528	0	72.4476265932	-40.3732766032	68.6529869865	1	0.979899497487	0
-0.999441870842	0.0121717815427	-0.0311093963622	0	0.0156498655807	0.992062984345	-0.124764244876	0	0.0293438774633	-0.125181468184	-0.991699771812	0	72.4517747078	-40.3874538767	68.3706395376	1	1.00502512563	0
-0.999441870842	0.0121717815427	-0.0311093963622	0	0.0156526720282	0.992037045408	-0.124969973982	0	0.0293405664289	-0.125387169774	-0.991673881511	0	72.4559286162	-40.4013017359	68.0882118444	1	1.03015075377	0
-0.999441870842	0.0121717815427	-0.0311093963622	0	0.0156554935909	0.992010917468	-0.125176855464	0	0.0293372354883	-0.125594023566	-0.991647802498	0	72.4600913812	-40.414625402	67.8056800461	1	1.05527638191	0
-0.999441870842	0.0121717815427	-0.0311093963622	0	0.015658333361	0.991984570981	-0.125385116871	0	0.0293338809526	-0.12580225708	-0.99162150528	0	72.4642658415	-40.4272444534	67.5230219433	1	1.08040201005	0
-0.999441870842	0.0121717815427	-0.0311093963622	0	0.0156611944982	0.991957975546	-0.125594990895	0	0.0293304990439	-0.126012102975	-0.991594959514	0	72.4684546272	-40.4389917624	67.2402169326	1	1.10552763819	0
-0.999441870842	0.0121717815427	-0.0311093963622	0	0.0156640802659	0.991931099563	-0.125806718059	0	0.0293270858515	-0.126223801743	-0.991568133657	0	72.4726601739	-40.449712539	66.9572459465	1	1.13065326633	0
-0.999441870842	0.0121717815427	-0.0311093963622	0	0.0156669940562	0.991903909982	-0.126020548558	0	0.0293236373019	-0.126437603543	-0.991540994717	0	72.4768847356	-40.4592634722	66.6740913991	1	1.15577889447	0
-0.999441870842	0.0121717815427	-0.0311093963622	0	0.0156699394039	0.991876372158	-0.126236743281	0	0.0293201491419	-0.12665376923	-0.991513508112	0	72.4811303961	-40.4675119561	66.3907371437	1	1.18090452261	0
-0.999441870842	0.0121717815427	-0.0311093963622	0	0.0156729202237	0.991848447599	-0.126455591284	0	0.0293166166556	-0.126872587819	-0.991485635421	0	72.48539928	-40.4743224591	66.1071669971	1	1.20603015075	0
-0.999441870842	0.0121717815427	-0.0311093963622	0	0.01567593669	0.991820132648	-0.12667710718	0	0.0293130395515	-0.12709407392	-0.991457372989	0	72.4896901894	-40.4797728696	65.8233887663	1	1.23115577889	0
-0.999441870842	0.0121717815427	-0.0311093963622	0	0.015678985798	0.991791453535	-0.126901072097	0	0.0293094213096	-0.127318008692	-0.991428746996	0	72.493999616	-40.4840896039	65.5394267912	1	1.25628140704	0
-0.999441870842	0.0121717815427	-0.0311093963622	0	0.0156820643813	0.991762438223	-0.127127255087	0	0.0293057656108	-0.127544161215	-0.991399785351	0	72.4983243791	-40.4874779034	65.2553031905	1	1.28140703518	0
-0.999441870842	0.0121717815427	-0.0311093963622	0	0.015685169168	0.991733115895	-0.127355417257	0	0.0293020762708	-0.127772292629	-0.991370517179	0	72.5026615831	-40.4901242698	64.9710383914	1	1.30653266332	0
-0.999441870842	0.0121717815427	-0.0311093963622	0	0.0156882967865	0.991703516917	-0.127585312155	0	0.029298357234	-0.128002156515	-0.99134097279	0	72.5070085694	-40.4921992916	64.6866517396	1	1.33165829146	0
-0.999441870842	0.0121717815427	-0.0311093963622	0	0.0156914437392	0.991673673101	-0.127816683857	0	0.029294612605	-0.128233496982	-0.991311183934	0	72.5113628744	-40.4938599782	64.4021621245	1	1.3567839196	0
-0.999441870842	0.0121717815427	-0.0311093963622	0	0.0156946063414	0.991643618304	-0.128049262427	0	0.0292908467229	-0.12846604413	-0.991281184406	0	72.5157221918	-40.4952516894	64.1175886797	1	1.38190954774	0
-0.999441870842	0.0121717815427	-0.0311093963622	0	0.0156977806141	0.991613389476	-0.128282756032	0	0.0292870642892	-0.128699506164	-0.991251011086	0	72.5200843379	-40.4965097274	63.8329516343	1	1.40703517588	0
-0.999441870842	0.0121717815427	-0.0311093963622	0	0.0157009621141	0.991583028313	-0.128516838389	0	0.0292832705724	-0.128933556848	-0.991220705594	0	72.5244472159	-40.4977606365	63.5482734319	1	1.43216080402	0
-0.999441870842	0.0121717815427	-0.0311093963622	0	0.0157041456673	0.991552583861	-0.12875112911	0	0.0292794717284	-0.129167815843	-0.991190316883	0	72.5288087778	-40.4991232326	63.2635803013	1	1.45728643216	0
-0.999441870842	0.0121717815427	-0.0311093963622	0	0.0157073249502	0.991522116607	-0.1289851628	0	0.0292756753036	-0.129401817818	-0.991159905331	0	72.5331669782	-40.5007093602	62.9789045795	1	1.4824120603	0
-0.999441870842	0.0121717815427	-0.0311093963622	0	0.0157104919954	0.991491703343	-0.129218352577	0	0.0292718908303	-0.129634975969	-0.99112954759	0	72.5375197248	-40.502624457	62.6942874005	1	1.50753768844	0
-0.999441870842	0.0121717815427	-0.0311093963622	0	0.0157136407083	0.991461403462	-0.129450248902	0	0.0292681256278	-0.129866840821	-0.991099302946	0	72.5418651124	-40.5049707029	62.409760693	1	1.53266331658	0
-0.999441870842	0.0121717815427	-0.0311093963622	0	0.0157167653044	0.991431273837	-0.129680424683	0	0.0292643866641	-0.130096985339	-0.991069228169	0	72.5462013015	-40.5078466717	62.125355327	1	1.55778894472	0
-0.999441870842	0.0121717815427	-0.0311093963622	0	0.0157198593445	0.991401378126	-0.129908404162	0	0.0292606817101	-0.130324933829	-0.991039386803	0	72.5505264417	-40.5113472926	61.8411061829	1	1.58291457286	0
-0.999441870842	0.0121717815427	-0.0311093963622	0	0.0157229163323	0.991371781031	-0.130133706919	0	0.0292570186264	-0.130550205939	-0.991009843437	0	72.5548387041	-40.5155647968	61.5570491603	1	1.60804020101	0
-0.999441870842	0.0121717815427	-0.0311093963622	0	0.0157259297532	0.991342547912	-0.130355850782	0	0.0292534053152	-0.130772319562	-0.990980663312	0	72.5591362764	-40.5205892325	61.273221056	1	1.63316582915	0
-0.999441870842	0.0121717815427	-0.0311093963622	0	0.0157288931267	0.991313744266	-0.130574355638	0	0.0292498496578	-0.130990794653	-0.990951911812	0	72.5634173587	-40.5265089404	60.989659379	1	1.65829145729	0
-0.999441870842	0.0121717815427	-0.0311093963622	0	0.0157318000689	0.991285435094	-0.130788748132	0	0.0292463594379	-0.131205157921	-0.990923653822	0	72.5676801615	-40.5334109957	60.7064021047	1	1.68341708543	0
-0.999441870842	0.0121717815427	-0.0311093963622	0	0.0157346443703	0.991257684114	-0.130998567367	0	0.0292429422478	-0.131414948535	-0.990895952951	0	72.571922905	-40.5413816263	60.4234873579	1	1.70854271357	0
-0.999441870842	0.0121717815427	-0.0311093963622	0	0.015737420085	0.991230552847	-0.131203371571	0	0.0292396053784	-0.131619724783	-0.990868870612	0	72.5761438188	-40.5505066087	60.1409530336	1	1.73366834171	0
-0.999441870842	0.0121717815427	-0.0311093963622	0	0.0157401216343	0.991204099555	-0.131402745773	0	0.0292363556932	-0.131819071752	-0.990842464967	0	72.5803411442	-40.5608716494	59.8588363513	1	1.75879396985	0
-0.999441870842	0.0121717815427	-0.0311093963622	0	0.0157427439222	0.991178378049	-0.131596310368	0	0.0292331994867	-0.132012609891	-0.990816789735	0	72.5845131363	-40.572562752	59.5771733511	1	1.78391959799	0
-0.999441870842	0.0121717815427	-0.0311093963622	0	0.0157452824612	0.991153436388	-0.131783730467	0	0.0292301423302	-0.132200004357	-0.990791892894	0	72.5886580678	-40.5856665728	59.295998342	1	1.80904522613	0
-0.999441870842	0.0121717815427	-0.0311093963622	0	0.0157477335063	0.991129315485	-0.131964725877	0	0.0292271889069	-0.132380974999	-0.990767815287	0	72.5927742335	-40.6002707654	59.0153433144	1	1.83417085427	0
-0.999441870842	0.0121717815427	-0.0311093963622	0	0.0157500941934	0.991106047657	-0.132139081391	0	0.0292243428416	-0.13255530664	-0.990744589179	0	72.5968599544	-40.6164643138	58.7352373382	1	1.85929648241	0
-0.999441870842	0.0121717815427	-0.0311093963622	0	0.015752362679	0.991083655167	-0.132306657164	0	0.029221606529	-0.132722859456	-0.990722236799	0	72.6009135832	-40.6343378526	58.4557059642	1	1.88442211055	0
-0.999441870842	0.0121717815427	-0.0311093963622	0	0.0157545382746	0.991062148805	-0.132467398746	0	0.0292189809677	-0.132883579004	-0.99070076892	0	72.6049335079	-40.653983971	58.1767706606	1	1.90954773869	0
-0.999441870842	0.0121717815427	-0.0311093963622	0	0.015756621572	0.991041526553	-0.132621346413	0	0.0292164656045	-0.133037505559	-0.990680183536	0	72.6089181566	-40.6754974986	57.8984483088	1	1.93467336683	0
-0.999441870842	0.0121717815427	-0.0311093963622	0	0.0157586145537	0.991021772413	-0.1327686434	0	0.0292140581984	-0.133184782335	-0.99066046468	0	72.6128659991	-40.6989757688	57.6207507899	1	1.95979899497	0
-0.999441870842	0.0121717815427	-0.0311093963622	0	0.0157605206822	0.991002855433	-0.132909542588	0	0.0292117547084	-0.133325662181	-0.990641581459	0	72.6167755492	-40.7245188557	57.3436846896	1	1.98492462312	0
-0.999441870842	0.0121717815427	-0.0311093963622	0	0.0157623449646	0.990984728992	-0.133044411332	0	0.0292095492129	-0.133460512404	-0.990623487339	0	72.6206453634	-40.7522297812	57.0672511502	1	2.01005025126	0
-0.999441870842	0.0121717815427	-0.0311093963622	0	0.0157640939879	0.990967330376	-0.13317373415	0	0.0292074338634	-0.133589817454	-0.990606119723	0	72.6244740388	-40.7822146879	56.791445886	1	2.0351758794	0
-0.999441870842	0.0121717815427	-0.0311093963622	0	0.0157657759227	0.990950580691	-0.133298113028	0	0.0292053988783	-0.133714179236	-0.990589399859	0	72.6282602076	-40.814582976	56.5162593801	1	2.06030150754	0
-0.999441870842	0.0121717815427	-0.0311093963622	0	0.015767400494	0.990934385092	-0.13341826533	0	0.0292034325754	-0.133834315018	-0.990573233072	0	72.6320025303	-40.8494474008	56.2416772667	1	2.08542713568	0
-0.999441870842	0.0121717815427	-0.0311093963622	0	0.0157689789209	0.990918633343	-0.133535019368	0	0.0292015214433	-0.133951052996	-0.990557509327	0	72.6356996861	-40.8869241304	55.967680895	1	2.11055276382	0
-0.999441870842	0.0121717815427	-0.0311093963622	0	0.0157705238265	0.990903200677	-0.133649307769	0	0.0291996502489	-0.13406532567	-0.990542104078	0	72.6393503614	-40.9271327629	55.694248062	1	2.13567839196	0
-0.999441870842	0.0121717815427	-0.0311093963622	0	0.0157720485297	0.990887954839	-0.133762115113	0	0.0291978028938	-0.134178117485	-0.990526885309	0	72.6429554343	-40.9700586693	55.4213348623	1	2.1608040201	0
-0.999441870842	0.0121717815427	-0.0311093963622	0	0.0157735640813	0.990872785754	-0.133874258643	0	0.0291959660062	-0.134290245573	-0.990511743137	0	72.6465240788	-41.015170663	55.1488228454	1	2.18592964824	0
-0.999441870842	0.0121717815427	-0.0311093963622	0	0.0157750820993	0.990857577231	-0.133986597943	0	0.0291941255088	-0.134402569397	-0.990496561579	0	72.6500592634	-41.0623289164	54.8766448649	1	2.21105527638	0
-0.999441870842	0.0121717815427	-0.0311093963622	0	0.0157766141552	0.99084221309	-0.134099989575	0	0.0291922673614	-0.134515945404	-0.990481224661	0	72.6535630119	-41.111453559	54.6047412307	1	2.23618090452	0
-0.999441870842	0.0121717815427	-0.0311093963622	0	0.015778171423	0.990826580689	-0.134215261079	0	0.0291903779873	-0.134631201017	-0.99046561994	0	72.6570372775	-41.1624688213	54.3330531488	1	2.26130653266	0
-0.999441870842	0.0121717815427	-0.0311093963622	0	0.015779764513	0.990810572593	-0.134333198686	0	0.0291884444743	-0.13474912236	-0.990449640169	0	72.6604839333	-41.2153026249	54.0615237245	1	2.2864321608	0
-0.999441870842	0.0121717815427	-0.0311093963622	0	0.0157814033187	0.99079408813	-0.134454535943	0	0.029186454762	-0.134870442877	-0.990433184854	0	72.663904763	-41.2698862009	53.790098883	1	2.31155778894	0
-0.999441870842	0.0121717815427	-0.0311093963622	0	0.0157830968821	0.990777034751	-0.134579943761	0	0.0291843978051	-0.134995833387	-0.990416161606	0	72.6673014537	-41.3261537396	53.5187281757	1	2.33668341709	0
-0.999441870842	0.0121717815427	-0.0311093963622	0	0.015784853283	0.990759329166	-0.134710022184	0	0.029182263709	-0.13512589385	-0.990398487282	0	72.6706755898	-41.3840420737	53.247365451	1	2.36180904523	0
-0.999441870842	0.0121717815427	-0.0311093963622	0	0.0157866795549	0.990740898216	-0.134845294136	0	0.0291800438326	-0.135261147117	-0.990380088848	0	72.6740286486	-41.4434903959	52.9759693752	1	2.38693467337	0
-0.999441870842	0.0121717815427	-0.0311093963622	0	0.0157885816293	0.990721679461	-0.13498620128	0	0.0291777308577	-0.135402034789	-0.990360903971	0	72.677361999	-41.5044400104	52.7045037958	1	2.41206030151	0
-0.999441870842	0.0121717815427	-0.0311093963622	0	0.015790564308	0.990701621497	-0.135133101948	0	0.0291753188237	-0.135548915147	-0.990340881334	0	72.6806769003	-41.5668341185	52.4329379481	1	2.43718592965	0
-0.999441870842	0.0121717815427	-0.0311093963622	0	0.0157926312636	0.990680684002	-0.135286271085	0	0.0291728031296	-0.135702063098	-0.990319980683	0	72.6839745044	-41.6306176341	52.1612465155	1	2.46231155779	0
-0.999441870842	0.0121717815427	-0.0311093963622	0	0.0157947850634	0.990658837536	-0.135445902029	0	0.0291701805063	-0.13586167195	-0.990298172627	0	72.6872558592	-41.6957370293	51.8894095519	1	2.48743718593	0
-0.999441870842	0.0121717815427	-0.0311093963622	0	0.0157970237576	0.990636064045	-0.13561210364	0	0.029167449067	-0.136027850444	-0.990275439095	0	72.6905216707	-41.7621401411	51.6174127248	1	2.51256281407	0
-0.999441870842	0.0121717815427	-0.0311093963622	0	0.0157958632956	0.990613294481	-0.135778464791	0	0.029164715808	-0.136194082643	-0.990252668114	0	72.6935288745	-41.8297103896	51.3456978365	1	2.53768844221	0
-0.999441870842	0.0121717815427	-0.0311093963622	0	0.0157885055012	0.990591352383	-0.135939308805	0	0.0291620754444	-0.136354607989	-0.990230648705	0	72.6960823946	-41.8983405877	51.074655044	1	2.56281407035	0
-0.999441870842	0.0121717815427	-0.0311093963622	0	0.0157753676681	0.99057022153	-0.136094724342	0	0.0291595263923	-0.136509528074	-0.990209369735	0	72.6982122173	-41.9679840753	50.8042707248	1	2.58793969849	0
-0.999441870842	0.0121717815427	-0.0311093963622	0	0.0157568885393	0.990549873009	-0.136244888143	0	0.0291570656012	-0.136659033189	-0.990188807648	0	72.6999498106	-42.0385967002	50.5345249063	1	2.61306532663	0
-0.999441870842	0.0121717815427	-0.0311093963622	0	0.0157335261907	0.99053026561	-0.136390062189	0	0.0291546886001	-0.13680339942	-0.990168926831	0	72.7013279776	-42.1101366748	50.2653914846	1	2.63819095477	0
-0.999441870842	0.0121717815427	-0.0311093963622	0	0.0157057558487	0.990511346407	-0.136530589508	0	0.0291523895673	-0.136942984389	-0.990149680173	0	72.7023807049	-42.1825644244	49.9968385338	1	2.66331658291	0
-0.999441870842	0.0121717815427	-0.0311093963622	0	0.0156740676676	0.990493051533	-0.1366668887	0	0.0291501614208	-0.137078221709	-0.990131009808	0	72.7031430082	-42.255842429	49.7288287031	1	2.68844221106	0
-0.999441870842	0.0121717815427	-0.0311093963622	0	0.0156389644973	0.990475307106	-0.136799447378	0	0.0291479959271	-0.137209614363	-0.990112848016	0	72.7036507776	-42.3299350588	49.4613196869	1	2.7135678392	0
-0.999441870842	0.0121717815427	-0.0311093963622	0	0.0156009596585	0.990458030302	-0.136928814602	0	0.0291458838265	-0.137337727076	-0.990095118268	0	72.7039406225	-42.4048084047	49.1942647623	1	2.73869346734	0
-0.999441870842	0.0121717815427	-0.0311093963622	0	0.0155605747438	0.990441130539	-0.137055592551	0	0.0291438149716	-0.137463177916	-0.990077736382	0	72.7040497192	-42.4804301042	48.9276133804	1	2.76381909548	0
-0.999441870842	0.0121717815427	-0.0311093963622	0	0.0155183374555	0.990424510758	-0.137180427512	0	0.0291417784764	-0.137586629226	-0.990060611773	0	72.7040156607	-42.5567691656	48.6613118002	1	2.78894472362	0
-0.999441870842	0.0121717815427	-0.0311093963622	0	0.0154747794858	0.990408068764	-0.137304000407	0	0.0291397628736	-0.137708778089	-0.990043648777	0	72.7038763092	-42.6337957895	48.3953037569	1	2.81407035176	0
-0.999441870842	0.0121717815427	-0.0311093963622	0	0.0154304344442	0.990391698623	-0.137427016963	0	0.0291377562778	-0.137830346439	-0.990026748015	0	72.7036696523	-42.7114811912	48.1295311494	1	2.8391959799	0
-0.999441870842	0.0121717815427	-0.0311093963622	0	0.0153858358306	0.990375292079	-0.137550197726	0	0.0291357465507	-0.137952071015	-0.990009807784	0	72.7034336619	-42.7897974222	47.8639347421	1	2.86432160804	0
-0.999441870842	0.0121717815427	-0.0311093963622	0	0.0153415150525	0.990358739975	-0.137674268006	0	0.0291337214684	-0.138074693256	-0.989992725455	0	72.7032061569	-42.8687171948	47.5984548663	1	2.88944723618	0
-0.999441870842	0.0121717815427	-0.0311093963622	0	0.015297999483	0.990341933661	-0.137799947909	0	0.0291316688858	-0.138198949269	-0.989975398859	0	72.7030246681	-42.9482137083	47.3330321156	1	2.91457286432	0
-0.999441870842	0.0121717815427	-0.0311093963622	0	0.0152558105553	0.990324766373	-0.137927942611	0	0.0291295768983	-0.138325560062	-0.989957727638	0	72.7029263058	-43.0282604791	47.0676080243	1	2.93969849246	0
-0.999441870842	0.0121717815427	-0.0311093963622	0	0.0152154618904	0.990307134557	-0.138058932938	0	0.0291274339975	-0.138455222057	-0.989939614548	0	72.70294763	-43.1088311751	46.8021257216	1	2.9648241206	0
-0.999441870842	0.0121717815427	-0.0311093963622	0	0.0151774574567	0.990288939145	-0.138193566391	0	0.0291252292202	-0.138588598072	-0.98992096671	0	72.7031245226	-43.1898994542	46.5365305542	1	2.98994974874	0
-0.999441870842	0.0121717815427	-0.0311093963622	0	0.015142289759	0.990270086736	-0.13833244875	0	0.0291229522874	-0.138726308871	-0.989901696769	0	72.7034920617	-43.2714388091	46.2707706677	1	3.01507537688	0
-0.999441870842	0.0121717815427	-0.0311093963622	0	0.0151104380611	0.990250490705	-0.138476136287	0	0.0291205937334	-0.138868925325	-0.989881723983	0	72.7040843982	-43.3534224171	46.0047975441	1	3.04020100503	0
-0.999441870842	0.0121717815427	-0.0311093963622	0	0.0150823666453	0.990230072205	-0.138625128738	0	0.0291181450227	-0.139016961334	-0.9898609752	0	72.7049346354	-43.4358229965	45.7385664844	1	3.06532663317	0
-0.999441870842	0.0121717815427	-0.0311093963622	0	0.0150585231162	0.990208761061	-0.138779863092	0	0.0291155986531	-0.139170867569	-0.989839385732	0	72.7060747113	-43.5186126693	45.4720370344	1	3.09045226131	0
-0.999441870842	0.0121717815427	-0.0311093963622	0	0.0150393367599	0.990186496543	-0.13894070827	0	0.029112948245	-0.139331026098	-0.989816900109	0	72.7075352848	-43.6017628308	45.2051733457	1	3.11557788945	0
-0.999441870842	0.0121717815427	-0.0311093963622	0	0.0150252169712	0.990163228014	-0.13910796075	0	0.0291101886145	-0.139497745971	-0.989793472704	0	72.7093456272	-43.6852440254	44.9379444708	1	3.14070351759	0
-0.999441870842	0.0121717815427	-0.0311093963622	0	0.0150165517636	0.990138915449	-0.139281841194	0	0.0291073158305	-0.139671259798	-0.989769068237	0	72.7115335188	-43.7690258293	44.6703245852	1	3.16582914573	0
-0.999441870842	0.0121717815427	-0.0311093963622	0	0.0150137063805	0.990113529808	-0.139462492131	0	0.0291043272548	-0.139851721391	-0.989743662132	0	72.7141251537	-43.853076739	44.4022931367	1	3.19095477387	0
-0.999441870842	0.0121717815427	-0.0311093963622	0	0.0150170220251	0.990087053276	-0.139649976671	0	0.029101221565	-0.140039204437	-0.989717240734	0	72.7171450516	-43.9373640667	44.1338349194	1	3.21608040201	0
-0.999441870842	0.0121717815427	-0.0311093963622	0	0.0150268519532	0.990059189174	-0.139846328709	0	0.0290979647754	-0.140235752689	-0.989689511831	0	72.7206018262	-44.0227628663	43.8650864381	1	3.24120603015	0
-0.999441870842	0.0121717815427	-0.0311093963622	0	0.0150435425789	0.990029488078	-0.140054648489	0	0.0290945051694	-0.140444475434	-0.989660030467	0	72.7244953554	-44.1105856578	43.5962623024	1	3.26633165829	0
-0.999441870842	0.0121717815427	-0.0311093963622	0	0.015067352635	0.989997971065	-0.140274702535	0	0.0290908462444	-0.140665147378	-0.989628820856	0	72.7288464652	-44.2006709203	43.3273463736	1	3.29145728643	0
-0.999441870842	0.0121717815427	-0.0311093963622	0	0.0150985112198	0.989964679522	-0.140506114665	0	0.0290869938667	-0.140897399676	-0.989595927149	0	72.7336740874	-44.2928497854	43.0583261388	1	3.31658291457	0
-0.999441870842	0.0121717815427	-0.0311093963622	0	0.0151372182417	0.989929668251	-0.140748415767	0	0.0290829554511	-0.141140769695	-0.989561406552	0	72.7389949682	-44.3869630881	42.7891952449	1	3.34170854271	0
-0.999441870842	0.0121717815427	-0.0311093963622	0	0.0151836443288	0.98989300434	-0.141001052843	0	0.0290787398157	-0.141394710053	-0.989525328193	0	72.7448236763	-44.4828602427	42.5199530441	1	3.36683417085	0
-0.999441870842	0.0121717815427	-0.0311093963622	0	0.0152379309465	0.989854766058	-0.14126339785	0	0.0290743570397	-0.141658597462	-0.989487772018	0	72.751172624	-44.580398238	42.2506040982	1	3.39195979899	0
-0.999441870842	0.0121717815427	-0.0311093963622	0	0.0153001907287	0.989815041755	-0.141534756439	0	0.0290698183231	-0.141931741462	-0.989448827698	0	72.7580521026	-44.6794407341	41.9811576515	1	3.41708542714	0
-0.999441870842	0.0121717815427	-0.0311093963622	0	0.0153705080176	0.989773928776	-0.141814376557	0	0.0290651358482	-0.142213393044	-0.989408593552	0	72.7654703319	-44.7798572502	41.7116270762	1	3.44221105528	0
-0.999441870842	0.0121717815427	-0.0311093963622	0	0.015448939606	0.989731532395	-0.142101456885	0	0.0290603226433	-0.142502753104	-0.989367175486	0	72.7734335228	-44.8815224279	41.4420293044	1	3.46733668342	0
-0.999441870842	0.0121717815427	-0.0311093963622	0	0.015535515669	0.989687964745	-0.142395155083	0	0.0290553924498	-0.142798980709	-0.989324685938	0	72.7819459533	-44.9843153589	41.1723842508	1	3.49246231156	0
-0.999441870842	0.0121717815427	-0.0311093963622	0	0.0156302408701	0.989643343795	-0.142694595735	0	0.0290503595927	-0.143101201079	-0.989281242866	0	72.7910100553	-45.088118967	40.9027142378	1	3.5175879397	0
-0.999441870842	0.0121717815427	-0.0311093963622	0	0.0157330956227	0.989597792336	-0.142998877987	0	0.0290452388572	-0.143408513251	-0.989236968756	0	72.8006265123	-45.1928194346	40.6330434281	1	3.54271356784	0
-0.999441870842	0.0121717815427	-0.0311093963622	0	0.0158440374849	0.989551437022	-0.14330708274	0	0.0290400453705	-0.14371999732	-0.989191989675	0	72.8107943667	-45.2983056628	40.3633972741	1	3.56783919598	0
-0.999441870842	0.0121717815427	-0.0311093963622	0	0.0159632137508	0.989504402223	-0.143618291971	0	0.0290347941755	-0.144034740359	-0.989146431714	0	72.8215259096	-45.4044691252	40.0938011099	1	3.59296482412	0
-0.999441870842	0.0121717815427	-0.0311093963622	0	0.0160913309557	0.989456808285	-0.143931558761	0	0.0290295005419	-0.144351817954	-0.989100423754	0	72.8328725548	-45.5112034339	39.824282183	1	3.61809045226	0
-0.999441870842	0.0121717815427	-0.0311093963622	0	0.0162274340739	0.989408811599	-0.144245880056	0	0.0290241815438	-0.144670197903	-0.989054110475	0	72.8447693917	-45.6184009954	39.554871486	1	3.6432160804	0
-0.999441870842	0.0121717815427	-0.0311093963622	0	0.0163705246272	0.98936054374	-0.144560438621	0	0.0290188512217	-0.144989032364	-0.989007611222	0	72.8571484611	-45.7259567386	39.2855867378	1	3.66834170854	0
-0.999441870842	0.0121717815427	-0.0311093963622	0	0.0165197765059	0.989312113531	-0.144874562999	0	0.0290135211339	-0.145307624556	-0.988961024705	0	72.8699538715	-45.8337674392	39.0164350971	1	3.69346733668	0
-0.999441870842	0.0121717815427	-0.0311093963622	0	0.0166744972884	0.989263614005	-0.145187682484	0	0.0290082011209	-0.14562538255	-0.988914435476	0	72.8831391006	-45.9417306948	38.7474162176	1	3.71859296482	0
-0.999441870842	0.0121717815427	-0.0311093963622	0	0.0168341000404	0.989215127092	-0.145499296933	0	0.0290028998193	-0.145941788223	-0.988867918274	0	72.8966650301	-46.0497440454	38.4785242581	1	3.74371859296	0
-0.999441870842	0.0121717815427	-0.0311093963622	0	0.0169980823434	0.989166726866	-0.145808956026	0	0.0289976250147	-0.146256375877	-0.988821541019	0	72.9104984878	-46.1577041734	38.2097492231	1	3.76884422111	0
-0.999441870842	0.0121717815427	-0.0311093963622	0	0.0171660104266	0.989118481834	-0.146116244754	0	0.0289923838896	-0.14656871724	-0.988775366897	0	72.9246111466	-46.2655061385	37.9410778632	1	3.79396984925	0
-0.999441870842	0.0121717815427	-0.0311093963622	0	0.017337506971	0.989070456582	-0.146420773012	0	0.0289871832015	-0.146878410685	-0.988729455868	0	72.9389786816	-46.3730426188	37.6724942775	1	3.81909547739	0
-0.999441870842	0.0121717815427	-0.0311093963622	0	0.017512241613	0.989022712976	-0.146722168095	0	0.0289820294117	-0.147185073441	-0.988683865741	0	72.9535801175	-46.48020313	37.4039803088	1	3.84422110553	0
-0.999441870842	0.0121717815427	-0.0311093963622	0	0.0176899234567	0.988975311052	-0.147020069166	0	0.0289769287797	-0.147488335819	-0.988638652978	0	72.9683973166	-46.5868732029	37.1355157923	1	3.86934673367	0
-0.999441870842	0.0121717815427	-0.0311093963622	0	0.0178702951128	0.988928309664	-0.147314123212	0	0.0289718874332	-0.147787836998	-0.988593873267	0	72.9834145753	-46.6929334977	36.8670786936	1	3.89447236181	0
-0.999441870842	0.0121717815427	-0.0311093963622	0	0.0180531279089	0.988881766971	-0.147603982074	0	0.0289669114194	-0.1480832219	-0.988549581952	0	72.9986183049	-46.7982588331	36.5986451645	1	3.91959798995	0
-0.999441870842	0.0121717815427	-0.0311093963622	0	0.0182382180154	0.988835740775	-0.14788930039	0	0.02896200674	-0.148374139013	-0.988505834321	0	73.0139967765	-46.902717108	36.3301895315	1	3.94472361809	0
-0.999441870842	0.0121717815427	-0.0311093963622	0	0.0184253832954	0.988790288736	-0.148169734262	0	0.0289571793747	-0.148660238965	-0.988462685785	0	73.02953992	-47.0061680885	36.0616842277	1	3.96984924623	0
-0.999441870842	0.0121717815427	-0.0311093963622	0	0.0186144607373	0.988745468485	-0.148444940644	0	0.0289524352918	-0.148941173831	-0.988420191958	0	73.0452391659	-47.1084620293	35.7930996754	1	3.99497487437	0
-0.999441870842	0.0121717815427	-0.0311093963622	0	0.0188053043633	0.988701337604	-0.148714577457	0	0.0289477804463	-0.149216597182	-0.988378408615	0	73.0610873229	-47.2094380925	35.5244041199	1	4.02010050251	0
-0.999441870842	0.0121717815427	-0.0311093963622	0	0.0189977835338	0.988657953496	-0.148978304494	0	0.0289432207651	-0.149486164936	-0.988337391536	0	73.0770784873	-47.3089225196	35.2555634189	1	4.04522613065	0
-0.999441870842	0.0121717815427	-0.0311093963622	0	0.0191917815933	0.98861537308	-0.14923578535	0	0.0289387621133	-0.149749537247	-0.988297196187	0	73.0932079795	-47.4067265015	34.9865407798	1	4.07035175879	0
-0.999441870842	0.0121717815427	-0.0311093963622	0	0.019387194812	0.988573652302	-0.149486690551	0	0.0289344102418	-0.150006381598	-0.988257877222	0	73.1094723069	-47.5026436796	34.7172964465	1	4.09547738693	0
-0.999441870842	0.0121717815427	-0.0311093963622	0	0.0195839315995	0.988532845383	-0.149730702338	0	0.028930170705	-0.150256377557	-0.988219487715	0	73.1258691507	-47.5964471938	34.4477873282	1	4.12060301508	0
-0.999441870842	0.0121717815427	-0.0311093963622	0	0.0197819119777	0.988493003727	-0.149967521623	0	0.0289260487425	-0.150499223717	-0.98818207807	0	73.1423973777	-47.6878861745	34.1779665603	1	4.14572864322	0
-0.999441870842	0.0121717815427	-0.0311093963622	0	0.0199810673108	0.988454174362	-0.150196877917	0	0.0289220491097	-0.150734647603	-0.988145694452	0	73.1590570788	-47.7766815461	33.9077829923	1	4.17085427136	0
-0.999441870842	0.0121717815427	-0.0311093963622	0	0.020181340307	0.98841639774	-0.150418543343	0	0.0289181758387	-0.150962419683	-0.988110376594	0	73.1758496345	-47.8625209803	33.6371805893	1	4.1959798995	0
-0.999441870842	0.0121717815427	-0.0311093963622	0	0.0203826853212	0.988379704652	-0.150632352336	0	0.0289144319025	-0.151182373064	-0.988076154713	0	73.1927778136	-47.9450527904	33.3660977368	1	4.22110552764	0
-0.999441870842	0.0121717815427	-0.0311093963622	0	0.0205850690082	0.988344111893	-0.150838229306	0	0.0289108187437	-0.151394431163	-0.988043045189	0	73.2098459081	-48.0238785098	33.0944664348	1	4.24623115578	0
-0.999441870842	0.0121717815427	-0.0311093963622	0	0.0207884713983	0.988309616173	-0.151036227562	0	0.0289073356112	-0.151598646635	-0.988011044492	0	73.2270599123	-48.0985438284	32.822211373	1	4.27135678392	0
-0.999441870842	0.0121717815427	-0.0311093963622	0	0.0209928872386	0.988276184415	-0.151226591587	0	0.0289039785	-0.151795263667	-0.987980119498	0	73.2444276327	-48.1685333526	32.5492498592	1	4.29648241206	0
-0.999441870842	0.0121717815427	-0.0311093963622	0	0.0211983106374	0.988243691489	-0.151410164314	0	0.0289007332576	-0.151985124534	-0.987950145076	0	73.2619518969	-48.2335956791	32.2755463246	1	4.3216080402	0
-0.999441870842	0.0121717815427	-0.0311093963622	0	0.0214047180198	0.988211929552	-0.151588325202	0	0.0288975766275	-0.152169607195	-0.987920913212	0	73.2796264056	-48.2939296324	32.0011406046	1	4.34673366834	0
-0.999441870842	0.0121717815427	-0.0311093963622	0	0.0216120829154	0.988180709001	-0.1517623281	0	0.0288944874497	-0.152349963974	-0.987892234086	0	73.2974443694	-48.3497598834	31.7260756106	1	4.37185929648	0
-0.999441870842	0.0121717815427	-0.0311093963622	0	0.0218203773393	0.988149863137	-0.151933271914	0	0.0288914471628	-0.152527292293	-0.987863940752	0	73.3153992093	-48.4013017622	31.4503914948	1	4.39698492462	0
-0.999441870842	0.0121717815427	-0.0311093963622	0	0.0220295716678	0.988119245689	-0.152102117903	0	0.028888439516	-0.152702551952	-0.987835886661	0	73.3334845242	-48.4487616388	31.1741257958	1	4.42211055276	0
-0.999441870842	0.0121717815427	-0.0311093963622	0	0.0222396344695	0.9880887286	-0.152269705037	0	0.0288854503138	-0.152876580478	-0.987807943442	0	73.3516940554	-48.4923374305	30.8973135985	1	4.4472361809	0
-0.999441870842	0.0121717815427	-0.0311093963622	0	0.0224505322865	0.988058200072	-0.152436763515	0	0.0288824671904	-0.15305010662	-0.987779998955	0	73.3700216473	-48.5322192169	30.6199877004	1	4.47236180905	0
-0.999441870842	0.0121717815427	-0.0311093963622	0	0.0226622293524	0.988027562844	-0.152603926626	0	0.0288794794118	-0.1532237622	-0.987751955557	0	73.3884612043	-48.5685899525	30.3421787826	1	4.49748743719	0
-0.999441870842	0.0121717815427	-0.0311093963622	0	0.0228746872337	0.987996732702	-0.152771741022	0	0.0288764777046	-0.15339809237	-0.987723728613	0	73.407006642	-48.6016262736	30.0639155839	1	4.52261306533	0
-0.999441870842	0.0121717815427	-0.0311093963622	0	0.0230878643785	0.987965637193	-0.152940675574	0	0.0288734541076	-0.153573564447	-0.987695245205	0	73.4256518322	-48.631499406	29.7852250762	1	4.54773869347	0
-0.999441870842	0.0121717815427	-0.0311093963622	0	0.0233017155458	0.987934214549	-0.153111128844	0	0.0288704018481	-0.153750575364	-0.987666443049	0	73.4443905389	-48.6583761886	29.5061326442	1	4.57286432161	0
-0.999441870842	0.0121717815427	-0.0311093963622	0	0.0235161910888	0.987902412799	-0.153283435317	0	0.0288673152381	-0.153929457872	-0.987637269598	0	73.4632163436	-48.6824202408	29.2266622683	1	4.59798994975	0
-0.999441870842	0.0121717815427	-0.0311093963622	0	0.0237312360444	0.987870189076	-0.153457870346	0	0.0288641895925	-0.154110485462	-0.98760768134	0	73.4821225546	-48.7037933147	28.9468367186	1	4.62311557789	0
-0.999441870842	0.0121717815427	-0.0311093963622	0	0.0239467889734	0.987837509119	-0.15363465389	0	0.0288610211681	-0.15429387606	-0.987577643285	0	73.5011020977	-48.7226568965	28.6666777617	1	4.64824120603	0
-0.999441870842	0.0121717815427	-0.0311093963622	0	0.0241627804649	0.987804346985	-0.153813952938	0	0.0288578071253	-0.1544797944	-0.987547128662	0	73.5201473782	-48.7391741484	28.3862063924	1	4.67336683417	0
-0.999441870842	0.0121717815427	-0.0311093963622	0	0.0243791311881	0.987770684995	-0.153995882499	0	0.0288545455142	-0.154668352962	-0.987516118833	0	73.539250106	-48.7535123282	28.1054431016	1	4.69849246231	0
-0.999441870842	0.0121717815427	-0.0311093963622	0	0.0245957493145	0.987736513956	-0.154180504976	0	0.0288512352894	-0.154859611255	-0.987484603494	0	73.5584010679	-48.7658458901	27.8244082018	1	4.72361809045	0
-0.999441870842	0.0121717815427	-0.0311093963622	0	0.024812527052	0.987701833722	-0.15436782749	0	0.0288478763595	-0.155053573043	-0.987452581188	0	73.5775898241	-48.77636058	27.5431222402	1	4.74874371859	0
