-0.999785923875	0.0138370708944	-0.0153831690638	0	0.0131227113584	0.998873269312	0.0456068668194	0	0.0159969018246	0.0453952345907	-0.99884101428	0	72.2902881441	-39.8257372875	79.3712665718	1	0	0
-0.999785923875	0.0138370708944	-0.0153831690638	0	0.0131215856215	0.998870072369	0.0456771553042	0	0.0159978252322	0.0454655253458	-0.998837802445	0	72.2944858956	-39.8340895734	79.0909326551	1	0.0251256281407	0
-0.999785923875	0.0138370708944	-0.0153831690638	0	0.0131204307961	0.998866787871	0.0457492555537	0	0.0159987723625	0.0455376279253	-0.998834502671	0	72.2987345494	-39.8387159821	78.8106418917	1	0.0502512562814	0
-0.999785923875	0.0138370708944	-0.0153831690638	0	0.013119264598	0.998863465944	0.0458220612717	0	0.0159997286786	0.0456104359971	-0.998831165318	0	72.3030124546	-39.8412019864	78.5303752966	1	0.0753768844221	0
-0.999785923875	0.0138370708944	-0.0153831690638	0	0.0131180937383	0.998860125599	0.0458951533938	0	0.0160006886744	0.0456835304834	-0.998827809487	0	72.3073082425	-39.8423817175	78.2501214541	1	0.100502512563	0
-0.999785923875	0.0138370708944	-0.0153831690638	0	0.0131169213354	0.998856775693	0.0459683372136	0	0.016001649792	0.0457567166716	-0.998824444076	0	72.3116150407	-39.8427603889	77.9698725739	1	0.125628140704	0
-0.999785923875	0.0138370708944	-0.0153831690638	0	0.0131157490839	0.998853421061	0.0460415069369	0	0.0160026106417	0.045829888764	-0.998821073941	0	72.3159282869	-39.8426740324	77.6896229118	1	0.150753768844	0
-0.999785923875	0.0138370708944	-0.0153831690638	0	0.0131145780468	0.998850064753	0.0461145962305	0	0.0160035703528	0.0459029804252	-0.998817702148	0	72.320244736	-39.8423620886	77.4093679967	1	0.175879396985	0
-0.999785923875	0.0138370708944	-0.0153831690638	0	0.0131134089906	0.998846708989	0.046187557267	0	0.0160045282976	0.0459759438263	-0.998814330926	0	72.3245619508	-39.842004698	77.1291042014	1	0.201005025126	0
-0.999785923875	0.0138370708944	-0.0153831690638	0	0.0131122425443	0.998843355605	0.0462603508259	0	0.0160054839615	0.0460487397454	-0.99881096212	0	72.3288780159	-39.841743642	76.8488284811	1	0.226130653266	0
-0.999785923875	0.0138370708944	-0.0153831690638	0	0.013111079281	0.998840006289	0.0463329411687	0	0.0160064368761	0.046121332443	-0.998807597424	0	72.3331913659	-39.8416949329	76.5685382057	1	0.251256281407	0
-0.999785923875	0.0138370708944	-0.0153831690638	0	0.0131099197649	0.99883666271	0.0464052931351	0	0.0160073865806	0.0461936867577	-0.998804238517	0	72.3375006772	-39.8419568133	76.2882310459	1	0.276381909548	0
-0.999785923875	0.0138370708944	-0.0153831690638	0	0.0131087645793	0.998833326604	0.0464773703765	0	0.0160083325986	0.0462657663394	-0.99880088714	0	72.3418047948	-39.842615079	76.0079048933	1	0.301507537688	0
-0.999785923875	0.0138370708944	-0.0153831690638	0	0.0131076143468	0.99882999983	0.0465491340958	0	0.016009274422	0.0463375323901	-0.998797545163	0	72.3461026823	-39.8437467686	75.7275578009	1	0.326633165829	0
-0.999785923875	0.0138370708944	-0.0153831690638	0	0.0131064697443	0.998826684416	0.0466205421316	0	0.0160102114984	0.0464089427467	-0.998794214621	0	72.3503933861	-39.845422819	75.4471879408	1	0.35175879397	0
-0.999785923875	0.0138370708944	-0.0153831690638	0	0.0131053315161	0.998823382596	0.0466915481098	0	0.0160111432207	0.0464799510338	-0.998790897758	0	72.3546760084	-39.8477100465	75.1667935692	1	0.376884422111	0
-0.999785923875	0.0138370708944	-0.0153831690638	0	0.0131042004869	0.99882009685	0.0467621006689	0	0.0160120689163	0.046550505888	-0.998787597065	0	72.3589496862	-39.8506726806	74.8863729997	1	0.402010050251	0
-0.999785923875	0.0138370708944	-0.0153831690638	0	0.0131030775745	0.998816829941	0.0468321426476	0	0.0160129878367	0.0466205501463	-0.998784315318	0	72.3632135746	-39.8543735962	74.6059245826	1	0.427135678392	0
-0.999785923875	0.0138370708944	-0.0153831690638	0	0.013101963804	0.998813584962	0.0469016101991	0	0.0160138991461	0.0466900199599	-0.998781055622	0	72.367466833	-39.8588753437	74.3254466866	1	0.452261306533	0
-0.999785923875	0.0138370708944	-0.0153831690638	0	0.0131008603239	0.998810365382	0.0469704318004	0	0.0160148019081	0.0467588438032	-0.998777821463	0	72.3717086128	-39.8642410473	74.0449376833	1	0.477386934673	0
-0.999785923875	0.0138370708944	-0.0153831690638	0	0.0130997684243	0.998807175102	0.0470385271097	0	0.0160156950711	0.0468269413317	-0.998774616756	0	72.3759380465	-39.8705352206	73.7643959351	1	0.502512562814	0
-0.999785923875	0.0138370708944	-0.0153831690638	0	0.0130986895583	0.998804018517	0.0471058056482	0	0.0160165774508	0.0468942220638	-0.998771445919	0	72.3801542366	-39.8778245412	73.4838197831	1	0.527638190955	0
-0.999785923875	0.0138370708944	-0.0153831690638	0	0.013097625367	0.998800900599	0.0471721652306	0	0.0160174477096	0.0469605838109	-0.998768313943	0	72.3843562459	-39.8861786129	73.2032075377	1	0.552763819095	0
-0.999785923875	0.0138370708944	-0.0153831690638	0	0.013096577709	0.99879782698	0.0472374901233	0	0.0160183043327	0.0470259108354	-0.998765226485	0	72.3885430863	-39.8956707474	72.9225574693	1	0.577889447236	0
-0.999785923875	0.0138370708944	-0.0153831690638	0	0.0130955486961	0.998794804062	0.0473016488337	0	0.0160191455993	0.0470900716404	-0.998762189977	0	72.3927137079	-39.9063787877	72.6418678005	1	0.603015075377	0
-0.999785923875	0.0138370708944	-0.0153831690638	0	0.0130945407359	0.99879183915	0.0473644914534	0	0.0160199695473	0.0471529163127	-0.998759211752	0	72.3968669863	-39.9183860034	72.3611366995	1	0.628140703518	0
-0.999785923875	0.0138370708944	-0.0153831690638	0	0.0130935565835	0.9987889406	0.0474258464525	0	0.0160207739319	0.0472142733165	-0.998756300204	0	72.4010017093	-39.9317820836	72.0803622743	1	0.653266331658	0
-0.999785923875	0.0138370708944	-0.0153831690638	0	0.0130925994036	0.998786118014	0.0474855167722	0	0.016021556174	0.0472739455866	-0.998753464978	0	72.4051165615	-39.9466642614	71.799542569	1	0.678391959799	0
-0.999785923875	0.0138370708944	-0.0153831690638	0	0.0130916728484	0.998783382472	0.0475432750287	0	0.0160223132978	0.0473317057318	-0.998750717201	0	72.4092101058	-39.9631386084	71.5186755619	1	0.70351758794	0
-0.999785923875	0.0138370708944	-0.0153831690638	0	0.013090781152	0.998780746814	0.0475988575766	0	0.0160230418527	0.047387290098	-0.998748069769	0	72.4132807631	-39.9813215441	71.2377591653	1	0.72864321608	0
-0.999785923875	0.0138370708944	-0.0153831690638	0	0.0130899292491	0.998778226	0.0476519571594	0	0.0160237378173	0.0474403914184	-0.998745537706	0	72.4173267872	-40.0013416216	70.9567912325	1	0.753768844221	0
-0.999785923875	0.0138370708944	-0.0153831690638	0	0.0130891229238	0.998775837552	0.0477022136127	0	0.0160243964775	0.0474906495168	-0.998743138613	0	72.4213462354	-40.0233416603	70.6757695671	1	0.778894472362	0
-0.999785923875	0.0138370708944	-0.0153831690638	0	0.0130883689986	0.998773602122	0.0477492021089	0	0.0160250122727	0.0475376395516	-0.998740893229	0	72.425336932	-40.047481325	70.3946919432	1	0.804020100503	0
-0.999785923875	0.0138370708944	-0.0153831690638	0	0.0130876755756	0.998771544208	0.0477924181098	0	0.0160255785983	0.0475808569681	-0.998738826161	0	72.4292964249	-40.0739402758	70.1135561384	1	0.829145728643	0
-0.999785923875	0.0138370708944	-0.0153831690638	0	0.0130870523505	0.998769693091	0.0478312578081	0	0.0160260875499	0.0476196979389	-0.998736966817	0	72.4332219303	-40.1029220581	69.8323599835	1	0.854271356784	0
-0.999785923875	0.0138370708944	-0.0153831690638	0	0.0130865110231	0.998768084051	0.04786499254	0	0.0160265295876	0.0476534337763	-0.99873535063	0	72.4371102646	-40.13465896	69.5511014426	1	0.879396984925	0
-0.999785923875	0.0138370708944	-0.0153831690638	0	0.0130860658441	0.998766759981	0.047892734708	0	0.0160268930896	0.0476811768537	-0.998734020684	0	72.4409577577	-40.1694181489	69.2697787341	1	0.904522613065	0
-0.999785923875	0.0138370708944	-0.0153831690638	0	0.0130857343521	0.998765773563	0.0479133918236	0	0.0160271637493	0.0477018346465	-0.99873302989	0	72.4447601411	-40.2075095224	68.9883905171	1	0.929648241206	0
-0.999785923875	0.0138370708944	-0.0153831690638	0	0.0130855383383	0.998765190093	0.0479256063633	0	0.0160273237872	0.0477140495867	-0.998732443833	0	72.4485124205	-40.249294605	68.7069362063	1	0.954773869347	0
-0.999785923875	0.0138370708944	-0.0153831690638	0	0.0130854652877	0.998764972608	0.0479301584562	0	0.0160273834292	0.0477186018288	-0.998732225384	0	72.4522215571	-40.2942491518	68.4254349225	1	0.979899497487	0
-0.999785923875	0.0138370708944	-0.0153831690638	0	0.0130854912516	0.998765049909	0.0479285405388	0	0.0160273622311	0.0477169838584	-0.998732303028	0	72.4558971106	-40.3416595672	68.1439072432	1	1.00502512563	0
-0.999785923875	0.0138370708944	-0.0153831690638	0	0.0130856173533	0.998765425312	0.0479206825837	0	0.0160272592749	0.0477091256456	-0.998732680095	0	72.4595398466	-40.3914633333	67.8623596382	1	1.03015075377	0
-0.999785923875	0.0138370708944	-0.0153831690638	0	0.0130858441996	0.99876610048	0.0479065466585	0	0.0160270740613	0.047694989257	-0.998733358258	0	72.4631505751	-40.4435946642	67.5807986388	1	1.05527638191	0
-0.999785923875	0.0138370708944	-0.0153831690638	0	0.0130861718743	0.998767075407	0.0478861273002	0	0.0160268065147	0.0476745692293	-0.99873433751	0	72.466730147	-40.4979847597	67.299230832	1	1.08040201005	0
-0.999785923875	0.0138370708944	-0.0153831690638	0	0.0130865999363	0.998768348411	0.04785945167	0	0.0160264569849	0.0476478927247	-0.998735616164	0	72.4702794503	-40.5545620709	67.0176628581	1	1.10552763819	0
-0.999785923875	0.0138370708944	-0.0153831690638	0	0.0130871274204	0.998769916142	0.0478265794878	0	0.0160260262469	0.0476150194654	-0.998737190859	0	72.4737994064	-40.6132525732	66.7361014143	1	1.13065326633	0
-0.999785923875	0.0138370708944	-0.0153831690638	0	0.0130877528414	0.998771773603	0.0477876027778	0	0.016025515497	0.0475760414784	-0.998739056576	0	72.4772909664	-40.6739800458	66.4545532626	1	1.15577889447	0
-0.999785923875	0.0138370708944	-0.0153831690638	0	0.0130884742007	0.998773914179	0.0477426454891	0	0.0160249263487	0.0475310827172	-0.998741206675	0	72.4807551062	-40.7366663536	66.173025246	1	1.18090452261	0
-0.999785923875	0.0138370708944	-0.0153831690638	0	0.0130892889949	0.998776329677	0.0476918629482	0	0.0160242608251	0.0474802985135	-0.99874363293	0	72.4841928229	-40.8012317288	65.8915243118	1	1.20603015075	0
-0.999785923875	0.0138370708944	-0.0153831690638	0	0.0130901942258	0.998779010367	0.0476354412703	0	0.0160235213518	0.0474238749887	-0.998746325572	0	72.4876051303	-40.8675950499	65.6100575449	1	1.23115577889	0
-0.999785923875	0.0138370708944	-0.0153831690638	0	0.0130911864108	0.998781945038	0.0475735967113	0	0.0160227107488	0.0473620284062	-0.998749273344	0	72.4909930541	-40.9356741161	65.328632213	1	1.25628140704	0
-0.999785923875	0.0138370708944	-0.0153831690638	0	0.0130922615929	0.998785121041	0.0475065750647	0	0.0160218322225	0.0472950045677	-0.998752463544	0	72.4943576278	-41.005385915	65.0472558249	1	1.28140703518	0
-0.999785923875	0.0138370708944	-0.0153831690638	0	0.0130934153496	0.998788524337	0.0474346511297	0	0.0160208893594	0.0472230782814	-0.998755882076	0	72.4976998875	-41.0766468814	64.7659362066	1	1.30653266332	0
-0.999785923875	0.0138370708944	-0.0153831690638	0	0.0130946427988	0.99879213954	0.0473581283667	0	0.0160198861218	0.047146553018	-0.99875951349	0	72.5010208672	-41.149373147	64.4846815958	1	1.33165829146	0
-0.999785923875	0.0138370708944	-0.0153831690638	0	0.0130959386007	0.998795949946	0.0472773387891	0	0.0160188268468	0.0470657608021	-0.998763341011	0	72.5043215936	-41.2234807787	64.2035007637	1	1.3567839196	0
-0.999785923875	0.0138370708944	-0.0153831690638	0	0.0130972969536	0.998799937542	0.0471926432724	0	0.0160177162508	0.0469810625208	-0.998767346548	0	72.5076030804	-41.2988860055	63.9224031674	1	1.38190954774	0
-0.999785923875	0.0138370708944	-0.0153831690638	0	0.0130987115808	0.998804082995	0.0471044323584	0	0.0160165594403	0.0468928487293	-0.998771510688	0	72.5108663229	-41.3755054344	63.6413991434	1	1.40703517588	0
-0.999785923875	0.0138370708944	-0.0153831690638	0	0.0131001757067	0.99880836561	0.0470131277861	0	0.0160153619327	0.0468015411802	-0.998775812645	0	72.5141122909	-41.4532562534	63.3605001517	1	1.43216080402	0
-0.999785923875	0.0138370708944	-0.0153831690638	0	0.0131016820171	0.998812763238	0.0469191850077	0	0.0160141296893	0.0467075953409	-0.998780230175	0	72.5173419213	-41.5320564239	63.079719091	1	1.45728643216	0
-0.999785923875	0.0138370708944	-0.0153831690638	0	0.0131032225979	0.998817252126	0.0468230970117	0	0.0160128691662	0.046611504216	-0.998784739419	0	72.5205561094	-41.6118248633	62.7990707024	1	1.4824120603	0
-0.999785923875	0.0138370708944	-0.0153831690638	0	0.0131047888454	0.998821806685	0.0467253999456	0	0.0160115873885	0.0465138039707	-0.998789314675	0	72.5237556986	-41.6924816181	62.5185720986	1	1.50753768844	0
-0.999785923875	0.0138370708944	-0.0153831690638	0	0.0131063713371	0.998826399144	0.0466266812315	0	0.0160102920572	0.0464150820462	-0.998793928049	0	72.5269414668	-41.7739480314	62.2382434634	1	1.53266331658	0
-0.999785923875	0.0138370708944	-0.0153831690638	0	0.0131079596457	0.998830999046	0.0465275911536	0	0.0160089917019	0.0463159887479	-0.998798548943	0	72.5301141103	-41.8561469069	61.9581089912	1	1.55778894472	0
-0.999785923875	0.0138370708944	-0.0153831690638	0	0.0131095420735	0.998835572511	0.0464288594969	0	0.0160076958993	0.0462172538845	-0.998803143325	0	72.5332742211	-41.9390026766	61.6781981728	1	1.58291457286	0
-0.999785923875	0.0138370708944	-0.0153831690638	0	0.0131111052692	0.99884008117	0.0463313194928	0	0.0160064155888	0.0461197107145	-0.99880767265	0	72.5364222572	-42.022441578	61.3985475892	1	1.60804020101	0
-0.999785923875	0.0138370708944	-0.0153831690638	0	0.0131126336671	0.998844480602	0.0462359428216	0	0.0160051635323	0.0460243309495	-0.998812092288	0	72.5395585005	-42.1063918542	61.1192034726	1	1.63316582915	0
-0.999785923875	0.0138370708944	-0.0153831690638	0	0.0131141086521	0.998848717976	0.0461438918056	0	0.0160039550001	0.0459322769495	-0.998816349165	0	72.5426829952	-42.1907839975	60.8402254626	1	1.65829145729	0
-0.999785923875	0.0138370708944	-0.0153831690638	0	0.0131155076124	0.998852729401	0.0460565785549	0	0.0160028085489	0.0458449608701	-0.998820379088	0	72.5457954795	-42.2755510031	60.561690845	1	1.68341708543	0
-0.999785923875	0.0138370708944	-0.0153831690638	0	0.0131168258431	0.998856502616	0.0459742978308	0	0.0160017280687	0.0457626774817	-0.998824169736	0	72.5488969166	-42.360624038	60.2835989403	1	1.70854271357	0
-0.999785923875	0.0138370708944	-0.0153831690638	0	0.0131180603922	0.998860030391	0.0458972349898	0	0.016000716013	0.0456856121468	-0.998827713837	0	72.5519883618	-42.445935751	60.0059417434	1	1.73366834171	0
-0.999785923875	0.0138370708944	-0.0153831690638	0	0.0131191988502	0.998863278508	0.0458261657684	0	0.0159997825895	0.0456145406265	-0.998830977013	0	72.5550701762	-42.5314225529	59.7287529833	1	1.75879396985	0
-0.999785923875	0.0138370708944	-0.0153831690638	0	0.0131202285712	0.998866212198	0.0457618807785	0	0.015998938203	0.0455502535581	-0.998833924322	0	72.5581426706	-42.6170227972	59.4520679053	1	1.78391959799	0
-0.999785923875	0.0138370708944	-0.0153831690638	0	0.0131211367259	0.998868796237	0.04570518214	0	0.0159981934106	0.0454935530871	-0.998836520375	0	72.5612061083	-42.7026767953	59.1759230971	1	1.80904522613	0
-0.999785923875	0.0138370708944	-0.0153831690638	0	0.0131219103705	0.998870995101	0.0456568791446	0	0.0159975588641	0.0454452485311	-0.998838729474	0	72.5642607083	-42.788326823	58.9003562376	1	1.83417085427	0
-0.999785923875	0.0138370708944	-0.0153831690638	0	0.0131225365342	0.998872773147	0.0456177827324	0	0.0159970452363	0.0454061508562	-0.998840515802	0	72.5673066511	-42.8739171168	58.6254057583	1	1.85929648241	0
-0.999785923875	0.0138370708944	-0.0153831690638	0	0.0131230023285	0.998874094854	0.0455886986046	0	0.0159966631292	0.0453770657892	-0.998841843672	0	72.5703440854	-42.9593938608	58.3511104016	1	1.88442211055	0
-0.999785923875	0.0138370708944	-0.0153831690638	0	0.0131232950798	0.998874925128	0.0455704188838	0	0.0159964229636	0.0453587854782	-0.998842677819	0	72.573373137	-43.0447051645	58.0775086697	1	1.90954773869	0
-0.999785923875	0.0138370708944	-0.0153831690638	0	0.0131234024885	0.99887522967	0.0455637120874	0	0.015996334846	0.0453520784653	-0.998842983782	0	72.5763939194	-43.12980103	57.8046381536	1	1.93467336683	0
-0.999785923875	0.0138370708944	-0.0153831690638	0	0.0131233218902	0.998875001149	0.0455687447932	0	0.0159964009686	0.0453571113336	-0.998842754195	0	72.5794047286	-43.2147631876	57.5325360926	1	1.95979899497	0
-0.999785923875	0.0138370708944	-0.0153831690638	0	0.0131231471997	0.998874505764	0.045579652722	0	0.0159965442818	0.0453680196146	-0.998842256499	0	72.5823848011	-43.3010369216	57.2612519168	1	1.98492462312	0
-0.999785923875	0.0138370708944	-0.0153831690638	0	0.013122892203	0.998873782442	0.0455955748891	0	0.0159967534709	0.0453839422958	-0.998841529803	0	72.585329852	-43.3888935899	56.9908200307	1	2.01005025126	0
-0.999785923875	0.0138370708944	-0.0153831690638	0	0.0131225412008	0.998872786392	0.0456174913516	0	0.0159970414082	0.0454058594659	-0.99884052911	0	72.5882417341	-43.4781720516	56.7212649656	1	2.0351758794	0
-0.999785923875	0.0138370708944	-0.0153831690638	0	0.0131220808963	0.99887147947	0.0456462319834	0	0.0159974189897	0.045434601026	-0.998839216098	0	72.5911221187	-43.5687313794	56.4526048633	1	2.06030150754	0
-0.999785923875	0.0138370708944	-0.0153831690638	0	0.0131215005275	0.99886983052	0.0456824682067	0	0.0159978950268	0.04547083842	-0.99883755947	0	72.5939725654	-43.6604471038	56.1848503179	1	2.08542713568	0
-0.999785923875	0.0138370708944	-0.0153831690638	0	0.0131207920173	0.998867815777	0.0457267035875	0	0.0159984761218	0.0455150752301	-0.998835535355	0	72.596794581	-43.7532082438	55.9180032251	1	2.11055276382	0
-0.999785923875	0.0138370708944	-0.0153831690638	0	0.0131199501251	0.998865419294	0.0457792643905	0	0.0159991665439	0.0455676377321	-0.998833127735	0	72.599589669	-43.8469149289	55.6520557015	1	2.13567839196	0
-0.999785923875	0.0138370708944	-0.0153831690638	0	0.0131189725794	0.998862633326	0.0458402912699	0	0.0159999681201	0.0456286665848	-0.998830328838	0	72.6023593707	-43.941476475	55.3869891451	1	2.1608040201	0
-0.999785923875	0.0138370708944	-0.0153831690638	0	0.0131178601754	0.998859458652	0.0459097332421	0	0.0160008801571	0.0456981108035	-0.998827139451	0	72.6051052983	-44.0368098124	55.1227735054	1	2.18592964824	0
-0.999785923875	0.0138370708944	-0.0153831690638	0	0.0131166168189	0.998855904754	0.0459873450046	0	0.0160018994063	0.0457757250779	-0.99882356911	0	72.6078291593	-44.1328381919	54.8593668289	1	2.21105527638	0
-0.999785923875	0.0138370708944	-0.0153831690638	0	0.0131152495012	0.998851989837	0.046072688537	0	0.016003020087	0.0458610713739	-0.998819636111	0	72.610532774	-44.2294901154	54.5967151392	1	2.23618090452	0
-0.999785923875	0.0138370708944	-0.0153831690638	0	0.0131137681961	0.998847740631	0.0461651396677	0	0.0160042339736	0.0459535255003	-0.998815367317	0	72.6132180829	-44.3266984465	54.3347526926	1	2.26130653266	0
-0.999785923875	0.0138370708944	-0.0153831690638	0	0.0131121856694	0.998843191967	0.0462639000566	0	0.0160055305552	0.0460522890912	-0.99881079773	0	72.6158871476	-44.4243996711	54.0734026363	1	2.2864321608	0
-0.999785923875	0.0138370708944	-0.0153831690638	0	0.0131105172022	0.998838386109	0.0463680145621	0	0.0160068972657	0.0461564069746	-0.998805969814	0	72.6185421427	-44.5225332787	53.8125780642	1	2.31155778894	0
-0.999785923875	0.0138370708944	-0.0153831690638	0	0.0131087802308	0.998833371838	0.0464763938355	0	0.016008319782	0.0462647897666	-0.998800932581	0	72.6211853412	-44.621041247	53.5521834509	1	2.33668341709	0
-0.999785923875	0.0138370708944	-0.0153831690638	0	0.0131069939157	0.998828203322	0.0465878413236	0	0.0160097823806	0.0463762408757	-0.998795740455	0	72.6238190929	-44.7198676061	53.2921164123	1	2.36180904523	0
-0.999785923875	0.0138370708944	-0.0153831690638	0	0.0131051786531	0.998822938795	0.0467010838187	0	0.01601126834	0.0464894870528	-0.998790451937	0	72.6264457991	-44.8189580709	53.0322697193	1	2.38693467337	0
-0.999785923875	0.0138370708944	-0.0153831690638	0	0.013103355549	0.998817639097	0.0468148043084	0	0.0160127603723	0.0466032112428	-0.998785128147	0	72.6290678828	-44.9182597221	52.7725334849	1	2.41206030151	0
-0.999785923875	0.0138370708944	-0.0153831690638	0	0.013101545879	0.998812366136	0.0469276757344	0	0.0160142410674	0.0467160863442	-0.998779831274	0	72.6316877585	-45.0177207249	52.5127974183	1	2.43718592965	0
-0.999785923875	0.0138370708944	-0.0153831690638	0	0.0130997705541	0.998807181329	0.0470383942921	0	0.0160156933291	0.0468268085098	-0.998774623012	0	72.6343078011	-45.1172900704	52.2529530521	1	2.46231155779	0
-0.999785923875	0.0138370708944	-0.0153831690638	0	0.013098049615	0.998802144089	0.0471457109358	0	0.0160171007884	0.0469341286531	-0.998769563037	0	72.6369303171	-45.2169173279	51.9928958465	1	2.48743718593	0
-0.999785923875	0.0138370708944	-0.0153831690638	0	0.0130964017741	0.998797310419	0.0472484598752	0	0.0160184481756	0.0470368809454	-0.998764707601	0	72.6395575187	-45.316552397	51.7325270832	1	2.51256281407	0
-0.999785923875	0.0138370708944	-0.0153831690638	0	0.01309484402	0.998792731659	0.0473455831616	0	0.0160197216416	0.0471340074032	-0.998760108267	0	72.6421915028	-45.4161452479	51.4717554849	1	2.53768844221	0
-0.999785923875	0.0138370708944	-0.0153831690638	0	0.0130933912952	0.998788453433	0.0474361506984	0	0.0160209090183	0.0472245778992	-0.998755810855	0	72.6448342348	-45.5156456402	51.2104985122	1	2.56281407035	0
-0.999785923875	0.0138370708944	-0.0153831690638	0	0.0130920562523	0.998784514815	0.0475193753022	0	0.0160220000146	0.0473078052238	-0.998751854607	0	72.6474875381	-45.6150028112	50.9486833093	1	2.58793969849	0
-0.999785923875	0.0138370708944	-0.0153831690638	0	0.0130908490909	0.998780947731	0.0475946227981	0	0.0160229863465	0.0473830551809	-0.998748271583	0	72.6501530903	-45.7141651239	50.6862472972	1	2.61306532663	0
-0.999785923875	0.0138370708944	-0.0153831690638	0	0.0130897774703	0.998777776596	0.0476614173571	0	0.0160238618055	0.0474498519258	-0.998745086298	0	72.6528324246	-45.8130796659	50.4231384232	1	2.63819095477	0
-0.999785923875	0.0138370708944	-0.0153831690638	0	0.013088846491	0.99877501816	0.0477194425458	0	0.0160246222706	0.0475078790141	-0.998742315571	0	72.6555269373	-45.9116917894	50.1593151022	1	2.66331658291	0
-0.999785923875	0.0138370708944	-0.0153831690638	0	0.0130880587365	0.99877268156	0.0477685386835	0	0.0160252656731	0.0475569767596	-0.998739968571	0	72.6582378998	-46.009944581	49.8947458831	1	2.68844221106	0
-0.999785923875	0.0138370708944	-0.0153831690638	0	0.0130874143612	0.99877076852	0.0478086972811	0	0.0160257919218	0.0475971366727	-0.998738047024	0	72.6609664763	-46.1077782476	49.6294088965	1	2.7135678392	0
-0.999785923875	0.0138370708944	-0.0153831690638	0	0.0130867621075	0.99876883051	0.0478493454521	0	0.0160263245607	0.0476377861757	-0.998736100404	0	72.6637033067	-46.2051604246	49.3639415778	1	2.73869346734	0
-0.999785923875	0.0138370708944	-0.0153831690638	0	0.0130858932571	0.998766246466	0.0479034896175	0	0.0160270340066	0.0476919321158	-0.998733504891	0	72.6664350983	-46.3020659275	49.0992305155	1	2.76381909548	0
-0.999785923875	0.0138370708944	-0.0153831690638	0	0.0130848098889	0.998763020475	0.0479709983347	0	0.0160279185035	0.0477594430466	-0.9987302646	0	72.66916342	-46.3984199589	48.8352410058	1	2.78894472362	0
-0.999785923875	0.0138370708944	-0.0153831690638	0	0.0130835157857	0.998759161223	0.0480516335635	0	0.0160289748913	0.0478400809207	-0.998726388267	0	72.6718900869	-46.4941404042	48.5719289595	1	2.81407035176	0
-0.999785923875	0.0138370708944	-0.0153831690638	0	0.013082014816	0.998754677221	0.0481451515435	0	0.0160301999281	0.0479336019704	-0.998721884457	0	72.6746170704	-46.58913678	48.3092476311	1	2.8391959799	0
-0.999785923875	0.0138370708944	-0.0153831690638	0	0.0130803107655	0.998749576337	0.0482513133167	0	0.0160315904283	0.0480397672306	-0.998716761085	0	72.6773465164	-46.6833085696	48.0471479652	1	2.86432160804	0
-0.999785923875	0.0138370708944	-0.0153831690638	0	0.0130784071531	0.998743865267	0.0483698961901	0	0.0160331434136	0.0481583540018	-0.998711024898	0	72.6800807689	-46.7765431533	47.78557893	1	2.88944723618	0
-0.999785923875	0.0138370708944	-0.0153831690638	0	0.0130763070279	0.998737548944	0.0485007064362	0	0.0160348562792	0.0482891685511	-0.998704680867	0	72.6828224006	-46.8687132012	47.5244878452	1	2.91457286432	0
-0.999785923875	0.0138370708944	-0.0153831690638	0	0.0130740127377	0.998730629841	0.0486435936991	0	0.0160367269826	0.0484320605187	-0.998697731499	0	72.6855742544	-46.9596733478	47.2638207087	1	2.93969849246	0
-0.999785923875	0.0138370708944	-0.0153831690638	0	0.0130715256617	0.99872310716	0.0487984676248	0	0.0160387542614	0.0485869395487	-0.998690176014	0	72.6883394973	-47.0492558856	47.0035225272	1	2.9648241206	0
-0.999785923875	0.0138370708944	-0.0153831690638	0	0.0130688458936	0.998714975829	0.048965317551	0	0.0160409378901	0.0487537949798	-0.998682009344	0	72.6911216942	-47.1372650991	46.7435376689	1	2.98994974874	0
-0.999785923875	0.0138370708944	-0.0153831690638	0	0.0130659718597	0.998706225285	0.049144236254	0	0.0160432789897	0.0489327195922	-0.998673220905	0	72.6939249062	-47.2234696767	46.483810254	1	3.01507537688	0
-0.999785923875	0.0138370708944	-0.0153831690638	0	0.013062899848	0.998696837936	0.0493354491728	0	0.0160457804093	0.0491239388342	-0.998663793058	0	72.6967538273	-47.3075923409	46.2242846161	1	3.04020100503	0
-0.999785923875	0.0138370708944	-0.0153831690638	0	0.0130596234173	0.998686787204	0.049539351022	0	0.0160484472015	0.0493278474348	-0.998653699142	0	72.6996139761	-47.3892953498	45.9649058895	1	3.06532663317	0
-0.999785923875	0.0138370708944	-0.0153831690638	0	0.0130561326473	0.99867603501	0.0497565522946	0	0.0160512872281	0.0495450559089	-0.998642900948	0	72.7025119713	-47.4681596856	45.7056208104	1	3.09045226131	0
-0.999785923875	0.0138370708944	-0.0153831690638	0	0.0130524131764	0.998664528499	0.0499879388331	0	0.0160543119334	0.0497764501302	-0.998631345433	0	72.70545594	-47.5436542517	45.4463789021	1	3.11557788945	0
-0.999785923875	0.0138370708944	-0.0153831690638	0	0.0130484760678	0.998652292672	0.0502328141056	0	0.0160575120642	0.050021333546	-0.998619057748	0	72.7084489566	-47.6156097605	45.1871326192	1	3.14070351759	0
-0.999785923875	0.0138370708944	-0.0153831690638	0	0.0130444207034	0.998639629115	0.0504849903441	0	0.016060806639	0.050273518184	-0.998606340787	0	72.7114735543	-47.6853469767	44.927829155	1	3.16582914573	0
-0.999785923875	0.0138370708944	-0.0153831690638	0	0.0130402483151	0.998626536396	0.0507443861946	0	0.0160641945103	0.0505329226885	-0.998593193137	0	72.714534235	-47.7525965305	44.6684182191	1	3.19095477387	0
-0.999785923875	0.0138370708944	-0.0153831690638	0	0.0130359452342	0.998612965903	0.0510118462866	0	0.0160676866173	0.0508003917188	-0.998579566008	0	72.7176394914	-47.8167955851	44.4088541133	1	3.21608040201	0
-0.999785923875	0.0138370708944	-0.0153831690638	0	0.0130314932727	0.99859885362	0.05128849512	0	0.0160712975352	0.0510770498135	-0.998565395143	0	72.7207998467	-47.8772275846	44.1490974557	1	3.24120603015	0
-0.999785923875	0.0138370708944	-0.0153831690638	0	0.0130268705859	0.998584122425	0.0515756830582	0	0.0160750447626	0.0513642473833	-0.998550603138	0	72.7240282915	-47.9329872775	43.8891182192	1	3.26633165829	0
-0.999785923875	0.0138370708944	-0.0153831690638	0	0.0130220546164	0.998568691125	0.051874803124	0	0.0160789463259	0.0516633774994	-0.998535108502	0	72.7273405341	-47.9829581134	43.6288998267	1	3.29145728643	0
-0.999785923875	0.0138370708944	-0.0153831690638	0	0.0130170286427	0.998552495405	0.0521868842336	0	0.0160830154728	0.0519754691154	-0.998518846704	0	72.7307546018	-48.0258360437	43.3684436248	1	3.31658291457	0
-0.999785923875	0.0138370708944	-0.0153831690638	0	0.0130117928874	0.998535524348	0.0525119020915	0	0.0160872516993	0.0523004979371	-0.998501806833	0	72.7342889481	-48.0602641054	43.1077708594	1	3.34170854271	0
-0.999785923875	0.0138370708944	-0.0153831690638	0	0.013006377546	0.998517864626	0.0528479721979	0	0.0160916302627	0.0526365794041	-0.998484075959	0	72.7379580891	-48.0851556399	42.8469155436	1	3.36683417085	0
-0.999785923875	0.0138370708944	-0.0153831690638	0	0.0130008481045	0.998499721105	0.0531910227472	0	0.0160960979726	0.0529796415748	-0.998465859811	0	72.7417659786	-48.1001994434	42.5859006315	1	3.39195979899	0
-0.999785923875	0.0138370708944	-0.0153831690638	0	0.0129952916221	0.998481375244	0.0535356487435	0	0.0161005843695	0.0533242792712	-0.998447440992	0	72.7457004608	-48.1063007539	42.3247019073	1	3.41708542714	0
-0.999785923875	0.0138370708944	-0.0153831690638	0	0.0129897887665	0.99846309429	0.053876847795	0	0.016105024346	0.0536654899315	-0.998429087808	0	72.7497340844	-48.1055464629	42.0632263348	1	3.44221105528	0
-0.999785923875	0.0138370708944	-0.0153831690638	0	0.0129843947191	0.998445066575	0.0542112029491	0	0.0161093735185	0.0539998564856	-0.998410989315	0	72.7538322851	-48.1005947221	41.8013293365	1	3.46733668342	0
-0.999785923875	0.0138370708944	-0.0153831690638	0	0.012979140952	0.998427404775	0.0545367701183	0	0.0161136067201	0.0543254347783	-0.998393258598	0	72.7579631455	-48.0939225391	41.5388572448	1	3.49246231156	0
-0.999785923875	0.0138370708944	-0.0153831690638	0	0.0129740466641	0.998410182188	0.0548523674594	0	0.0161177087249	0.0546410429239	-0.998375969209	0	72.7621028933	-48.0873911592	41.2756808825	1	3.5175879397	0
-0.999785923875	0.0138370708944	-0.0153831690638	0	0.0129691270204	0.998393459533	0.0551570639689	0	0.0161216675847	0.0549457498848	-0.99835918206	0	72.7662365077	-48.082190295	41.0117063604	1	3.54271356784	0
-0.999785923875	0.0138370708944	-0.0153831690638	0	0.0129643959065	0.998377293907	0.0554500085632	0	0.0161254724012	0.0552387045462	-0.99834295443	0	72.7703558429	-48.0789783593	40.7468708389	1	3.56783919598	0
-0.999785923875	0.0138370708944	-0.0153831690638	0	0.0129598659217	0.998361738558	0.0557304302678	0	0.0161291133257	0.0555191359047	-0.99832733973	0	72.7744573453	-48.0780569522	40.4811339972	1	3.59296482412	0
-0.999785923875	0.0138370708944	-0.0153831690638	0	0.0129555478039	0.998346840694	0.0559976736833	0	0.0161325820154	0.0557863885361	-0.998312385304	0	72.7785402296	-48.0795107844	40.2144706668	1	3.61809045226	0
-0.999785923875	0.0138370708944	-0.0153831690638	0	0.012951450069	0.998332639993	0.0562512210212	0	0.0161358719161	0.0560399446318	-0.998298130942	0	72.7826052468	-48.083302232	39.9468658919	1	3.6432160804	0
-0.999785923875	0.0138370708944	-0.0153831690638	0	0.0129475789413	0.998319168121	0.0564906962374	0	0.0161389783116	0.0562794281322	-0.99828460839	0	72.7866539173	-48.0893299344	39.6783120289	1	3.66834170854	0
-0.999785923875	0.0138370708944	-0.0153831690638	0	0.012943934769	0.998306435963	0.0567160864897	0	0.0161419011915	0.0565048261928	-0.998271828533	0	72.7906902057	-48.0973021399	39.4088138308	1	3.69346733668	0
-0.999785923875	0.0138370708944	-0.0153831690638	0	0.0129404787504	0.99829431631	0.0569297991704	0	0.0161446719104	0.0567185462872	-0.998259663653	0	72.7947462032	-48.1047817994	39.1384777449	1	3.71859296482	0
-0.999785923875	0.0138370708944	-0.0153831690638	0	0.0129372038522	0.998282791523	0.0571322755124	0	0.0161472963021	0.0569210296622	-0.998248096018	0	72.7988293484	-48.1111985421	38.8673333522	1	3.74371859296	0
-0.999785923875	0.0138370708944	-0.0153831690638	0	0.0129341122553	0.998271875839	0.0573233865878	0	0.0161497728018	0.0571121473838	-0.998237139892	0	72.8029369143	-48.1167517262	38.5953785662	1	3.76884422111	0
-0.999785923875	0.0138370708944	-0.0153831690638	0	0.0129312038376	0.99826157505	0.0575031455359	0	0.0161521016803	0.0572919125905	-0.998226801064	0	72.8070668497	-48.1215836962	38.3226186757	1	3.79396984925	0
-0.999785923875	0.0138370708944	-0.0153831690638	0	0.0129284802091	0.998251900732	0.0576714581375	0	0.0161542818121	0.0574602310584	-0.998217091131	0	72.8112177555	-48.1257996408	38.0490499779	1	3.81909547739	0
-0.999785923875	0.0138370708944	-0.0153831690638	0	0.0129259454305	0.998242872889	0.0578280784764	0	0.016156310102	0.0576168568616	-0.998208030147	0	72.8153887602	-48.1294794599	37.7746572512	1	3.84422110553	0
-0.999785923875	0.0138370708944	-0.0153831690638	0	0.0129235726452	0.998234400762	0.0579746703704	0	0.0161582081762	0.0577634538747	-0.998199527001	0	72.8195770762	-48.1326935137	37.4995583771	1	3.86934673367	0
-0.999785923875	0.0138370708944	-0.0153831690638	0	0.0129213370948	0.998226399855	0.0581127669249	0	0.0161599959488	0.0579015552559	-0.998191496873	0	72.8237802419	-48.1354992083	37.2238617033	1	3.89447236181	0
-0.999785923875	0.0138370708944	-0.0153831690638	0	0.0129192188306	0.998218801899	0.0582436032506	0	0.0161616894596	0.0580323961582	-0.998183871233	0	72.8279962654	-48.1379435049	36.9476544533	1	3.91959798995	0
-0.999785923875	0.0138370708944	-0.0153831690638	0	0.0129172015857	0.998211551087	0.0583681863613	0	0.0161633017845	0.0581569836303	-0.998176594061	0	72.8322235133	-48.1400654086	36.6710076971	1	3.94472361809	0
-0.999785923875	0.0138370708944	-0.0153831690638	0	0.012915271953	0.998204601317	0.0584873461487	0	0.0161648436974	0.0582761475923	-0.998169619078	0	72.8364606304	-48.1418977493	36.3939799708	1	3.96984924623	0
-0.999785923875	0.0138370708944	-0.0153831690638	0	0.0129134187753	0.998197914142	0.0586017731597	0	0.0161663241622	0.0583905786149	-0.998162907692	0	72.840706481	-48.1434684857	36.1166199567	1	3.99497487437	0
-0.999785923875	0.0138370708944	-0.0153831690638	0	0.0129116326869	0.998191457225	0.0587120470053	0	0.0161677507013	0.0585008563292	-0.998156427443	0	72.8449601034	-48.1448016803	35.8389684974	1	4.02010050251	0
-0.999785923875	0.0138370708944	-0.0153831690638	0	0.0129099057633	0.998185203155	0.0588186580626	0	0.0161691296787	0.0586074711293	-0.998150150816	0	72.8492206769	-48.1459182419	35.5610601315	1	4.04522613065	0
-0.999785923875	0.0138370708944	-0.0153831690638	0	0.0129082312509	0.998179128528	0.0589220242044	0	0.0161704665163	0.0587108409022	-0.998144054319	0	72.8534874952	-48.1468364994	35.2829242789	1	4.07035175879	0
-0.999785923875	0.0138370708944	-0.0153831690638	0	0.0129066033563	0.998173213238	0.0590225038802	0	0.0161717658648	0.0588113241099	-0.99813811777	0	72.8577599459	-48.1475726531	35.0045861653	1	4.09547738693	0
-0.999785923875	0.0138370708944	-0.0153831690638	0	0.0129050170788	0.998167439899	0.0591204064524	0	0.0161730317374	0.0589092301254	-0.998132323718	0	72.8620374944	-48.1481411336	34.7260675528	1	4.12060301508	0
-0.999785923875	0.0138370708944	-0.0153831690638	0	0.0129034680782	0.998161793402	0.0592160004103	0	0.0161742676167	0.0590048274474	-0.998126656995	0	72.866319671	-48.1485548914	34.4473873212	1	4.14572864322	0
-0.999785923875	0.0138370708944	-0.0153831690638	0	0.0129019525676	0.998156260541	0.0593095199972	0	0.0161754765409	0.0590983503274	-0.998121104349	0	72.8706060604	-48.1488256341	34.1685619349	1	4.17085427136	0
-0.999785923875	0.0138370708944	-0.0153831690638	0	0.0129004672268	0.998150829725	0.0594011705704	0	0.0161766611732	0.0591900041296	-0.998115654143	0	72.874896293	-48.148964022	33.8896058226	1	4.1959798995	0
-0.999785923875	0.0138370708944	-0.0153831690638	0	0.0128990091314	0.998145490727	0.0594911329897	0	0.0161778238589	0.0592799697203	-0.998110296112	0	72.879190038	-48.1489798333	33.6105316858	1	4.22110552764	0
-0.999785923875	0.0138370708944	-0.0153831690638	0	0.0128975756948	0.998140234491	0.0595795672252	0	0.0161789666721	0.0593684070749	-0.998105021167	0	72.8834869977	-48.1488821038	33.3313507542	1	4.24623115578	0
-0.999785923875	0.0138370708944	-0.0153831690638	0	0.0128961646195	0.998135052961	0.0596666153541	0	0.0161800914549	0.0594554582756	-0.998099821221	0	72.8877869021	-48.1486792486	33.0520729964	1	4.27135678392	0
-0.999785923875	0.0138370708944	-0.0153831690638	0	0.0128947738568	0.998129938945	0.0597524040462	0	0.0161811998494	0.0595412499968	-0.998094689055	0	72.8920895052	-48.148379169	32.7727072955	1	4.29648241206	0
-0.999785923875	0.0138370708944	-0.0153831690638	0	0.0128934015732	0.998124885995	0.0598370466676	0	0.0161822933249	0.0596258956083	-0.998089618199	0	72.8963945812	-48.1479893493	32.4932615974	1	4.3216080402	0
-0.999785923875	0.0138370708944	-0.0153831690638	0	0.0128920461217	0.998119888312	0.0599206450499	0	0.0161833732015	0.0597094969453	-0.99808460283	0	72.9007019213	-48.1475169461	32.2137430349	1	4.34673366834	0
-0.999785923875	0.0138370708944	-0.0153831690638	0	0.0128907060172	0.998114940659	0.060003291002	0	0.0161844406688	0.05979214582	-0.998079637694	0	72.9050113308	-48.1469688737	31.9341580339	1	4.37185929648	0
-0.999785923875	0.0138370708944	-0.0153831690638	0	0.012889379916	0.998110038292	0.0600850675794	0	0.0161854968031	0.0598739252906	-0.998074718026	0	72.9093226271	-48.1463518875	31.654512404	1	4.39698492462	0
-0.999785923875	0.0138370708944	-0.0153831690638	0	0.0128880665978	0.998105176893	0.0601660502104	0	0.0161865425818	0.0599549107881	-0.998069839496	0	72.9136356364	-48.1456726706	31.3748114157	1	4.42211055276	0
-0.999785923875	0.0138370708944	-0.0153831690638	0	0.0128867649503	0.998100352522	0.0602463076465	0	0.0161875788955	0.0600351710665	-0.998064998146	0	72.9179501921	-48.144937925	31.0950598683	1	4.4472361809	0
-0.999785923875	0.0138370708944	-0.0153831690638	0	0.0128854739553	0.998095561563	0.0603259028061	0	0.0161886065593	0.0601147690463	-0.998060190349	0	72.9222661323	-48.1441544727	30.8152621489	1	4.47236180905	0
-0.999785923875	0.0138370708944	-0.0153831690638	0	0.012884192677	0.998090800688	0.0604048935119	0	0.0161896263219	0.0601937625521	-0.998055412765	0	72.9265832975	-48.1433293729	30.5354222829	1	4.49748743719	0
-0.999785923875	0.0138370708944	-0.0153831690638	0	0.0128829202517	0.998086066819	0.0604833331406	0	0.0161906388747	0.0602722049628	-0.998050662302	0	72.9309015275	-48.1424700615	30.2555439805	1	4.52261306533	0
-0.999785923875	0.0138370708944	-0.0153831690638	0	0.0128816558777	0.998081357091	0.060561271205	0	0.0161916448587	0.0603501457925	-0.998045936087	0	72.935220659	-48.1415845249	29.9756306762	1	4.54773869347	0
-0.999785923875	0.0138370708944	-0.0153831690638	0	0.0128803988075	0.998076668825	0.0606387538897	0	0.0161926448717	0.0604276312278	-0.998041231431	0	72.9395405217	-48.1406815224	29.6956855658	1	4.57286432161	0
-0.999785923875	0.0138370708944	-0.0153831690638	0	0.0128791483395	0.998071999503	0.0607158245198	0	0.0161936394745	0.060504704595	-0.998036545805	0	72.9438609334	-48.1397708818	29.4157116389	1	4.59798994975	0
-0.999785923875	0.0138370708944	-0.0153831690638	0	0.0128779038116	0.998067346736	0.0607925239858	0	0.0161946291962	0.0605814067863	-0.998031876814	0	72.9481816946	-48.1388639034	29.1357117069	1	4.62311557789	0
-0.999785923875	0.0138370708944	-0.0153831690638	0	0.012876664595	0.998062708253	0.0608688911038	0	0.0161956145388	0.0606577766191	-0.998027222177	0	72.9525025796	-48.1379739336	28.8556884275	1	4.64824120603	0
-0.999785923875	0.0138370708944	-0.0153831690638	0	0.0128754300898	0.998058081875	0.060944962905	0	0.0161965959814	0.0607338511256	-0.998022579708	0	72.956823325	-48.1371172062	28.5756443234	1	4.67336683417	0
-0.999785923875	0.0138370708944	-0.0153831690638	0	0.0128741997233	0.998053465517	0.0610207747428	0	0.0161975739809	0.0608096656609	-0.998017947313	0	72.9611436114	-48.1363141321	28.2955817878	1	4.69849246231	0
-0.999785923875	0.0138370708944	-0.0153831690638	0	0.0128729729526	0.998048857196	0.0610963601015	0	0.0161985489703	0.0608852537102	-0.998013323003	0	72.9654630352	-48.1355913724	28.0155030706	1	4.72361809045	0
-0.999785923875	0.0138370708944	-0.0153831690638	0	0.0128717492806	0.998044255088	0.0611717496655	0	0.016199521346	0.060960645959	-0.998008704948	0	72.9697810606	-48.1349853745	27.7354102132	1	4.74874371859	0
