-0.999785923875	0.0138370708944	-0.0153831690638	0	0.0122763207112	0.995180008825	0.0972935865514	0	0.0166552805794	0.0970839096004	-0.995136832865	0	72.2310407988	-40.0842655215	82.9893369531	1	0	0
-0.999785923875	0.0138370708944	-0.0153831690638	0	0.0122761511918	0.995179020646	0.0973037151272	0	0.0166554055279	0.0970940386157	-0.995135842552	0	72.2352419654	-40.0923758872	82.7089986912	1	0.0251256281407	0
-0.999785923875	0.0138370708944	-0.0153831690638	0	0.0122759235626	0.995177693577	0.0973173155589	0	0.0166555733035	0.0971076396375	-0.995134512617	0	72.2394908626	-40.0968589332	82.4288210627	1	0.0502512562814	0
-0.999785923875	0.0138370708944	-0.0153831690638	0	0.0122756704953	0.995176218002	0.0973324356884	0	0.0166557598228	0.0971227604231	-0.995133033857	0	72.2437675766	-40.0992419227	82.1487245477	1	0.0753768844221	0
-0.999785923875	0.0138370708944	-0.0153831690638	0	0.0122754059532	0.995174675293	0.0973482411982	0	0.016655954793	0.0971385666188	-0.995131487817	0	72.2480615386	-40.100333652	81.8686685242	1	0.100502512563	0
-0.999785923875	0.0138370708944	-0.0153831690638	0	0.0122751371139	0.995173107285	0.0973643032417	0	0.0166561529237	0.0971546293594	-0.995129916425	0	72.2523663142	-40.1006258581	81.5886288716	1	0.125628140704	0
-0.999785923875	0.0138370708944	-0.0153831690638	0	0.0122748681875	0.995171538528	0.0973803702752	0	0.0166563511119	0.0971706970903	-0.995128344283	0	72.2566776108	-40.1004463369	81.3085897196	1	0.150753768844	0
-0.999785923875	0.0138370708944	-0.0153831690638	0	0.0122746019245	0.995169985071	0.0973962779636	0	0.0166565473306	0.0971866054693	-0.995126787474	0	72.2609923657	-40.1000289185	81.0285397926	1	0.175879396985	0
-0.999785923875	0.0138370708944	-0.0153831690638	0	0.0122743403016	0.995168458456	0.0974119082285	0	0.0166567401235	0.0972022364127	-0.995125257566	0	72.2653082747	-40.0995495589	80.7484705742	1	0.201005025126	0
-0.999785923875	0.0138370708944	-0.0153831690638	0	0.0122740848666	0.995166967728	0.0974271686112	0	0.0166569283504	0.0972174974578	-0.995123763622	0	72.2696235264	-40.0991466654	80.4683752962	1	0.226130653266	0
-0.999785923875	0.0138370708944	-0.0153831690638	0	0.0122738369272	0.995165520538	0.0974419809943	0	0.016657111048	0.0972323104841	-0.995122313311	0	72.2739366418	-40.0989333451	80.1882483405	1	0.251256281407	0
-0.999785923875	0.0138370708944	-0.0153831690638	0	0.0122735976628	0.995164123788	0.097456274946	0	0.016657287348	0.0972466050564	-0.995120913549	0	72.2782463723	-40.0990051963	79.9080848649	1	0.276381909548	0
-0.999785923875	0.0138370708944	-0.0153831690638	0	0.0122733681936	0.99516278404	0.0974699835565	0	0.0166574564255	0.0972603142623	-0.995119570913	0	72.2825516317	-40.0994454987	79.6278805556	1	0.301507537688	0
-0.999785923875	0.0138370708944	-0.0153831690638	0	0.0122731496282	0.995161507791	0.0974830406267	0	0.0166576174643	0.0972733718994	-0.995118291913	0	72.286851449	-40.1003288113	79.3476314586	1	0.326633165829	0
-0.999785923875	0.0138370708944	-0.0153831690638	0	0.0122729430969	0.995160301665	0.097495378644	0	0.0166577696323	0.0972857104526	-0.995117083188	0	72.2911449343	-40.1017235589	79.067333858	1	0.35175879397	0
-0.999785923875	0.0138370708944	-0.0153831690638	0	0.0122727497793	0.995159172578	0.0975069271742	0	0.0166579120612	0.0972972594843	-0.995115951667	0	72.2954312537	-40.103693959	78.7869841859	1	0.376884422111	0
-0.999785923875	0.0138370708944	-0.0153831690638	0	0.0122725709261	0.995158127861	0.0975176115171	0	0.0166580438301	0.0973079442913	-0.995114904699	0	72.2997096099	-40.1063015081	78.5065789537	1	0.402010050251	0
-0.999785923875	0.0138370708944	-0.0153831690638	0	0.0122724078803	0.995157175384	0.0975273514751	0	0.0166581639505	0.0973176846724	-0.99511395017	0	72.3039792261	-40.1096061697	78.226114696	1	0.427135678392	0
-0.999785923875	0.0138370708944	-0.0153831690638	0	0.0122722620973	0.995156323679	0.0975360601248	0	0.0166582713508	0.0973263937003	-0.99511309663	0	72.3082393339	-40.1136673618	77.9455879247	1	0.452261306533	0
-0.999785923875	0.0138370708944	-0.0153831690638	0	0.0122721351664	0.995155582055	0.0975436425581	0	0.0166583648609	0.0973339764631	-0.995112353408	0	72.3124891611	-40.1185448092	77.6649950882	1	0.477386934673	0
-0.999785923875	0.0138370708944	-0.0153831690638	0	0.0122720288328	0.995154960734	0.0975499945382	0	0.0166584431959	0.0973403287191	-0.995111730749	0	72.3167279226	-40.1242993113	77.3843325364	1	0.502512562814	0
-0.999785923875	0.0138370708944	-0.0153831690638	0	0.0122719450235	0.995154471	0.0975550009731	0	0.0166585049366	0.0973453353715	-0.99511123996	0	72.3209548101	-40.1309934614	77.1035964854	1	0.527638190955	0
-0.999785923875	0.0138370708944	-0.0153831690638	0	0.0122718858757	0.995154125359	0.0975585342184	0	0.0166585485093	0.0973488687703	-0.995110893575	0	72.3251689838	-40.1386923488	76.8227829854	1	0.552763819095	0
-0.999785923875	0.0138370708944	-0.0153831690638	0	0.0122718537697	0.995153937736	0.0975604520938	0	0.0166585721608	0.097350786729	-0.995110705548	0	72.3293695621	-40.1474642674	76.5418878883	1	0.577889447236	0
-0.999785923875	0.0138370708944	-0.0153831690638	0	0.0122718513678	0.9951539237	0.0975605955693	0	0.0166585739302	0.0973509302107	-0.995110691482	0	72.3335556128	-40.1573814565	76.2609068126	1	0.603015075377	0
-0.999785923875	0.0138370708944	-0.0153831690638	0	0.01227188166	0.995154100723	0.0975587860477	0	0.0166585516149	0.0973491206106	-0.995110868886	0	72.3377261419	-40.1685208965	75.9798351094	1	0.628140703518	0
-0.999785923875	0.0138370708944	-0.0153831690638	0	0.0122719480177	0.995154488497	0.097554822111	0	0.0166585027308	0.0973451565016	-0.995111257495	0	72.3418800826	-40.1809651829	75.6986678232	1	0.653266331658	0
-0.999785923875	0.0138370708944	-0.0153831690638	0	0.01227205426	0.995155109312	0.0975484756126	0	0.016658424464	0.0973388097275	-0.995111879647	0	72.346016282	-40.1948035077	75.417399652	1	0.678391959799	0
-0.999785923875	0.0138370708944	-0.0153831690638	0	0.0122722047316	0.995155988513	0.0975394869683	0	0.0166583136124	0.0973298206927	-0.995112760742	0	72.3501334866	-40.2101327789	75.1360249016	1	0.70351758794	0
-0.999785923875	0.0138370708944	-0.0153831690638	0	0.0122724044	0.995157155052	0.097527559381	0	0.0166581665146	0.0973178925873	-0.995113929794	0	72.3542303247	-40.2270589161	74.8545374362	1	0.72864321608	0
-0.999785923875	0.0138370708944	-0.0153831690638	0	0.0122726589731	0.995158642174	0.0975123517682	0	0.0166579789624	0.0973026843139	-0.995115420121	0	72.3583052868	-40.2456983698	74.5729306233	1	0.753768844221	0
-0.999785923875	0.0138370708944	-0.0153831690638	0	0.0122729750475	0.995160488263	0.0974934699508	0	0.016657746092	0.0972838016765	-0.995117270188	0	72.3623567012	-40.2661799229	74.2911972726	1	0.778894472362	0
-0.999785923875	0.0138370708944	-0.0153831690638	0	0.0122733602908	0.995162737897	0.0974704556716	0	0.0166574622483	0.0972607863978	-0.995119524671	0	72.3663827052	-40.2886468516	74.0093295681	1	0.804020100503	0
-0.999785923875	0.0138370708944	-0.0153831690638	0	0.0122738236759	0.995165443186	0.0974427726493	0	0.0166571208123	0.0972331021734	-0.995122235792	0	72.37038121	-40.3132595412	73.7273189913	1	0.829145728643	0
-0.999785923875	0.0138370708944	-0.0153831690638	0	0.0122743757767	0.995168665473	0.0974097888325	0	0.0166567139819	0.0972001169246	-0.995125465029	0	72.374349858	-40.3401986903	73.44515624	1	0.854271356784	0
-0.999785923875	0.0138370708944	-0.0153831690638	0	0.0122750291528	0.995172477533	0.097370753413	0	0.0166562324876	0.0971610798107	-0.995129285314	0	72.3782859688	-40.369669273	73.1628311373	1	0.879396984925	0
-0.999785923875	0.0138370708944	-0.0153831690638	0	0.0122757988514	0.995176966443	0.0973247667581	0	0.0166556652206	0.09711509116	-0.995133783913	0	72.3821864727	-40.4019054958	72.8803325366	1	0.904522613065	0
-0.999785923875	0.0138370708944	-0.0153831690638	0	0.0122767030738	0.99518223738	0.0972707405384	0	0.0166549987397	0.0970610625963	-0.995139066234	0	72.3860478245	-40.4371770699	72.5976482279	1	0.929648241206	0
-0.999785923875	0.0138370708944	-0.0153831690638	0	0.0122777640723	0.995188418733	0.097207344006	0	0.0166542166062	0.0969976633141	-0.995145260945	0	72.3898658946	-40.475797247	72.3147648511	1	0.954773869347	0
-0.999785923875	0.0138370708944	-0.0153831690638	0	0.0122789999762	0.995195614354	0.0971334923228	0	0.0166533054067	0.0969238084286	-0.995152472126	0	72.3936381143	-40.5179556479	72.0316787743	1	0.979899497487	0
-0.999785923875	0.0138370708944	-0.0153831690638	0	0.0122803680951	0.995203573817	0.0970517347632	0	0.0166522965633	0.0968420473254	-0.995160448817	0	72.3973766207	-40.5627013965	71.7484565004	1	1.00502512563	0
-0.999785923875	0.0138370708944	-0.0153831690638	0	0.0122818588715	0.995212239781	0.0969626409125	0	0.0166511970754	0.0967529496146	-0.995169133553	0	72.4010846486	-40.6097773197	71.4651191086	1	1.03015075377	0
-0.999785923875	0.0138370708944	-0.0153831690638	0	0.012283472597	0.995221612107	0.0968661917065	0	0.0166500066769	0.0966564962319	-0.995178526202	0	72.4047629069	-40.6591225235	71.1816753035	1	1.05527638191	0
-0.999785923875	0.0138370708944	-0.0153831690638	0	0.0122852090539	0.995231687549	0.0967623983626	0	0.0166487254733	0.0965526983954	-0.995188623514	0	72.4084121436	-40.7106732354	70.8981338362	1	1.08040201005	0
-0.999785923875	0.0138370708944	-0.0153831690638	0	0.0122870675181	0.995242459778	0.0966513022523	0	0.0166473539396	0.0964415974791	-0.995199419153	0	72.4120331429	-40.7643630418	70.6145034725	1	1.10552763819	0
-0.999785923875	0.0138370708944	-0.0153831690638	0	0.0122890467645	0.995253919434	0.0965329745747	0	0.0166458929169	0.0963232646856	-0.995210903743	0	72.4156267226	-40.8201231343	70.3307929649	1	1.13065326633	0
-0.999785923875	0.0138370708944	-0.0153831690638	0	0.0122911450777	0.995266054208	0.0964075157513	0	0.0166443436056	0.0961978004412	-0.995223064954	0	72.4191937305	-40.8778825605	70.0470110236	1	1.15577889447	0
-0.999785923875	0.0138370708944	-0.0153831690638	0	0.0122933602651	0.995278848939	0.0962750546483	0	0.0166427075554	0.0960653336184	-0.995235887598	0	72.4227350418	-40.9375684791	69.7631662924	1	1.18090452261	0
-0.999785923875	0.0138370708944	-0.0153831690638	0	0.0122956896735	0.995292285737	0.0961357476053	0	0.0166409866545	0.095926020564	-0.995249353751	0	72.4262515556	-40.9991064156	69.479267325	1	1.20603015075	0
-0.999785923875	0.0138370708944	-0.0153831690638	0	0.0122981302094	0.995306344125	0.0959897772598	0	0.016639183115	0.095780043924	-0.995263442899	0	72.4297441919	-41.0624205157	69.1953225649	1	1.23115577889	0
-0.999785923875	0.0138370708944	-0.0153831690638	0	0.0123006783608	0.995321001194	0.0958373512496	0	0.0166372994577	0.095627611346	-0.995278132089	0	72.4332138881	-41.127433796	68.9113403283	1	1.25628140704	0
-0.999785923875	0.0138370708944	-0.0153831690638	0	0.0123033302221	0.995336231774	0.0956787007822	0	0.0166353384945	0.0954689540478	-0.995293396103	0	72.4366615961	-41.1940683876	68.6273287901	1	1.28140703518	0
-0.999785923875	0.0138370708944	-0.0153831690638	0	0.0123060815195	0.995352008614	0.0955140791014	0	0.0166333033105	0.0953043252849	-0.995309207635	0	72.4400882791	-41.262245774	68.343295974	1	1.30653266332	0
-0.999785923875	0.0138370708944	-0.0153831690638	0	0.0123089276388	0.995368302566	0.0953437598748	0	0.0166311972439	0.0951339987373	-0.995325537481	0	72.4434949087	-41.3318870186	68.0592497453	1	1.33165829146	0
-0.999785923875	0.0138370708944	-0.0153831690638	0	0.0123118636539	0.995385082784	0.0951680355162	0	0.0166290238664	0.0949582668319	-0.995342354733	0	72.4468824616	-41.4029129832	67.7751978081	1	1.3567839196	0
-0.999785923875	0.0138370708944	-0.0153831690638	0	0.0123148843549	0.99540231691	0.0949872155281	0	0.0166267869629	0.094777439085	-0.995359626967	0	72.4502519168	-41.4752445354	67.4911477071	1	1.38190954774	0
-0.999785923875	0.0138370708944	-0.0153831690638	0	0.0123179842769	0.995419971269	0.0948016247826	0	0.0166244905106	0.0945918403835	-0.995377320441	0	72.4536042531	-41.5488027437	67.207106833	1	1.40703517588	0
-0.999785923875	0.0138370708944	-0.0153831690638	0	0.0123211577287	0.99543801106	0.0946116018732	0	0.0166221386592	0.0944018093357	-0.995395400281	0	72.4569404461	-41.6235090616	66.923082432	1	1.43216080402	0
-0.999785923875	0.0138370708944	-0.0153831690638	0	0.0123243988197	0.995456400533	0.0944174974813	0	0.0166197357114	0.0942076966387	-0.995413830665	0	72.4602614656	-41.6992854979	66.6390816207	1	1.45728643216	0
-0.999785923875	0.0138370708944	-0.0153831690638	0	0.0123277014862	0.995475103167	0.0942196728415	0	0.0166172861036	0.0940098635429	-0.995432574994	0	72.4635682734	-41.7760547753	66.3551114066	1	1.4824120603	0
-0.999785923875	0.0138370708944	-0.0153831690638	0	0.0123310595168	0.995494081829	0.0940184982561	0	0.0166147943886	0.093808680367	-0.995451596058	0	72.4668618206	-41.8537404767	66.071178711	1	1.50753768844	0
-0.999785923875	0.0138370708944	-0.0153831690638	0	0.0123344665743	0.995513298924	0.093814351779	0	0.0166122652191	0.0936045251815	-0.995470856183	0	72.4701430453	-41.9322671784	65.7872904021	1	1.53266331658	0
-0.999785923875	0.0138370708944	-0.0153831690638	0	0.0123379162164	0.995532716528	0.0936076179869	0	0.0166097033333	0.0933977825798	-0.995490317363	0	72.4734128707	-42.0115605724	65.5034533306	1	1.55778894472	0
-0.999785923875	0.0138370708944	-0.0153831690638	0	0.0123414019139	0.995552296506	0.0933986869346	0	0.0166071135416	0.0931888426335	-0.995509941381	0	72.4766722022	-42.0915475765	65.2196743746	1	1.58291457286	0
-0.999785923875	0.0138370708944	-0.0153831690638	0	0.0123449170647	0.995572000603	0.0931879532875	0	0.0166045007166	0.0929781000253	-0.9955296899	0	72.479921926	-42.1721564339	64.9359604926	1	1.60804020101	0
-0.999785923875	0.0138370708944	-0.0153831690638	0	0.0123484550052	0.995591790523	0.0929758156825	0	0.0166018697852	0.0927659534091	-0.995549524538	0	72.4831629064	-42.2533168029	64.6523187855	1	1.63316582915	0
-0.999785923875	0.0138370708944	-0.0153831690638	0	0.0123520090174	0.995611627975	0.0927626763022	0	0.0165992257234	0.092552804985	-0.99556940692	0	72.4863959836	-42.3349598361	64.3687565705	1	1.65829145729	0
-0.999785923875	0.0138370708944	-0.0153831690638	0	0.0123555723304	0.99563147469	0.0925489407773	0	0.0165965735552	0.0923390604006	-0.995589298692	0	72.4896219715	-42.4170182526	64.0852814694	1	1.68341708543	0
-0.999785923875	0.0138370708944	-0.0153831690638	0	0.0123591381171	0.995651292413	0.092335018393	0	0.0165939183553	0.0921251289589	-0.995609161513	0	72.4928416551	-42.4994264009	63.801901513	1	1.70854271357	0
-0.999785923875	0.0138370708944	-0.0153831690638	0	0.0123626994847	0.995671042848	0.0921213226989	0	0.0165912652572	0.0919114242269	-0.995628956998	0	72.496055788	-42.5821203162	63.5186252672	1	1.73366834171	0
-0.999785923875	0.0138370708944	-0.0153831690638	0	0.0123662494556	0.995690687564	0.0919082726036	0	0.0165886194659	0.0916983651306	-0.99564864663	0	72.499265089	-42.6650377708	63.2354619861	1	1.75879396985	0
-0.999785923875	0.0138370708944	-0.0153831690638	0	0.0123697809403	0.995710187844	0.0916962940527	0	0.0165859862797	0.0914863776339	-0.995668191601	0	72.5024702387	-42.7481183218	62.9524217995	1	1.78391959799	0
-0.999785923875	0.0138370708944	-0.0153831690638	0	0.0123732866966	0.995729504468	0.0914858224464	0	0.0165833711201	0.0912758971549	-0.995687552599	0	72.5056718755	-42.8313033544	62.6695159444	1	1.80904522613	0
-0.999785923875	0.0138370708944	-0.0153831690638	0	0.0123767592743	0.995748597409	0.0912773059902	0	0.016580779573	0.0910673719178	-0.995706689503	0	72.5088705903	-42.9145361251	62.3867570575	1	1.83417085427	0
-0.999785923875	0.0138370708944	-0.0153831690638	0	0.0123801909389	0.995767425423	0.0910712102629	0	0.0165782174464	0.0908612675209	-0.995725560971	0	72.5120669202	-42.9977618056	62.1041595442	1	1.85929648241	0
-0.999785923875	0.0138370708944	-0.0153831690638	0	0.0123835735689	0.995785945495	0.0908680244102	0	0.0165756908467	0.0906580731298	-0.995744123884	0	72.5152613407	-43.080927531	61.8217400569	1	1.88442211055	0
-0.999785923875	0.0138370708944	-0.0153831690638	0	0.0123868985155	0.995804112081	0.0906682695699	0	0.0165732062845	0.090458309904	-0.995762332589	0	72.5184542551	-43.1639824569	61.5395181222	1	1.90954773869	0
-0.999785923875	0.0138370708944	-0.0153831690638	0	0.0123901564119	0.995821876088	0.0904725103518	0	0.016570770817	0.0902625424765	-0.995780137872	0	72.5216459805	-43.2468778297	61.2575169773	1	1.93467336683	0
-0.999785923875	0.0138370708944	-0.0153831690638	0	0.0123933369089	0.995839183451	0.0902813707459	0	0.0165683922469	0.090071394863	-0.995797485539	0	72.5248367293	-43.3295670813	60.9757647097	1	1.95979899497	0
-0.999785923875	0.0138370708944	-0.0153831690638	0	0.012396431242	0.9958559891	0.0900953798249	0	0.0165660772014	0.0898853961575	-0.995814330407	0	72.528026097	-43.4120419557	60.6942950297	1	1.98492462312	0
-0.999785923875	0.0138370708944	-0.0153831690638	0	0.0123995313908	0.995872793845	0.0899090101182	0	0.0165637569008	0.089699018658	-0.995831174451	0	72.5311965947	-43.4955493869	60.4131229835	1	2.01005025126	0
-0.999785923875	0.0138370708944	-0.0153831690638	0	0.012402666928	0.995889757324	0.0897204832272	0	0.0165614091929	0.0895104838916	-0.995848177685	0	72.534340475	-43.5805978563	60.1322946984	1	2.0351758794	0
-0.999785923875	0.0138370708944	-0.0153831690638	0	0.0124058104452	0.995906730553	0.0895314464656	0	0.0165590545799	0.089321439241	-0.995865190778	0	72.5374587123	-43.6670365235	59.8518825297	1	2.06030150754	0
-0.999785923875	0.0138370708944	-0.0153831690638	0	0.0124089563855	0.995923683348	0.0893422338406	0	0.0165566972191	0.0891322187274	-0.995882183474	0	72.5405534686	-43.7547265029	59.5718709044	1	2.08542713568	0
-0.999785923875	0.0138370708944	-0.0153831690638	0	0.012412094662	0.995940561422	0.0891534520922	0	0.016554344671	0.088943429116	-0.99589910136	0	72.5436263051	-43.8435472281	59.2922667865	1	2.11055276382	0
-0.999785923875	0.0138370708944	-0.0153831690638	0	0.0124152088864	0.995957277128	0.0889660874917	0	0.0165520092342	0.0887560567192	-0.995915856579	0	72.5466781063	-43.9333942291	59.0131066794	1	2.13567839196	0
-0.999785923875	0.0138370708944	-0.0153831690638	0	0.0124182827546	0.995973743958	0.0887811218681	0	0.0165497031638	0.0885710834064	-0.995932362417	0	72.5497095638	-44.0241744241	58.7344293441	1	2.1608040201	0
-0.999785923875	0.0138370708944	-0.0153831690638	0	0.0124212999068	0.995989875774	0.0885995409976	0	0.0165474387749	0.0883894949948	-0.995948532528	0	72.5527211984	-44.1158043195	58.4562760415	1	2.18592964824	0
-0.999785923875	0.0138370708944	-0.0153831690638	0	0.0124242438122	0.996005586171	0.0884223415307	0	0.016545228529	0.0882122881755	-0.995964280297	0	72.5557133772	-44.2082085405	58.1786907198	1	2.21105527638	0
-0.999785923875	0.0138370708944	-0.0153831690638	0	0.0124270976795	0.996020787973	0.0882505363673	0	0.0165430851007	0.0880404758899	-0.995979518334	0	72.5586863283	-44.3013186143	57.9017201333	1	2.23618090452	0
-0.999785923875	0.0138370708944	-0.0153831690638	0	0.012429844395	0.996035392872	0.0880851583151	0	0.0165410214224	0.087875090988	-0.995994158112	0	72.5616401549	-44.3950719516	57.6254138741	1	2.26130653266	0
-0.999785923875	0.0138370708944	-0.0153831690638	0	0.0124324664968	0.996049311246	0.0879272616645	0	0.016539050704	0.087717187803	-0.996008109789	0	72.5645748486	-44.4894109774	57.3498242866	1	2.2864321608	0
-0.999785923875	0.0138370708944	-0.0153831690638	0	0.0124349461874	0.99606245218	0.0877779213171	0	0.0165371864202	0.0875678412804	-0.996021282222	0	72.567490303	-44.5842823799	57.0750062309	1	2.31155778894	0
-0.999785923875	0.0138370708944	-0.0153831690638	0	0.0124372653989	0.996074723738	0.0876382288674	0	0.0165354422614	0.0874281430586	-0.996033583244	0	72.57038633	-44.6796364431	56.8010166548	1	2.33668341709	0
-0.999785923875	0.0138370708944	-0.0153831690638	0	0.0124394059165	0.99608603354	0.0875092850343	0	0.016533832037	0.0872991939014	-0.996044920243	0	72.5732626782	-44.7754264431	56.5279139242	1	2.36180904523	0
-0.999785923875	0.0138370708944	-0.0153831690638	0	0.0124413495754	0.996096289695	0.0873921877281	0	0.0165323695254	0.0871820917633	-0.996055201098	0	72.5761190557	-44.8716080846	56.2557568594	1	2.38693467337	0
-0.999785923875	0.0138370708944	-0.0153831690638	0	0.0124430785422	0.996105402171	0.0872880149965	0	0.0165310682587	0.0870779147356	-0.996064335546	0	72.5789551574	-44.96813896	55.9846034263	1	2.41206030151	0
-0.999785923875	0.0138370708944	-0.0153831690638	0	0.0124445756905	0.996113284629	0.0871978022716	0	0.016529941236	0.0869876982922	-0.996072237033	0	72.5817706989	-45.0649780168	55.7145090342	1	2.43718592965	0
-0.999785923875	0.0138370708944	-0.0153831690638	0	0.0124458250782	0.996119856789	0.0871225134389	0	0.0165290005598	0.0869124063575	-0.996078825074	0	72.5845654567	-45.1620850202	55.4455244081	1	2.46231155779	0
-0.999785923875	0.0138370708944	-0.0153831690638	0	0.0124468125284	0.996125047316	0.0870630057348	0	0.0165282569942	0.0868528962025	-0.996084028153	0	72.5873393148	-45.259420002	55.1776930337	1	2.48743718593	0
-0.999785923875	0.0138370708944	-0.0153831690638	0	0.0124475263028	0.996128797199	0.0870199889643	0	0.0165277194532	0.0868098776608	-0.99608778711	0	72.5900923182	-45.356942691	54.9110482079	1	2.51256281407	0
-0.999785923875	0.0138370708944	-0.0153831690638	0	0.0124479578481	0.996131063522	0.0869939804351	0	0.0165273944346	0.0867838680608	-0.996090058919	0	72.5928247311	-45.4546119252	54.6456097902	1	2.53768844221	0
-0.999785923875	0.0138370708944	-0.0153831690638	0	0.0124481025744	0.996131823431	0.0869852578872	0	0.0165272854299	0.0867751451539	-0.996090820668	0	72.595537097	-45.5523850532	54.3813808145	1	2.56281407035	0
-0.999785923875	0.0138370708944	-0.0153831690638	0	0.0124479606138	0.996131078044	0.0869938137497	0	0.0165273923515	0.0867837013685	-0.996090073477	0	72.5982302982	-45.6502173353	54.1183441912	1	2.58793969849	0
-0.999785923875	0.0138370708944	-0.0153831690638	0	0.0124475374858	0.996128855936	0.0870193149916	0	0.0165277110309	0.0868092036603	-0.996087845989	0	72.600905608	-45.7480613631	53.8564597999	1	2.61306532663	0
-0.999785923875	0.0138370708944	-0.0153831690638	0	0.0124468445904	0.996125215794	0.0870610734983	0	0.0165282328494	0.0868509638864	-0.996084197039	0	72.6035647322	-45.8458665215	53.5956623106	1	2.63819095477	0
-0.999785923875	0.0138370708944	-0.0153831690638	0	0.0124458994458	0.996120247818	0.0871180318531	0	0.016528944563	0.0869079245871	-0.996079217048	0	72.6062098324	-45.9435785109	53.3358600812	1	2.66331658291	0
-0.999785923875	0.0138370708944	-0.0153831690638	0	0.0124447256002	0.996114073481	0.0871887688783	0	0.0165298283754	0.0869786645267	-0.99607302779	0	72.6088435272	-46.0411389512	53.0769354246	1	2.68844221106	0
-0.999785923875	0.0138370708944	-0.0153831690638	0	0.0124433521705	0.996106843389	0.0872715276634	0	0.0165308622928	0.0870614267228	-0.996065780242	0	72.6114688688	-46.1384850725	52.8187464439	1	2.7135678392	0
-0.999785923875	0.0138370708944	-0.0153831690638	0	0.0124418129985	0.996098733154	0.0873642667171	0	0.0165320207686	0.0871541696006	-0.996057650445	0	72.6140892927	-46.2355494885	52.5611304678	1	2.73869346734	0
-0.999785923875	0.0138370708944	-0.0153831690638	0	0.0124401454567	0.996089937406	0.0874647321985	0	0.0165332756101	0.0872546392268	-0.996048833507	0	72.616708545	-46.332260026	52.3039089483	1	2.76381909548	0
-0.999785923875	0.0138370708944	-0.0153831690638	0	0.0124383889783	0.996080662312	0.0875705466904	0	0.0165345970924	0.0873604580866	-0.996039536094	0	72.6193305917	-46.4285395666	52.0468934937	1	2.78894472362	0
-0.999785923875	0.0138370708944	-0.0153831690638	0	0.0124365834222	0.996071117119	0.087679307898	0	0.0165359551936	0.0874692237861	-0.996029967961	0	72.6219595184	-46.5243058406	51.7898925695	1	2.81407035176	0
-0.999785923875	0.0138370708944	-0.0153831690638	0	0.0124347673998	0.996061505408	0.0877886895001	0	0.016537320856	0.0875786099085	-0.996020333179	0	72.6245994301	-46.6194710922	51.5327183219	1	2.8391959799	0
-0.999785923875	0.0138370708944	-0.0153831690638	0	0.0124329766918	0.996052016694	0.0878965365048	0	0.0165386671762	0.0876864613725	-0.996010821718	0	72.6272543603	-46.7139415338	51.2751929732	1	2.86432160804	0
-0.999785923875	0.0138370708944	-0.0153831690638	0	0.012431242866	0.996042819002	0.0880009483755	0	0.016539970441	0.0877908775628	-0.996001602004	0	72.6299281979	-46.8076164885	51.0171543175	1	2.88944723618	0
-0.999785923875	0.0138370708944	-0.0153831690638	0	0.0124295921735	0.996034052823	0.0881003453773	0	0.0165412109527	0.0878902786789	-0.995992814861	0	72.6326246401	-46.9003871257	50.7584599784	1	2.91457286432	0
-0.999785923875	0.0138370708944	-0.0153831690638	0	0.0124280447614	0.996025826714	0.0881935157551	0	0.0165423736142	0.0879834529153	-0.995984569102	0	72.6353471722	-46.9921346719	50.4989902533	1	2.93969849246	0
-0.999785923875	0.0138370708944	-0.0153831690638	0	0.0124266141998	0.99601821455	0.0882796439963	0	0.0165434482776	0.0880695847251	-0.995976938772	0	72.6380990807	-47.082727966	50.23864954	1	2.9648241206	0
-0.999785923875	0.0138370708944	-0.0153831690638	0	0.0124253072866	0.996011254254	0.0883583224029	0	0.0165444298849	0.088148266393	-0.995969961882	0	72.6408834956	-47.1720201866	49.9773664771	1	2.98994974874	0
-0.999785923875	0.0138370708944	-0.0153831690638	0	0.0124241240661	0.99600494771	0.0884295498056	0	0.0165453184488	0.0882194967493	-0.995963640316	0	72.6437034645	-47.2598445089	49.7150930375	1	3.01507537688	0
-0.999785923875	0.0138370708944	-0.0153831690638	0	0.0124230579808	0.995999261422	0.0884937222433	0	0.0165461189343	0.0882836718489	-0.995957940494	0	72.6465620586	-47.3460083408	49.4518028709	1	3.04020100503	0
-0.999785923875	0.0138370708944	-0.0153831690638	0	0.0124220960721	0.99599412748	0.0885516208508	0	0.0165468411051	0.088341572859	-0.99595279434	0	72.6494625107	-47.4302856031	49.1874892133	1	3.06532663317	0
-0.999785923875	0.0138370708944	-0.0153831690638	0	0.0124212162801	0.995989429063	0.0886045742682	0	0.0165475015488	0.0883945284743	-0.995948084756	0	72.6524081955	-47.5124072923	48.92217471	1	3.09045226131	0
-0.999785923875	0.0138370708944	-0.0153831690638	0	0.0124201679272	0.995983827037	0.0886676700304	0	0.0165482884324	0.0884576268561	-0.995942469423	0	72.6553874947	-47.5921290188	48.6568342934	1	3.11557788945	0
-0.999785923875	0.0138370708944	-0.0153831690638	0	0.0124187881431	0.995976448275	0.0887507080729	0	0.0165493239269	0.0885406683476	-0.995935073148	0	72.6583962727	-47.6690918797	48.3920595575	1	3.14070351759	0
-0.999785923875	0.0138370708944	-0.0153831690638	0	0.0124170544413	0.995967167683	0.0888550373218	0	0.0165506247732	0.088645001932	-0.995925770553	0	72.6614420306	-47.7427717443	48.1278344593	1	3.16582914573	0
-0.999785923875	0.0138370708944	-0.0153831690638	0	0.0124149847036	0.995956074918	0.0889795762407	0	0.0165521773852	0.0887695460292	-0.995914651525	0	72.6645250242	-47.8131797295	47.8641323659	1	3.19095477387	0
-0.999785923875	0.0138370708944	-0.0153831690638	0	0.0124126653514	0.995943627079	0.0891191192725	0	0.0165539167648	0.0889090948672	-0.995902174257	0	72.6676318136	-47.8813507776	47.6008958434	1	3.21608040201	0
-0.999785923875	0.0138370708944	-0.0153831690638	0	0.0124100847577	0.99592975573	0.0892743605245	0	0.0165558514637	0.0890643425834	-0.99588827017	0	72.6707676139	-47.9469259894	47.3381087763	1	3.24120603015	0
-0.999785923875	0.0138370708944	-0.0153831690638	0	0.0124072231134	0.995914347267	0.0894464852488	0	0.0165579961347	0.089236474481	-0.995872825408	0	72.6739397068	-48.0093869891	47.0757641914	1	3.26633165829	0
-0.999785923875	0.0138370708944	-0.0153831690638	0	0.0124040568198	0.995897266088	0.0896369051961	0	0.0165603682264	0.0894269023717	-0.995855704074	0	72.6771568965	-48.0680947078	46.8138647236	1	3.29145728643	0
-0.999785923875	0.0138370708944	-0.0153831690638	0	0.0124005595471	0.995878359911	0.0898471946307	0	0.0165629871793	0.0896372005875	-0.995836753553	0	72.6804297401	-48.1222695182	46.5524255061	1	3.31658291457	0
-0.999785923875	0.0138370708944	-0.0153831690638	0	0.0123967049242	0.995857473937	0.0900789282239	0	0.016565872401	0.0898689438683	-0.995815818713	0	72.6837705991	-48.1709839643	46.2914773846	1	3.34170854271	0
-0.999785923875	0.0138370708944	-0.0153831690638	0	0.0123924718127	0.995834479229	0.0903333638274	0	0.016569039313	0.0901233901219	-0.995792770354	0	72.6871932257	-48.2131900813	46.031069212	1	3.36683417085	0
-0.999785923875	0.0138370708944	-0.0153831690638	0	0.0123878526989	0.995809318577	0.0906109383062	0	0.0165724930802	0.0904009762352	-0.995767551173	0	72.6907114191	-48.2478183866	45.7712661442	1	3.39195979899	0
-0.999785923875	0.0138370708944	-0.0153831690638	0	0.0123828637459	0.995782062381	0.090910664528	0	0.0165762211265	0.0907007150387	-0.99574023178	0	72.69433625	-48.273990741	45.5121385449	1	3.41708542714	0
-0.999785923875	0.0138370708944	-0.0153831690638	0	0.0123775512081	0.995752945925	0.0912297479354	0	0.0165801884028	0.0910198118617	-0.995711048046	0	72.6980719049	-48.2913490526	45.253736434	1	3.44221105528	0
-0.999785923875	0.0138370708944	-0.0153831690638	0	0.012371986702	0.995722346367	0.09156387328	0	0.0165843410007	0.0913539512777	-0.995680378043	0	72.7019116642	-48.3003859593	44.9960534043	1	3.46733668342	0
-0.999785923875	0.0138370708944	-0.0153831690638	0	0.012366249953	0.995690690313	0.0919082427546	0	0.0165886190951	0.0916983352804	-0.995648649386	0	72.7058368995	-48.3025462784	44.7390005518	1	3.49246231156	0
-0.999785923875	0.0138370708944	-0.0153831690638	0	0.0123604098123	0.995658349812	0.0922587162241	0	0.016592971122	0.0920488235618	-0.995616234997	0	72.7098208471	-48.2999452089	44.4824146954	1	3.5175879397	0
-0.999785923875	0.0138370708944	-0.0153831690638	0	0.0123545162168	0.99562559687	0.0926122928479	0	0.0165973597428	0.0924024151555	-0.995583407517	0	72.7138352809	-48.2948402988	44.2260996719	1	3.54271356784	0
-0.999785923875	0.0138370708944	-0.0153831690638	0	0.0123486035394	0.995592620447	0.0929669086351	0	0.0166017593047	0.0927570459836	-0.99555035634	0	72.7178561788	-48.2891711906	43.9698720196	1	3.56783919598	0
-0.999785923875	0.0138370708944	-0.0153831690638	0	0.0123426971857	0.995559561952	0.0933210396018	0	0.0166061508955	0.0931111919978	-0.995517223195	0	72.7218662121	-48.2843512794	43.7135866345	1	3.59296482412	0
-0.999785923875	0.0138370708944	-0.0153831690638	0	0.0123368179736	0.99552653899	0.093673438541	0	0.0166105190668	0.0934636059377	-0.995484125952	0	72.7258545383	-48.2812787243	43.45714031	1	3.61809045226	0
-0.999785923875	0.0138370708944	-0.0153831690638	0	0.0123309838947	0.99549365485	0.0940230290387	0	0.016614850513	0.093813211343	-0.995451168124	0	72.7298153637	-48.2804495249	43.2004634337	1	3.6432160804	0
-0.999785923875	0.0138370708944	-0.0153831690638	0	0.0123252106184	0.995461001048	0.0943688750377	0	0.0166191336897	0.0941590721159	-0.995418441427	0	72.7337463573	-48.2820842432	42.9435091066	1	3.66834170854	0
-0.999785923875	0.0138370708944	-0.0153831690638	0	0.0123195117087	0.995428658311	0.0947101675837	0	0.0166233586451	0.0945003792666	-0.995386026758	0	72.7376473714	-48.2862305629	42.6862440462	1	3.69346733668	0
-0.999785923875	0.0138370708944	-0.0153831690638	0	0.0123138988962	0.995396697889	0.0950462083732	0	0.0166275168127	0.0948364344607	-0.995353995513	0	72.7415195454	-48.2928350926	42.4286422261	1	3.71859296482	0
-0.999785923875	0.0138370708944	-0.0153831690638	0	0.0123083815583	0.99536517837	0.0953764406531	0	0.0166316013901	0.0951666809198	-0.995322406398	0	72.7453650348	-48.3017655939	42.1706824961	1	3.74371859296	0
-0.999785923875	0.0138370708944	-0.0153831690638	0	0.012302912563	0.995333834568	0.0957036890937	0	0.016635647383	0.0954939434348	-0.995290993631	0	72.7492131505	-48.310746705	41.9125065485	1	3.76884422111	0
-0.999785923875	0.0138370708944	-0.0153831690638	0	0.0122974723249	0.995302556425	0.096029127604	0	0.0166396693417	0.0958193959646	-0.995259646907	0	72.7530798558	-48.3185540043	41.6541782647	1	3.79396984925	0
-0.999785923875	0.0138370708944	-0.0153831690638	0	0.0122920748182	0.995271426303	0.0963519220461	0	0.0166436569914	0.0961422043349	-0.995228448763	0	72.7569629207	-48.3254041193	41.3956477191	1	3.81909547739	0
-0.999785923875	0.0138370708944	-0.0153831690638	0	0.0122867325689	0.99524051916	0.0966713257614	0	0.0166476011534	0.0964616218543	-0.995197474316	0	72.7608609154	-48.3314525071	41.136867996	1	3.84422110553	0
-0.999785923875	0.0138370708944	-0.0153831690638	0	0.0122814573389	0.995209906379	0.0969866385207	0	0.0166514932368	0.0967769482623	-0.995166795094	0	72.7647729388	-48.3368148408	40.8777936193	1	3.86934673367	0
-0.999785923875	0.0138370708944	-0.0153831690638	0	0.0122762605273	0.995179658007	0.0972971824733	0	0.0166553249397	0.0970875056784	-0.995136481289	0	72.7686984587	-48.3415796248	40.6183795658	1	3.89447236181	0
-0.999785923875	0.0138370708944	-0.0153831690638	0	0.0122711534242	0.995149844182	0.0976022869556	0	0.0166590880609	0.0973926234085	-0.995106603179	0	72.7726372134	-48.3458160705	40.358580598	1	3.91959798995	0
-0.999785923875	0.0138370708944	-0.0153831690638	0	0.012266147382	0.995120536096	0.0979012781733	0	0.0166627743724	0.0976916276281	-0.995077232099	0	72.7765891474	-48.3495792413	40.0983507814	1	3.94472361809	0
-0.999785923875	0.0138370708944	-0.0153831690638	0	0.0122612539393	0.995091806691	0.0981934718227	0	0.0166663755273	0.0979838340025	-0.995048441133	0	72.7805543694	-48.3529135411	39.8376431166	1	3.96984924623	0
-0.999785923875	0.0138370708944	-0.0153831690638	0	0.0122564849133	0.995063731174	0.0984781675284	0	0.0166698829916	0.0982685421243	-0.995020305637	0	72.7845331226	-48.3558551556	39.5764092472	1	3.99497487437	0
-0.999785923875	0.0138370708944	-0.0153831690638	0	0.0122518524717	0.995036387422	0.098754644532	0	0.0166732879899	0.0985450312024	-0.994992903639	0	72.7885257642	-48.3584338066	39.3145992223	1	4.02010050251	0
-0.999785923875	0.0138370708944	-0.0153831690638	0	0.0122473691893	0.99500985629	0.0990221582957	0	0.0166765814639	0.0988125566649	-0.994966316151	0	72.7925327506	-48.3606740435	39.0521613035	1	4.04522613065	0
-0.999785923875	0.0138370708944	-0.0153831690638	0	0.0122430480904	0.994984221831	0.0992799379536	0	0.0166797540401	0.0990703476105	-0.994940627389	0	72.7965546259	-48.3625962148	38.789041818	1	4.07035175879	0
-0.999785923875	0.0138370708944	-0.0153831690638	0	0.0122389026768	0.994959571434	0.0995271845925	0	0.0166827960082	0.0993176050894	-0.994915924909	0	72.8005920134	-48.3642172155	38.5251850597	1	4.09547738693	0
-0.999785923875	0.0138370708944	-0.0153831690638	0	0.0122349469397	0.994935995847	0.0997630705287	0	0.0166856973113	0.0995535013799	-0.994892299633	0	72.804645608	-48.3655510747	38.2605332545	1	4.12060301508	0
-0.999785923875	0.0138370708944	-0.0153831690638	0	0.0122311953493	0.994913589069	0.0999867398563	0	0.0166884475524	0.0997771805365	-0.99486984574	0	72.8087161684	-48.3666094303	37.9950266117	1	4.14572864322	0
-0.999785923875	0.0138370708944	-0.0153831690638	0	0.0122276628156	0.994892448047	0.10019731075	0	0.0166910360209	0.0999877606937	-0.994848660364	0	72.8128045097	-48.3674019264	37.7286034926	1	4.17085427136	0
-0.999785923875	0.0138370708944	-0.0153831690638	0	0.0122243722393	0.99487271792	0.100393425394	0	0.0166934461613	0.100183883974	-0.994828888929	0	72.8169120269	-48.3679333535	37.4611689136	1	4.1959798995	0
-0.999785923875	0.0138370708944	-0.0153831690638	0	0.0122213243631	0.994854411069	0.100575046647	0	0.01669567765	0.100365513232	-0.994810543823	0	72.8210385816	-48.36821657	37.1927203164	1	4.22110552764	0
-0.999785923875	0.0138370708944	-0.0153831690638	0	0.0122184952379	0.994837390649	0.100743607938	0	0.0166977482166	0.100534081959	-0.9947934879	0	72.8251823208	-48.3682738718	36.9233580654	1	4.24623115578	0
-0.999785923875	0.0138370708944	-0.0153831690638	0	0.0122158637788	0.994821535677	0.100900370789	0	0.0166996734555	0.100690851731	-0.994777599911	0	72.8293416039	-48.3681256225	36.6531704768	1	4.27135678392	0
-0.999785923875	0.0138370708944	-0.0153831690638	0	0.0122134114465	0.994806739383	0.101046444066	0	0.0167014670679	0.100836931462	-0.994762772851	0	72.8335149777	-48.3677905337	36.3822351684	1	4.29648241206	0
-0.999785923875	0.0138370708944	-0.0153831690638	0	0.0122111218697	0.994792907159	0.101182806682	0	0.0167031411437	0.100973300107	-0.994748911908	0	72.8377011477	-48.3672859584	36.1106206508	1	4.3216080402	0
-0.999785923875	0.0138370708944	-0.0153831690638	0	0.0122089805315	0.994779954842	0.101310326416	0	0.0167047063956	0.101100825483	-0.994735932733	0	72.8418989548	-48.3666281509	35.8383876452	1	4.34673366834	0
-0.999785923875	0.0138370708944	-0.0153831690638	0	0.0122069745077	0.994767807273	0.101429775642	0	0.0167061723549	0.101220279997	-0.994723760007	0	72.8461073546	-48.3658325034	35.5655901863	1	4.37185929648	0
-0.999785923875	0.0138370708944	-0.0153831690638	0	0.0122050922463	0.99475639708	0.101541844537	0	0.0167075475352	0.101332353855	-0.994712326212	0	72.8503254001	-48.3649137673	35.2922765463	1	4.39698492462	0
-0.999785923875	0.0138370708944	-0.0153831690638	0	0.012203323383	0.99474566365	0.101647152189	0	0.0167088395705	0.101437666174	-0.994701570604	0	72.8545522271	-48.3638862682	35.0184900135	1	4.42211055276	0
-0.999785923875	0.0138370708944	-0.0153831690638	0	0.0122016585825	0.994735552246	0.101746256078	0	0.0167100553326	0.101536774457	-0.994691438328	0	72.8587870405	-48.3627641231	34.7442695553	1	4.4472361809	0
-0.999785923875	0.0138370708944	-0.0153831690638	0	0.0122000894049	0.994726013256	0.101839660107	0	0.0167112010309	0.101630182629	-0.994681879667	0	72.8630291031	-48.3615614702	34.4696503809	1	4.47236180905	0
-0.999785923875	0.0138370708944	-0.0153831690638	0	0.0121986081901	0.994717001542	0.101927821529	0	0.016712282298	0.101718347964	-0.994672849387	0	72.8672777238	-48.3602927233	34.1946644251	1	4.49748743719	0
-0.999785923875	0.0138370708944	-0.0153831690638	0	0.0121972079578	0.994708475878	0.102011156911	0	0.0167133042638	0.101801687045	-0.994664306173	0	72.8715322479	-48.3589728661	33.919340765	1	4.52261306533	0
-0.999785923875	0.0138370708944	-0.0153831690638	0	0.012195882322	0.99470039846	0.1020900473	0	0.0167142716195	0.101880580939	-0.994656212142	0	72.8757920463	-48.3576178097	33.6437059812	1	4.54773869347	0
-0.999785923875	0.0138370708944	-0.0153831690638	0	0.012194625415	0.994692734476	0.10216484274	0	0.0167151886729	0.101955379702	-0.994648532406	0	72.8800565043	-48.3562448445	33.3677844725	1	4.57286432161	0
-0.999785923875	0.0138370708944	-0.0153831690638	0	0.0121934318217	0.99468545173	0.102235866201	0	0.0167160593979	0.10202640632	-0.994641234703	0	72.8843250092	-48.3548732329	33.0915987289	1	4.59798994975	0
-0.999785923875	0.0138370708944	-0.0153831690638	0	0.0121922965228	0.994678520315	0.102303416999	0	0.0167168874759	0.102093960121	-0.994634289063	0	72.8885969354	-48.3535250216	32.8151695701	1	4.62311557789	0
-0.999785923875	0.0138370708944	-0.0153831690638	0	0.0121912148462	0.994671912335	0.102367773696	0	0.0167176763324	0.102158319681	-0.994627667531	0	72.8928716258	-48.3522261933	32.5385163469	1	4.64824120603	0
-0.999785923875	0.0138370708944	-0.0153831690638	0	0.0121901824282	0.994665601684	0.102429196416	0	0.0167184291651	0.102219745133	-0.994621343945	0	72.897148365	-48.3510083718	32.2616571021	1	4.67336683417	0
-0.999785923875	0.0138370708944	-0.0153831690638	0	0.0121891951899	0.994659563912	0.102487928261	0	0.0167191489618	0.102278479592	-0.994615293805	0	72.9014263417	-48.3499114626	31.9846086727	1	4.69849246231	0
-0.999785923875	0.0138370708944	-0.0153831690638	0	0.0121882493388	0.994653776247	0.102544195228	0	0.0167198384992	0.102334749063	-0.994609494291	0	72.9057045886	-48.3489879668	31.707386692	1	4.72361809045	0
-0.999785923875	0.0138370708944	-0.0153831690638	0	0.0121873414243	0.994648217947	0.102598202925	0	0.0167205003032	0.102388759166	-0.994603924618	0	72.9099818819	-48.3483105035	31.4300053881	1	4.74874371859	0
