-0.999785923875	0.0138370708944	-0.0153831690638	0	0.0115876983326	0.990399442341	0.137748574798	0	0.0171415188573	0.137540830594	-0.990347761269	0	72.2622785724	-40.483304491	80.6001922557	1	0	0
-0.999785923875	0.0138370708944	-0.0153831690638	0	0.0115871138554	0.990394752067	0.137782342379	0	0.0171419139505	0.137574599937	-0.990343063912	0	72.2659957296	-40.4922607715	80.3505499241	1	0.0251256281407	0
-0.999785923875	0.0138370708944	-0.0153831690638	0	0.0115862861861	0.990388108456	0.137830158534	0	0.0171424733862	0.137622418589	-0.990336410271	0	72.269819387	-40.492613566	80.1017247021	1	0.0502512562814	0
-0.999785923875	0.0138370708944	-0.0153831690638	0	0.0115853835776	0.990380860932	0.137882301933	0	0.0171430834082	0.13767456471	-0.990329151809	0	72.2736906616	-40.4891586248	79.8532297712	1	0.0753768844221	0
-0.999785923875	0.0138370708944	-0.0153831690638	0	0.0115844721363	0.99037353996	0.137934953335	0	0.0171436993297	0.137727218862	-0.990321819793	0	72.2775781702	-40.4844667251	79.6047923906	1	0.100502512563	0
-0.999785923875	0.0138370708944	-0.0153831690638	0	0.011583585295	0.990366414149	0.137986181474	0	0.0171442985595	0.137778449676	-0.990314683235	0	72.2814633134	-40.4800631786	79.3562493665	1	0.125628140704	0
-0.999785923875	0.0138370708944	-0.0153831690638	0	0.0115827444357	0.990359655588	0.138034751475	0	0.017144866658	0.137827022215	-0.990307914487	0	72.2853342397	-40.4769177816	79.1074986348	1	0.150753768844	0
-0.999785923875	0.0138370708944	-0.0153831690638	0	0.0115819660473	0.990353397225	0.138079711284	0	0.0171453924966	0.137871984373	-0.990301646692	0	72.2891830016	-40.4756775395	78.858474742	1	0.175879396985	0
-0.999785923875	0.0138370708944	-0.0153831690638	0	0.0115812644635	0.990347754797	0.138120233425	0	0.0171458664059	0.137912508631	-0.990295995765	0	72.2930040727	-40.4767887355	78.6091354318	1	0.201005025126	0
-0.999785923875	0.0138370708944	-0.0153831690638	0	0.0115806529664	0.990342835659	0.138155551228	0	0.0171462794289	0.137947828281	-0.990291069219	0	72.2967935118	-40.4805660128	78.3594538296	1	0.226130653266	0
-0.999785923875	0.0138370708944	-0.0153831690638	0	0.0115801442336	0.99033874233	0.138184932968	0	0.0171466230177	0.137977211557	-0.990286969727	0	72.3005484621	-40.4872338911	78.1094136455	1	0.251256281407	0
-0.999785923875	0.0138370708944	-0.0153831690638	0	0.0115797505066	0.990335573811	0.138207672081	0	0.0171468889186	0.137999951858	-0.990283796438	0	72.3042668362	-40.4969529676	77.8590061014	1	0.276381909548	0
-0.999785923875	0.0138370708944	-0.0153831690638	0	0.0115794836397	0.99033342593	0.138223084341	0	0.0171470691379	0.138015364925	-0.990281645324	0	72.3079471085	-40.5098371388	77.6082278894	1	0.301507537688	0
-0.999785923875	0.0138370708944	-0.0153831690638	0	0.0115793550952	0.99033239126	0.138230508055	0	0.0171471559439	0.138022789026	-0.990280609096	0	72.3115881751	-40.5259653204	77.3570797724	1	0.326633165829	0
-0.999785923875	0.0138370708944	-0.0153831690638	0	0.0115793759198	0.990332558883	0.138229305391	0	0.0171471418811	0.1380215863	-0.990280776972	0	72.315189255	-40.5453896657	77.1055655981	1	0.35175879397	0
-0.999785923875	0.0138370708944	-0.0153831690638	0	0.0115795567141	0.990334014092	0.138218864122	0	0.0171470197902	0.138011144485	-0.990282234371	0	72.3187498192	-40.5681414837	76.853691589	1	0.376884422111	0
-0.999785923875	0.0138370708944	-0.0153831690638	0	0.0115799076029	0.9903368381	0.138198599273	0	0.0171467828263	0.137990878576	-0.99028506263	0	72.3222695382	-40.5942356027	76.6014658175	1	0.402010050251	0
-0.999785923875	0.0138370708944	-0.0153831690638	0	0.0115804382087	0.990341107787	0.138167954597	0	0.017146424475	0.137960232298	-0.990289338745	0	72.3257482428	-40.6236736562	76.3488978116	1	0.427135678392	0
-0.999785923875	0.0138370708944	-0.0153831690638	0	0.0115811576309	0.990346895473	0.138126403754	0	0.017145938566	0.137918679283	-0.990295135147	0	72.3291858937	-40.6564466075	76.0959982537	1	0.452261306533	0
-0.999785923875	0.0138370708944	-0.0153831690638	0	0.0115820744294	0.990354268744	0.138073451224	0	0.0171453192824	0.137865723986	-0.990302519524	0	72.3325825579	-40.6925367224	75.8427787449	1	0.477386934673	0
-0.999785923875	0.0138370708944	-0.0153831690638	0	0.0115831966125	0.99036329031	0.138008632926	0	0.0171445611673	0.137800902301	-0.990311554687	0	72.3359383897	-40.7319191367	75.5892516196	1	0.502512562814	0
-0.999785923875	0.0138370708944	-0.0153831690638	0	0.0115845316307	0.990374017915	0.137931516578	0	0.0171436591275	0.137723781924	-0.990322298469	0	72.3392536156	-40.77456312	75.3354297966	1	0.527638190955	0
-0.999785923875	0.0138370708944	-0.0153831690638	0	0.0115860863737	0.99038650427	0.137841701825	0	0.0171426084341	0.137633962482	-0.990334803664	0	72.3425285219	-40.8204331086	75.0813266574	1	0.552763819095	0
-0.999785923875	0.0138370708944	-0.0153831690638	0	0.0115878368818	0.990400554008	0.137740570118	0	0.017141425197	0.137532825496	-0.990348874616	0	72.3457685753	-40.8690794498	74.8269913761	1	0.577889447236	0
-0.999785923875	0.0138370708944	-0.0153831690638	0	0.0115896987977	0.990415487644	0.137632992832	0	0.0171401663691	0.137425242598	-0.990363830819	0	72.3489888582	-40.9192879655	74.5725358536	1	0.603015075377	0
-0.999785923875	0.0138370708944	-0.0153831690638	0	0.0115916574626	0.990431185832	0.137519815329	0	0.0171388418118	0.137312059194	-0.990379552748	0	72.3521920376	-40.9708412457	74.3179823195	1	0.628140703518	0
-0.999785923875	0.0138370708944	-0.0153831690638	0	0.0115937040542	0.990447576205	0.1374015459	0	0.0171374574452	0.1371937836	-0.990395967931	0	72.3553797049	-41.0236085623	74.0633449321	1	0.653266331658	0
-0.999785923875	0.0138370708944	-0.0153831690638	0	0.0115958309811	0.990464596389	0.137278621803	0	0.0171360183602	0.137070853099	-0.990413013902	0	72.3585531909	-41.0774804895	73.8086356291	1	0.678391959799	0
-0.999785923875	0.0138370708944	-0.0153831690638	0	0.0115980316536	0.990482192144	0.13715142255	0	0.0171345289735	0.136943647223	-0.990430636341	0	72.3617136205	-41.1323644021	73.553864609	1	0.70351758794	0
-0.999785923875	0.0138370708944	-0.0153831690638	0	0.0116003003049	0.99050031593	0.137020280158	0	0.0171329931482	0.136812498007	-0.990448787639	0	72.364861954	-41.1881811275	73.2990406881	1	0.72864321608	0
-0.999785923875	0.0138370708944	-0.0153831690638	0	0.0116026318532	0.990518925784	0.136885487172	0	0.0171314142867	0.13667769801	-0.99046742577	0	72.3679990173	-41.24486241	73.0441715702	1	0.753768844221	0
-0.999785923875	0.0138370708944	-0.0153831690638	0	0.0116050217906	0.990537984423	0.136747303028	0	0.0171297954051	0.136539506683	-0.990486513398	0	72.3711255266	-41.3023489601	72.7892640512	1	0.778894472362	0
-0.999785923875	0.0138370708944	-0.0153831690638	0	0.0116074660953	0.990557458533	0.13660595915	0	0.0171281391934	0.136398155462	-0.990506017162	0	72.3742421064	-41.3605889313	72.5343241797	1	0.804020100503	0
-0.999785923875	0.0138370708944	-0.0153831690638	0	0.0116099611595	0.990577318188	0.136461663093	0	0.0171264480631	0.136253851914	-0.990525907089	0	72.3773493042	-41.4195367158	72.279357384	1	0.829145728643	0
-0.999785923875	0.0138370708944	-0.0153831690638	0	0.0116125037312	0.990597536369	0.136314601917	0	0.0171247241868	0.136106783107	-0.990546156125	0	72.3804476028	-41.4791519818	72.0243685733	1	0.854271356784	0
-0.999785923875	0.0138370708944	-0.0153831690638	0	0.0116150908653	0.99061808858	0.136164944985	0	0.0171229695314	0.135957118414	-0.990566739734	0	72.3835374293	-41.5393988954	71.7693622194	1	0.879396984925	0
-0.999785923875	0.0138370708944	-0.0153831690638	0	0.0116177198839	0.99063895251	0.136012846283	0	0.0171211858842	0.135805011831	-0.990587635576	0	72.3866191631	-41.6002454856	71.514342424	1	0.904522613065	0
-0.999785923875	0.0138370708944	-0.0153831690638	0	0.0116203883417	0.990660107767	0.135858446381	0	0.0171193748767	0.135650603933	-0.990608823228	0	72.3896931421	-41.6616631228	71.2593129745	1	0.929648241206	0
-0.999785923875	0.0138370708944	-0.0153831690638	0	0.0116230939982	0.99068153564	0.135701874074	0	0.0171175380032	0.135494023523	-0.990630283952	0	72.3927596681	-41.7236260856	71.0042773902	1	0.954773869347	0
-0.999785923875	0.0138370708944	-0.0153831690638	0	0.0116258347928	0.990703218904	0.135543247783	0	0.0171156766373	0.135335389027	-0.990652000498	0	72.3958190114	-41.7861111997	70.7492389618	1	0.979899497487	0
-0.999785923875	0.0138370708944	-0.0153831690638	0	0.0116286088244	0.990725141646	0.135382676763	0	0.017113792046	0.135174809709	-0.990673956931	0	72.3988714138	-41.8490975342	70.4942007852	1	1.00502512563	0
-0.999785923875	0.0138370708944	-0.0153831690638	0	0.0116314143329	0.990747289126	0.135220262131	0	0.0171118854016	0.135012386689	-0.99069613849	0	72.4019170926	-41.9125661448	70.2391657895	1	1.03015075377	0
-0.999785923875	0.0138370708944	-0.0153831690638	0	0.0116342496844	0.990769647642	0.13505609777	0	0.0171099577926	0.134848213854	-0.990718531453	0	72.4049562426	-41.9764998564	69.9841367632	1	1.05527638191	0
-0.999785923875	0.0138370708944	-0.0153831690638	0	0.0116371133569	0.990792204427	0.134890271109	0	0.0171080102321	0.13468237864	-0.990741123034	0	72.4079890384	-42.0408830764	69.729116376	1	1.08040201005	0
-0.999785923875	0.0138370708944	-0.0153831690638	0	0.0116400039285	0.990814947543	0.134722863813	0	0.0171060436667	0.134514962716	-0.990763901278	0	72.4110156366	-42.1057016357	69.4741071983	1	1.10552763819	0
-0.999785923875	0.0138370708944	-0.0153831690638	0	0.0116429200674	0.990837865804	0.134553952384	0	0.0171040589828	0.134346042588	-0.990786854983	0	72.4140361772	-42.1709426508	69.2191117194	1	1.13065326633	0
-0.999785923875	0.0138370708944	-0.0153831690638	0	0.0116458605221	0.990860948692	0.134383608708	0	0.0171020570132	0.134175690144	-0.990809973618	0	72.4170507851	-42.2365944059	68.9641323633	1	1.15577889447	0
-0.999785923875	0.0138370708944	-0.0153831690638	0	0.0116488241128	0.990884186296	0.134211900533	0	0.017100038543	0.134003973139	-0.990833247254	0	72.4200595712	-42.3026462501	68.7091715041	1	1.18090452261	0
-0.999785923875	0.0138370708944	-0.0153831690638	0	0.0116518097244	0.990907569245	0.134038891904	0	0.0170980043142	0.133830955618	-0.99085666651	0	72.4230626333	-42.3690885083	68.4542314796	1	1.20603015075	0
-0.999785923875	0.0138370708944	-0.0153831690638	0	0.0116548162996	0.990931088655	0.133864643557	0	0.0170959550305	0.133656698324	-0.990880222486	0	72.4260600574	-42.4359124042	68.1993146051	1	1.23115577889	0
-0.999785923875	0.0138370708944	-0.0153831690638	0	0.011657842832	0.990954736076	0.133689213288	0	0.0170938913617	0.133481259052	-0.990903906724	0	72.4290519179	-42.5031099931	67.9444231857	1	1.25628140704	0
-0.999785923875	0.0138370708944	-0.0153831690638	0	0.0116608883612	0.990978503448	0.133512656275	0	0.0170918139473	0.133304692986	-0.990927711149	0	72.4320382785	-42.5706741037	67.6895595298	1	1.28140703518	0
-0.999785923875	0.0138370708944	-0.0153831690638	0	0.0116639519666	0.991002383057	0.133335025404	0	0.0170897234004	0.133127053013	-0.990951628037	0	72.4350191928	-42.6385982874	67.434725961	1	1.30653266332	0
-0.999785923875	0.0138370708944	-0.0153831690638	0	0.011667032763	0.991026367492	0.133156371544	0	0.0170876203109	0.132948390007	-0.990975649967	0	72.4379947044	-42.7068767746	67.1799248306	1	1.33165829146	0
-0.999785923875	0.0138370708944	-0.0153831690638	0	0.0116701298951	0.991050449606	0.132976743849	0	0.017085505249	0.132768753122	-0.99099976978	0	72.4409648474	-42.7755044372	66.9251585309	1	1.3567839196	0
-0.999785923875	0.0138370708944	-0.0153831690638	0	0.0116732425334	0.991074622481	0.132796190016	0	0.0170833787683	0.132588190059	-0.991023980551	0	72.4439296469	-42.8444767562	66.6704295089	1	1.38190954774	0
-0.999785923875	0.0138370708944	-0.0153831690638	0	0.011676369869	0.991098879391	0.132614756559	0	0.0170812414088	0.132406747334	-0.991048275541	0	72.4468891185	-42.9137897946	66.4157402806	1	1.40703517588	0
-0.999785923875	0.0138370708944	-0.0153831690638	0	0.0116795111095	0.991123213763	0.132432489068	0	0.0170790937004	0.13222447054	-0.991072648169	0	72.4498432689	-42.9834401749	66.1610934451	1	1.43216080402	0
-0.999785923875	0.0138370708944	-0.0153831690638	0	0.011682665474	0.991147619143	0.132249432492	0	0.0170769361656	0.132041404628	-0.991097091972	0	72.452792096	-43.0534250604	65.9064917022	1	1.45728643216	0
-0.999785923875	0.0138370708944	-0.0153831690638	0	0.0116858321885	0.991172089159	0.132065631401	0	0.0170747693233	0.13185759417	-0.991121600568	0	72.4557355884	-43.1237421406	65.6519378698	1	1.4824120603	0
-0.999785923875	0.0138370708944	-0.0153831690638	0	0.0116890104809	0.991196617482	0.13188113029	0	0.0170725936917	0.131673083664	-0.991146167618	0	72.4586737253	-43.1943896208	65.3974349035	1	1.50753768844	0
-0.999785923875	0.0138370708944	-0.0153831690638	0	0.0116921995753	0.991221197782	0.131695973879	0	0.0170704097922	0.131487917832	-0.991170786784	0	72.4616064768	-43.2653662147	65.1429859181	1	1.53266331658	0
-0.999785923875	0.0138370708944	-0.0153831690638	0	0.0116953986868	0.99124582369	0.13151020746	0	0.0170682181536	0.131302141969	-0.991195451686	0	72.4645338027	-43.3366711414	64.8885942131	1	1.55778894472	0
-0.999785923875	0.0138370708944	-0.0153831690638	0	0.011698607015	0.991270488746	0.131323877244	0	0.0170660193159	0.131115802287	-0.991220155856	0	72.467455653	-43.4083041247	64.6342632989	1	1.58291457286	0
-0.999785923875	0.0138370708944	-0.0153831690638	0	0.0117018237368	0.991295186349	0.131137030784	0	0.0170638138356	0.130928946343	-0.991244892681	0	72.4703719666	-43.4802653976	64.3799969301	1	1.60804020101	0
-0.999785923875	0.0138370708944	-0.0153831690638	0	0.0117050479987	0.991319909694	0.13094971743	0	0.0170616022908	0.130741623489	-0.991269655348	0	72.4732826711	-43.5525557093	64.12579914	1	1.63316582915	0
-0.999785923875	0.0138370708944	-0.0153831690638	0	0.0117082789079	0.991344651712	0.130761988849	0	0.0170593852878	0.130553885395	-0.991294436775	0	72.4761876819	-43.6251763367	63.8716742835	1	1.65829145729	0
-0.999785923875	0.0138370708944	-0.0153831690638	0	0.0117115155217	0.991369404983	0.130573899639	0	0.0170571634678	0.130365786661	-0.991319229533	0	72.479086901	-43.6981291006	63.6176270853	1	1.68341708543	0
-0.999785923875	0.0138370708944	-0.0153831690638	0	0.0117147896112	0.991394411828	0.130383602884	0	0.0170549150026	0.130175480278	-0.991344276328	0	72.4819756398	-43.7717671422	63.3636446212	1	1.70854271357	0
-0.999785923875	0.0138370708944	-0.0153831690638	0	0.0117181533456	0.991420068742	0.13018806465	0	0.0170526040109	0.129979932159	-0.991369974294	0	72.4848464066	-43.8466561747	63.1097049353	1	1.73366834171	0
-0.999785923875	0.0138370708944	-0.0153831690638	0	0.0117215963845	0.991446294201	0.129987883638	0	0.0170502375227	0.129779741036	-0.991396241781	0	72.4877004312	-43.9226919129	62.8558219073	1	1.75879396985	0
-0.999785923875	0.0138370708944	-0.0153831690638	0	0.0117251079177	0.991473003481	0.129783686233	0	0.0170478229021	0.129575533327	-0.991422993932	0	72.4905389366	-43.999770326	62.6020096318	1	1.78391959799	0
-0.999785923875	0.0138370708944	-0.0153831690638	0	0.0117286777903	0.991500117256	0.129576061055	0	0.0170453670736	0.12936789768	-0.991450151299	0	72.493362985	-44.0777991984	62.3482820127	1	1.80904522613	0
-0.999785923875	0.0138370708944	-0.0153831690638	0	0.0117322963534	0.991527560444	0.129365567686	0	0.0170428766251	0.129157393708	-0.991477638682	0	72.4961734994	-44.156696254	62.0946530675	1	1.83417085427	0
-0.999785923875	0.0138370708944	-0.0153831690638	0	0.0117359543236	0.991555261138	0.129152744784	0	0.017040357904	0.128944560096	-0.991505384062	0	72.4989712799	-44.2363876444	61.8411372288	1	1.85929648241	0
-0.999785923875	0.0138370708944	-0.0153831690638	0	0.0117396426492	0.991583149586	0.128938117903	0	0.0170378171093	0.128729922423	-0.991533317575	0	72.5017570156	-44.3168067204	61.5877496622	1	1.88442211055	0
-0.999785923875	0.0138370708944	-0.0153831690638	0	0.0117433523746	0.991611157162	0.128722207357	0	0.0170352603851	0.12851400103	-0.991561370487	0	72.5045312931	-44.39789303	61.3345066155	1	1.90954773869	0
-0.999785923875	0.0138370708944	-0.0153831690638	0	0.011747074498	0.991639215301	0.128505536524	0	0.0170326939185	0.128297319324	-0.991589474123	0	72.5072946018	-44.479591496	61.0814258256	1	1.93467336683	0
-0.999785923875	0.0138370708944	-0.0153831690638	0	0.0117507998141	0.991667254323	0.128288640987	0	0.0170301240486	0.128080412912	-0.99161755869	0	72.5100473355	-44.561851745	60.8285270046	1	1.95979899497	0
-0.999785923875	0.0138370708944	-0.0153831690638	0	0.0117545187331	0.991695202084	0.128072079129	0	0.0170275573919	0.127863840205	-0.991645551927	0	72.5127897909	-44.6446275616	60.5758324449	1	1.98492462312	0
-0.999785923875	0.0138370708944	-0.0153831690638	0	0.0117582210615	0.99172298236	0.127856444875	0	0.0170250009942	0.12764819516	-0.991673377485	0	72.5155221614	-44.7278764539	60.3233677922	1	2.01005025126	0
-0.999785923875	0.0138370708944	-0.0153831690638	0	0.0117618957278	0.991750512822	0.127642383737	0	0.0170224625208	0.127434123319	-0.9917009529	0	72.5182445265	-44.8115593238	60.0711630598	1	2.0351758794	0
-0.999785923875	0.0138370708944	-0.0153831690638	0	0.0117655304247	0.991777702407	0.127430613678	0	0.0170199505054	0.127222342682	-0.991728186958	0	72.5209568333	-44.8956402391	59.8192539938	1	2.06030150754	0
-0.999785923875	0.0138370708944	-0.0153831690638	0	0.0117691111269	0.991804447775	0.127221953286	0	0.0170174746853	0.127013671877	-0.991754976147	0	72.5236588697	-44.9800863213	59.5676839572	1	2.08542713568	0
-0.999785923875	0.0138370708944	-0.0153831690638	0	0.0117726214173	0.991830628366	0.127017361094	0	0.0170150464691	0.126809069484	-0.991781199706	0	72.5263502226	-45.0648677715	59.3165066024	1	2.11055276382	0
-0.999785923875	0.0138370708944	-0.0153831690638	0	0.0117760482149	0.99185614913	0.126817601779	0	0.0170126749755	0.126609300218	-0.991806762423	0	72.529030684	-45.1499545929	59.0657624329	1	2.13567839196	0
-0.999785923875	0.0138370708944	-0.0153831690638	0	0.0117794000355	0.99188107602	0.126622181189	0	0.0170103543815	0.126413869901	-0.991831730356	0	72.5317015338	-45.2353068476	58.8154041866	1	2.1608040201	0
-0.999785923875	0.0138370708944	-0.0153831690638	0	0.011782670342	0.99190536286	0.126431482664	0	0.0170080892811	0.126223161892	-0.991856057249	0	72.5343629786	-45.320893538	58.5654463145	1	2.18592964824	0
-0.999785923875	0.0138370708944	-0.0153831690638	0	0.0117858504124	0.991928947497	0.126246017152	0	0.0170058857881	0.126037687164	-0.99187968084	0	72.5370150567	-45.4066856568	58.3159124295	1	2.21105527638	0
-0.999785923875	0.0138370708944	-0.0153831690638	0	0.0117889312834	0.991951766266	0.126066309934	0	0.0170037501916	0.125857971023	-0.991902537354	0	72.5396577774	-45.4926549682	58.0668273181	1	2.23618090452	0
-0.999785923875	0.0138370708944	-0.0153831690638	0	0.0117919037364	0.991973753876	0.125892901416	0	0.0170016889647	0.125684553903	-0.991924561387	0	72.5422911239	-45.5787738183	57.8182169417	1	2.26130653266	0
-0.999785923875	0.0138370708944	-0.0153831690638	0	0.0117947582909	0.991994843343	0.125726347506	0	0.0169997087693	0.125517991736	-0.991945685838	0	72.5449150565	-45.6650149505	57.5701084073	1	2.2864321608	0
-0.999785923875	0.0138370708944	-0.0153831690638	0	0.0117974852064	0.992014965983	0.12556721948	0	0.0169978164535	0.125358855827	-0.991965841903	0	72.5475295157	-45.7513513187	57.322529904	1	2.31155778894	0
-0.999785923875	0.0138370708944	-0.0153831690638	0	0.0118000744946	0.992034051476	0.125416103245	0	0.0169960190428	0.12520773211	-0.991984959138	0	72.5501344269	-45.8377558963	57.0755105973	1	2.33668341709	0
-0.999785923875	0.0138370708944	-0.0153831690638	0	0.0118025159447	0.992052028021	0.125273597841	0	0.0169943237217	0.125065219657	-0.992002965617	0	72.5527297052	-45.924201476	56.8290804693	1	2.36180904523	0
-0.999785923875	0.0138370708944	-0.0153831690638	0	0.0118047991625	0.992068822587	0.125140313122	0	0.0169927378052	0.124931928347	-0.99201978818	0	72.5553152621	-46.010660458	56.5832700976	1	2.38693467337	0
-0.999785923875	0.0138370708944	-0.0153831690638	0	0.0118069136275	0.992084361289	0.125016866369	0	0.0169912686982	0.124808475495	-0.992035352814	0	72.5578910132	-46.0971046185	56.3381103609	1	2.41206030151	0
-0.999785923875	0.0138370708944	-0.0153831690638	0	0.0118088487694	0.9920985699	0.124903877813	0	0.016989923841	0.124695481358	-0.99204958516	0	72.5604568873	-46.183504858	56.0936320604	1	2.43718592965	0
-0.999785923875	0.0138370708944	-0.0153831690638	0	0.0118105940666	0.992111374519	0.124801964799	0	0.0169887106391	0.124593563313	-0.992062411188	0	72.5630128377	-46.2698309206	55.8498654463	1	2.46231155779	0
-0.999785923875	0.0138370708944	-0.0153831690638	0	0.0118121391683	0.992122702401	0.124711734611	0	0.0169876363763	0.124503328672	-0.992073758024	0	72.5655588553	-46.3560510803	55.6068396419	1	2.48743718593	0
-0.999785923875	0.0138370708944	-0.0153831690638	0	0.0118134740423	0.99213248297	0.124633775785	0	0.0169867081106	0.124425366	-0.992083554971	0	72.5680949843	-46.4421317883	55.364581957	1	2.51256281407	0
-0.999785923875	0.0138370708944	-0.0153831690638	0	0.0118145891471	0.992140649013	0.124568647983	0	0.0169859325522	0.124360234987	-0.992091734695	0	72.5706213396	-46.5280372739	55.1231170923	1	2.53768844221	0
-0.999785923875	0.0138370708944	-0.0153831690638	0	0.0118154756279	0.99214713803	0.124516870482	0	0.0169853159249	0.124308454933	-0.992098234589	0	72.5731381275	-46.6137290921	54.8824662372	1	2.56281407035	0
-0.999785923875	0.0138370708944	-0.0153831690638	0	0.0118161255323	0.992151893746	0.12447890951	0	0.0169848638142	0.124270492091	-0.99210299828	0	72.5756456672	-46.6991656104	54.6426460754	1	2.58793969849	0
-0.999785923875	0.0138370708944	-0.0153831690638	0	0.0118165320388	0.99215486771	0.124455164819	0	0.0169845810063	0.12424674623	-0.992105977232	0	72.5781444162	-46.7843014251	54.4036677238	1	2.61306532663	0
-0.999785923875	0.0138370708944	-0.0153831690638	0	0.0118166896903	0.992156020934	0.124445956021	0	0.0169844713237	0.124237536978	-0.99210713239	0	72.5806349957	-46.8690866982	54.1655356375	1	2.63819095477	0
-0.999785923875	0.0138370708944	-0.0153831690638	0	0.0118165946177	0.992155325485	0.124451509445	0	0.0169845374686	0.124243090676	-0.992106435775	0	72.5831182178	-46.9534664001	53.9282465311	1	2.66331658291	0
-0.999785923875	0.0138370708944	-0.0153831690638	0	0.0118162447403	0.992152765915	0.124471946429	0	0.0169847808823	0.124263528667	-0.992103871911	0	72.5855951131	-47.0373794439	53.6917883779	1	2.68844221106	0
-0.999785923875	0.0138370708944	-0.0153831690638	0	0.0118156399222	0.992148340389	0.124507274152	0	0.0169852016359	0.124298858131	-0.992099438964	0	72.5880669572	-47.1207576881	53.4561395547	1	2.7135678392	0
-0.999785923875	0.0138370708944	-0.0153831690638	0	0.0118147820664	0.992142061387	0.124557380156	0	0.0169857983653	0.124348966604	-0.992093149436	0	72.5905352971	-47.203524778	53.221268213	1	2.73869346734	0
-0.999785923875	0.0138370708944	-0.0153831690638	0	0.011813675124	0.992133955803	0.124622031849	0	0.0169865682658	0.124413621485	-0.992085030271	0	72.5930019744	-47.2855947825	52.9871319515	1	2.76381909548	0
-0.999785923875	0.0138370708944	-0.0153831690638	0	0.0118123249994	0.992124064313	0.124700882067	0	0.0169875071594	0.124492475593	-0.992075122217	0	72.5954691475	-47.3668705651	52.7536778625	1	2.78894472362	0
-0.999785923875	0.0138370708944	-0.0153831690638	0	0.0118107393344	0.992112439867	0.124793481795	0	0.0169886096475	0.12458507989	-0.992063478317	0	72.5979393117	-47.4472417999	52.5208430121	1	2.81407035176	0
-0.999785923875	0.0138370708944	-0.0153831690638	0	0.0118089271564	0.992099145203	0.124899300749	0	0.0169898693579	0.124690904068	-0.992050161424	0	72.6004153185	-47.5265825063	52.2885553896	1	2.8391959799	0
-0.999785923875	0.0138370708944	-0.0153831690638	0	0.0118068983843	0.99208424932	0.125017756342	0	0.0169912792904	0.124809365511	-0.992035240659	0	72.6029003972	-47.6047479169	52.0567353442	1	2.86432160804	0
-0.999785923875	0.0138370708944	-0.0153831690638	0	0.0118046631871	0.992067822856	0.125148251206	0	0.016992832266	0.124939866824	-0.992018786783	0	72.6053981811	-47.6815704133	51.825297495	1	2.88944723618	0
-0.999785923875	0.0138370708944	-0.0153831690638	0	0.0118022311959	0.992049932361	0.125290219259	0	0.0169945214755	0.125081841897	-0.992000866465	0	72.6079127468	-47.7568541348	51.5941530857	1	2.91457286432	0
-0.999785923875	0.0138370708944	-0.0153831690638	0	0.0117996105689	0.992030633452	0.125443180301	0	0.0169963411299	0.125234810507	-0.991981535426	0	72.6104486718	-47.8303676771	51.3632127481	1	2.93969849246	0
-0.999785923875	0.0138370708944	-0.0153831690638	0	0.0117968069077	0.992009962811	0.125606803277	0	0.0169982872127	0.125398441585	-0.991960830416	0	72.6130111268	-47.9018339824	51.1323896478	1	2.9648241206	0
-0.999785923875	0.0138370708944	-0.0153831690638	0	0.01179382201	0.991987928905	0.125780978962	0	0.0170003583427	0.125572625899	-0.991938759925	0	72.6156060187	-47.9709160186	50.9016030364	1	2.98994974874	0
-0.999785923875	0.0138370708944	-0.0153831690638	0	0.0117906524297	0.991964501173	0.125965903831	0	0.0170025567684	0.125757559939	-0.99191529335	0	72.6182402162	-48.0371959599	50.6707823387	1	3.01507537688	0
-0.999785923875	0.0138370708944	-0.0153831690638	0	0.0117873207184	0.991939841165	0.126160257532	0	0.0170048667053	0.125951923285	-0.99189059252	0	72.620916362	-48.1005706072	50.4398486249	1	3.04020100503	0
-0.999785923875	0.0138370708944	-0.0153831690638	0	0.0117838666479	0.99191423884	0.126361716009	0	0.0170072604556	0.12615339177	-0.991864947882	0	72.6236338154	-48.1611807599	50.2087168846	1	3.06532663317	0
-0.999785923875	0.0138370708944	-0.0153831690638	0	0.0117802999281	0.991887762381	0.126569709541	0	0.017009731185	0.126361395643	-0.991838427737	0	72.6263965838	-48.218798976	49.977331252	1	3.09045226131	0
-0.999785923875	0.0138370708944	-0.0153831690638	0	0.0117766284165	0.991860466498	0.126783776649	0	0.0170122733496	0.126575473404	-0.991811086895	0	72.6292087216	-48.2731808501	49.7456480635	1	3.11557788945	0
-0.999785923875	0.0138370708944	-0.0153831690638	0	0.0117728584118	0.991832394542	0.127003546966	0	0.0170148824914	0.126795254668	-0.991782968783	0	72.6320742962	-48.3240666869	49.5136365655	1	3.14070351759	0
-0.999785923875	0.0138370708944	-0.0153831690638	0	0.0117689951049	0.991803581798	0.127228714869	0	0.0170175549243	0.127020433797	-0.99175410875	0	72.6349973473	-48.3711841346	49.2812791949	1	3.16582914573	0
-0.999785923875	0.0138370708944	-0.0153831690638	0	0.0117650432267	0.991774060282	0.127459001679	0	0.0170202872848	0.127250732101	-0.991724538872	0	72.6379818221	-48.4142530892	49.0485713512	1	3.19095477387	0
-0.999785923875	0.0138370708944	-0.0153831690638	0	0.0117610078762	0.991743864929	0.127694107421	0	0.0170230759594	0.127485849588	-0.991694294145	0	72.641031476	-48.4529938285	48.815520578	1	3.21608040201	0
-0.999785923875	0.0138370708944	-0.0153831690638	0	0.0117568954832	0.991713040845	0.127933654784	0	0.0170259164211	0.127725408932	-0.991663419757	0	72.6441497227	-48.4871395202	48.5821450319	1	3.24120603015	0
-0.999785923875	0.0138370708944	-0.0153831690638	0	0.0117527148215	0.991681651028	0.128177130208	0	0.017028802533	0.127968896546	-0.991631978811	0	72.6473394209	-48.5164543048	48.348471064	1	3.26633165829	0
-0.999785923875	0.0138370708944	-0.0153831690638	0	0.0117484358622	0.991649466777	0.128426279616	0	0.0170317549352	0.128218058441	-0.991599742242	0	72.6505996429	-48.5407800855	48.1147011867	1	3.29145728643	0
-0.999785923875	0.0138370708944	-0.0153831690638	0	0.0117438842985	0.991615169555	0.128691245581	0	0.0170348936881	0.1284830377	-0.991565389382	0	72.6539178838	-48.5601241235	47.8816415728	1	3.31658291457	0
-0.999785923875	0.0138370708944	-0.0153831690638	0	0.0117390631056	0.991578770298	0.128971844571	0	0.0170382164203	0.128763650786	-0.991528931205	0	72.657292143	-48.5745266101	47.649386112	1	3.34170854271	0
-0.999785923875	0.0138370708944	-0.0153831690638	0	0.0117340034018	0.991540492577	0.129266255243	0	0.017041701369	0.129058076265	-0.991490591667	0	72.66072009	-48.5841772525	47.4179156139	1	3.36683417085	0
-0.999785923875	0.0138370708944	-0.0153831690638	0	0.0117287389574	0.991500581485	0.129572503245	0	0.0170453249852	0.129364339692	-0.991450616275	0	72.6641970008	-48.589462101	47.1871898606	1	3.39195979899	0
-0.999785923875	0.0138370708944	-0.0153831690638	0	0.0117233044038	0.991459290449	0.129888565765	0	0.0170490631777	0.129680418151	-0.99140925888	0	72.6677155499	-48.590984299	46.9571424232	1	3.41708542714	0
-0.999785923875	0.0138370708944	-0.0153831690638	0	0.0117177334561	0.991416867949	0.13021247509	0	0.0170528925415	0.130004343834	-0.991366768376	0	72.6712658687	-48.5895622898	46.7276784978	1	3.44221105528	0
-0.999785923875	0.0138370708944	-0.0153831690638	0	0.0117120577638	0.991373548817	0.130542385485	0	0.0170567911495	0.130334270912	-0.991323379983	0	72.6748359347	-48.5861991469	46.4986771981	1	3.46733668342	0
-0.999785923875	0.0138370708944	-0.0153831690638	0	0.0117063068247	0.991329553518	0.130876578129	0	0.0170607386097	0.130668480481	-0.991279314526	0	72.678412286	-48.5820229453	46.2699987485	1	3.49246231156	0
-0.999785923875	0.0138370708944	-0.0153831690638	0	0.0117005089262	0.991285095262	0.131213406333	0	0.0170647154166	0.131005325768	-0.991234785562	0	72.6819809688	-48.5782059853	46.0414955511	1	3.5175879397	0
-0.999785923875	0.0138370708944	-0.0153831690638	0	0.0116946925647	0.991240390873	0.1315512131	0	0.0170687019776	0.131343149693	-0.991190010261	0	72.6855285582	-48.5758770641	45.8130247841	1	3.54271356784	0
-0.999785923875	0.0138370708944	-0.0153831690638	0	0.0116888875545	0.991195669384	0.131888266736	0	0.0170726778544	0.131680220473	-0.991145218022	0	72.6890430699	-48.5760429866	45.5844597032	1	3.56783919598	0
-0.999785923875	0.0138370708944	-0.0153831690638	0	0.0116831252394	0.991151173791	0.132222748716	0	0.0170766216221	0.132014719491	-0.99110065222	0	72.6925146206	-48.5795322802	45.355697403	1	3.59296482412	0
-0.999785923875	0.0138370708944	-0.0153831690638	0	0.0116774376905	0.991107154943	0.132552800307	0	0.01708051142	0.132344787919	-0.991056564097	0	72.6959357638	-48.5869672461	45.1266620927	1	3.61809045226	0
-0.999785923875	0.0138370708944	-0.0153831690638	0	0.0116718562251	0.991063860046	0.132876608488	0	0.017084325964	0.132668612641	-0.991013201237	0	72.6993015144	-48.598763082	44.8973042866	1	3.6432160804	0
-0.999785923875	0.0138370708944	-0.0153831690638	0	0.0116663521575	0.9910210714	0.133195841785	0	0.0170880849928	0.132987862268	-0.990970345591	0	72.7026275412	-48.6136467208	44.6677507594	1	3.66834170854	0
-0.999785923875	0.0138370708944	-0.0153831690638	0	0.0116607870382	0.990977713181	0.133518530636	0	0.0170918830745	0.133310567648	-0.99092691965	0	72.7059622442	-48.6276792371	44.4383989237	1	3.69346733668	0
-0.999785923875	0.0138370708944	-0.0153831690638	0	0.0116551567803	0.990933750365	0.133844909161	0	0.0170957229098	0.133636962914	-0.990882888338	0	72.7093082212	-48.6406602097	44.2092602214	1	3.71859296482	0
-0.999785923875	0.0138370708944	-0.0153831690638	0	0.0116494656737	0.990889213238	0.134174725783	0	0.0170996014837	0.133966796478	-0.990838281997	0	72.7126652857	-48.6526163007	43.9803227961	1	3.74371859296	0
-0.999785923875	0.0138370708944	-0.0153831690638	0	0.0116437182892	0.99084413456	0.134507712907	0	0.0171035155972	0.13429980073	-0.990793133443	0	72.7160331239	-48.663584654	43.7515736303	1	3.76884422111	0
-0.999785923875	0.0138370708944	-0.0153831690638	0	0.0116379194734	0.990798549561	0.134843587234	0	0.0171074618723	0.134635692359	-0.990747477964	0	72.7194112946	-48.6736130541	43.5229984146	1	3.79396984925	0
-0.999785923875	0.0138370708944	-0.0153831690638	0	0.0116320743356	0.990752495863	0.135182050542	0	0.0171114367613	0.134974173127	-0.990701353245	0	72.7227992335	-48.682759722	43.2945814579	1	3.81909547739	0
-0.999785923875	0.0138370708944	-0.0153831690638	0	0.0116261882267	0.990706013349	0.135522790927	0	0.0171154365618	0.135314931114	-0.990654799236	0	72.7261962618	-48.691092719	43.066305647	1	3.84422110553	0
-0.999785923875	0.0138370708944	-0.0153831690638	0	0.0116202667149	0.990659143998	0.135865484268	0	0.0171194574347	0.135657642184	-0.990607857981	0	72.7296016003	-48.6986889512	42.8381524545	1	3.86934673367	0
-0.999785923875	0.0138370708944	-0.0153831690638	0	0.0116143155569	0.990611931676	0.136209795884	0	0.0171234954238	0.136001971639	-0.99056057342	0	72.733014387	-48.7056328083	42.6101019967	1	3.89447236181	0
-0.999785923875	0.0138370708944	-0.0153831690638	0	0.0116083406704	0.99056442195	0.13655538215	0	0.0171275464753	0.136347575836	-0.99051299119	0	72.7364336988	-48.7120144934	42.3821331309	1	3.91959798995	0
-0.999785923875	0.0138370708944	-0.0153831690638	0	0.0116023481091	0.990516661895	0.136901891973	0	0.0171316064553	0.136694103664	-0.99046515844	0	72.7398585756	-48.7179281329	42.1542235848	1	3.94472361809	0
-0.999785923875	0.0138370708944	-0.0153831690638	0	0.0115963440417	0.990468699953	0.137248968003	0	0.0171356711642	0.137041197755	-0.990417123687	0	72.743288046	-48.7234697731	41.9263501022	1	3.96984924623	0
-0.999785923875	0.0138370708944	-0.0153831690638	0	0.0115903347387	0.99042058583	0.137596247422	0	0.0171397363465	0.137388495272	-0.990368936712	0	72.7467211527	-48.7287353729	41.6984885886	1	3.99497487437	0
-0.999785923875	0.0138370708944	-0.0153831690638	0	0.0115843265658	0.990372370459	0.137943362324	0	0.0171437976948	0.13773562829	-0.990320648528	0	72.7501569767	-48.7338189026	41.4706142403	1	4.02010050251	0
-0.999785923875	0.0138370708944	-0.0153831690638	0	0.0115783259871	0.990324106034	0.138289939534	0	0.0171478508484	0.138082223613	-0.990272311404	0	72.7535946596	-48.7388106367	41.2427016439	1	4.04522613065	0
-0.999785923875	0.0138370708944	-0.0153831690638	0	0.0115723395781	0.990275846117	0.138635599882	0	0.0171518913847	0.138427902053	-0.990223978984	0	72.7570334229	-48.743795708	41.0147248279	1	4.07035175879	0
-0.999785923875	0.0138370708944	-0.0153831690638	0	0.0115663740484	0.990227645835	0.138979956881	0	0.0171559148038	0.138772277103	-0.990175706476	0	72.7604725835	-48.7488529645	40.7866572612	1	4.09547738693	0
-0.999785923875	0.0138370708944	-0.0153831690638	0	0.0115604362768	0.990179562172	0.139322614714	0	0.0171599165054	0.139114952923	-0.990127550944	0	72.7639115664	-48.7540541389	40.5584717853	1	4.12060301508	0
-0.999785923875	0.0138370708944	-0.0153831690638	0	0.0115545333577	0.990131654347	0.139663165574	0	0.0171638917577	0.139455521685	-0.990079571697	0	72.7673499143	-48.7594633232	40.3301404787	1	4.14572864322	0
-0.999785923875	0.0138370708944	-0.0153831690638	0	0.0115486726623	0.990083984337	0.140001186134	0	0.0171678356563	0.139793560039	-0.990031830797	0	72.770787294	-48.7651367168	40.1016344426	1	4.17085427136	0
-0.999785923875	0.0138370708944	-0.0153831690638	0	0.011542861915	0.990036617504	0.140336233168	0	0.0171717430738	0.140128624735	-0.9899843937	0	72.7742235014	-48.7711226084	39.8729235072	1	4.1959798995	0
-0.999785923875	0.0138370708944	-0.0153831690638	0	0.0115371092889	0.989989623404	0.140667838048	0	0.0171756085959	0.14046024712	-0.989937330061	0	72.777658465	-48.7774615433	39.6439758453	1	4.22110552764	0
-0.999785923875	0.0138370708944	-0.0153831690638	0	0.011531423502	0.989943076598	0.140995501233	0	0.0171794264572	0.140787927625	-0.989890714545	0	72.7810922575	-48.7841859552	39.4147575651	1	4.24623115578	0
-0.999785923875	0.0138370708944	-0.0153831690638	0	0.0115258039328	0.989896975505	0.141319261708	0	0.017183197173	0.141111705238	-0.989844545562	0	72.7845287265	-48.7910185842	39.1852679901	1	4.27135678392	0
-0.999785923875	0.0138370708944	-0.0153831690638	0	0.0115202522915	0.989851337649	0.141639024078	0	0.0171869196927	0.141431484556	-0.989798840658	0	72.7879712488	-48.797726406	38.9554972628	1	4.29648241206	0
-0.999785923875	0.0138370708944	-0.0153831690638	0	0.0115147795648	0.989806257111	0.14195415892	0	0.0171905867543	0.141746636123	-0.989753694045	0	72.7914203595	-48.8043194534	38.7254015804	1	4.3216080402	0
-0.999785923875	0.0138370708944	-0.0153831690638	0	0.0115093981593	0.989761840378	0.142263955679	0	0.0171941901639	0.142056449345	-0.989709212357	0	72.7948767551	-48.8108024957	38.4949313872	1	4.34673366834	0
-0.999785923875	0.0138370708944	-0.0153831690638	0	0.0115041223197	0.989718209881	0.142567598699	0	0.0171977205186	0.142360108521	-0.989665518198	0	72.7983413017	-48.817176273	38.264029724	1	4.37185929648	0
-0.999785923875	0.0138370708944	-0.0153831690638	0	0.0114989686458	0.989675508398	0.142864137546	0	0.0172011668635	0.142656663166	-0.989622754545	0	72.8018150587	-48.823438086	38.0326301652	1	4.39698492462	0
-0.999785923875	0.0138370708944	-0.0153831690638	0	0.0114939567687	0.989633904796	0.143152448239	0	0.0172045162438	0.142944989237	-0.989581090499	0	72.8052993181	-48.8295819652	37.8006541143	1	4.42211055276	0
-0.999785923875	0.0138370708944	-0.0153831690638	0	0.0114891102675	0.989593601814	0.143431180692	0	0.0172077530969	0.143223736575	-0.989540729083	0	72.8087956632	-48.8355985066	37.5680071317	1	4.4472361809	0
-0.999785923875	0.0138370708944	-0.0153831690638	0	0.0114844579488	0.989554846923	0.1436986853	0	0.0172108584041	0.143491255485	-0.989501918115	0	72.8123060543	-48.841474374	37.3345737999	1	4.47236180905	0
-0.999785923875	0.0138370708944	-0.0153831690638	0	0.0114800360327	0.989517950801	0.143952887487	0	0.0172138082385	0.143745471276	-0.989464968705	0	72.8158329795	-48.8471911918	37.1002089431	1	4.49748743719	0
-0.999785923875	0.0138370708944	-0.0153831690638	0	0.0114758935077	0.989483332396	0.144190980227	0	0.0172165702038	0.143983576771	-0.98943030039	0	72.8193798274	-48.8527225273	36.8647161082	1	4.52261306533	0
-0.999785923875	0.0138370708944	-0.0153831690638	0	0.0114720472785	0.989451143775	0.144412001625	0	0.0172191333296	0.144204610021	-0.98939806544	0	72.822947746	-48.8580602531	36.6280279956	1	4.54773869347	0
-0.999785923875	0.0138370708944	-0.0153831690638	0	0.0114685007947	0.989421424187	0.144615762795	0	0.0172214956059	0.144408382126	-0.989368303141	0	72.8265369455	-48.8632038416	36.3901314119	1	4.57286432161	0
-0.999785923875	0.0138370708944	-0.0153831690638	0	0.0114652563494	0.989394202506	0.144802140674	0	0.0172236557741	0.144594770016	-0.989341042394	0	72.8301475587	-48.8681532561	36.1510177679	1	4.59798994975	0
-0.999785923875	0.0138370708944	-0.0153831690638	0	0.0114623148199	0.98936949497	0.144971092851	0	0.0172256134971	0.144763731274	-0.989316299445	0	72.8337796216	-48.8729091603	35.9106841176	1	4.62311557789	0
-0.999785923875	0.0138370708944	-0.0153831690638	0	0.0114596753677	0.98934730258	0.145122674719	0	0.0172273695569	0.144915321296	-0.989294075284	0	72.8374330523	-48.8774731423	35.6691343593	1	4.64824120603	0
-0.999785923875	0.0138370708944	-0.0153831690638	0	0.0114573350973	0.989327608166	0.145257059013	0	0.0172289260794	0.145049712822	-0.989274352703	0	72.8411076264	-48.8818479593	35.4263806034	1	4.67336683417	0
-0.999785923875	0.0138370708944	-0.0153831690638	0	0.0114552886737	0.989310373101	0.145374557735	0	0.0172302867876	0.145167217871	-0.989257093011	0	72.8448029494	-48.8860378027	35.182444708	1	4.69849246231	0
-0.999785923875	0.0138370708944	-0.0153831690638	0	0.0114535279034	0.98929553374	0.145475646144	0	0.0172314572787	0.145268311726	-0.989242232463	0	72.8485184275	-48.8900485836	34.9373599592	1	4.72361809045	0
-0.999785923875	0.0138370708944	-0.0153831690638	0	0.01145204129	0.989282997651	0.145560988277	0	0.0172324453191	0.145353658458	-0.989229678488	0	72.8522532353	-48.8938882363	34.6911728566	1	4.74874371859	0
-0.999785923875	0.0138370708944	-0.0153831690638	0	0.0114508135802	0.989272639798	0.145631463001	0	0.0172332611462	0.145424136981	-0.989219305864	0	72.8560062838	-48.8975670318	34.4439449389	1	4.77386934673	0
-0.999785923875	0.0138370708944	-0.0153831690638	0	0.011449825323	0.989264298849	0.145688189372	0	0.0172339177628	0.14548086641	-0.989210953026	0	72.8597761886	-48.9010978959	34.1957545588	1	4.79899497487	0
