0.9978638775683795,-0.05519387498497963,-0.03494806409626544,0.0,0.051794608616183194,0.9944428205490112,-0.09165559798886638,0.0,0.039812679915527616,0.08964968472719193,0.9951773054140534,0.0,-182.17724955946125,-139.60821914672852,103.01619937903487,1.0
0.9977955667641767,-0.05681110918521881,-0.034300362318362754,0.0,0.053341421914489595,0.9940698146820068,-0.09476216409678238,0.0,0.03948047006620414,0.09272363781929016,0.9949088189525981,0.0,-181.9875539677389,-139.3175163269043,102.07453304774498,1.0
0.9978262279753862,-0.05720166489481926,-0.03272305844391665,0.0,0.05385305958378561,0.993982195854187,-0.09538971976908048,0.0,0.037982601256739246,0.0934201255440712,0.9949020265416025,0.0,-181.7690263909991,-139.1143913269043,100.94711405515062,1.0
0.9978324970513108,-0.057436536997556686,-0.0321146278302441,0.0,0.05410725667040685,0.9938743710517883,-0.0963648190083054,0.0,0.03745280530073569,0.09441830962896347,0.9948278426380956,0.0,-181.65882701521906,-138.91606521606445,100.18974097162203,1.0
0.9977642260051286,-0.05918928608298302,-0.031035601075153907,0.0,0.055919250254971006,0.9936792254447937,-0.09733784130399517,0.0,0.036600808508530036,0.09538472443819046,0.9947673783729571,0.0,-181.35223552044786,-138.6932258605957,99.25549095976565,1.0
0.997616524088126,-0.06124568358063698,-0.03178472769319968,0.0,0.05790334839224612,0.9935852289199829,-0.09713696861597476,0.0,0.037530088340505086,0.09506499767303467,0.9947633733508923,0.0,-180.89308870192212,-138.4393653869629,98.53346731873896,1.0
0.9976729464281433,-0.06175956502556801,-0.028886330616011202,0.0,0.05874487249243393,0.9936853051185608,-0.09559552491773132,0.0,0.034607860878323626,0.0936761423945427,0.9950010119851189,0.0,-180.74834404476033,-138.10322189331055,97.8544004498209,1.0
0.9975716081111383,-0.06349758058786392,-0.028617102198577216,0.0,0.060479720007541385,0.9935215711593628,-0.0962137767987736,0.0,0.03454105370993338,0.09424937516450882,0.9949492335733399,0.0,-180.35933563935015,-137.74604415893555,96.89248049683272,1.0
0.9974470425222909,-0.06559742987155914,-0.028220695059686995,0.0,0.06254918274207621,0.9932259917259216,-0.09792723526977927,0.0,0.03445329228769961,0.09591204673051834,0.9947933495832914,0.0,-179.97851987798273,-137.36088943481445,95.70222738582834,1.0
0.9973462695404862,-0.06694547086954117,-0.0286128299907481,0.0,0.06388033699250258,0.9932152032852173,-0.09717463094893108,0.0,0.03492411214128016,0.09508895874023438,0.9948559393214997,0.0,-179.66634825656251,-137.00971603393555,94.88474350043971,1.0
0.9974382694324995,-0.06700457632541656,-0.025046162391416438,0.0,0.06427324487854144,0.9931718111038208,-0.09735875917116149,0.0,0.03139858772053061,0.09549955278635025,0.9949341434617329,0.0,-179.64443120889578,-136.5651512145996,93.78612007992481,1.0
0.997331716220633,-0.0675438791513443,-0.02769982273167193,0.0,0.06459482854424016,0.9932590126991272,-0.09624970688284364,0.0,0.034014173148428806,0.09420362114906311,0.9949717218733187,0.0,-179.4082059897952,-136.28510665893555,93.11897838509427,1.0
0.9972718124061348,-0.06772617250680923,-0.02936087620879374,0.0,0.06469068615103443,0.9934425950050354,-0.09427048675566137,0.0,0.03555292419554967,0.0921139270067215,0.9951135803522626,0.0,-179.24478665951074,-135.97929000854492,92.74584014058182,1.0
0.9973582419574865,-0.06753642857074738,-0.02674573234255362,0.0,0.0647423120277362,0.9934371709823608,-0.09429227362818896,0.0,0.03293834941157847,0.09231159836053848,0.9951852369861336,0.0,-179.28149835191593,-135.5220603942871,91.70426896235158,1.0
0.9973322317948067,-0.0682482123374939,-0.025897426819207203,0.0,0.06547603075104776,0.993230402469635,-0.09594954768094498,0.0,0.032270470243533744,0.09399791061878204,0.99504926430508,0.0,-179.0247000314507,-134.92937088012695,90.4082398340623,1.0
0.9973143525600123,-0.06889905035495758,-0.02483867421733249,0.0,0.06620337304418036,0.9931191802024841,-0.09659909791013267,0.0,0.031323360799487554,0.09469527006149292,0.9950134098381462,0.0,-178.88554906299885,-134.46140670776367,89.53407420842571,1.0
0.9972197058567132,-0.0697406753897667,-0.026251260290477363,0.0,0.066890531435648,0.9930224418640137,-0.09711912454374975,0.0,0.032841252414886724,0.09509314596652985,0.9949265155385859,0.0,-178.78985432883582,-134.10454177856445,88.67318205199311,1.0
0.9972172501086268,-0.06941936910152435,-0.02717830642717517,0.0,0.06647557925812972,0.9930307269096375,-0.0973191928658782,0.0,0.03374473729191979,0.09524168819189072,0.9948820363616032,0.0,-178.80872087308438,-133.65610122680664,87.84864240224852,1.0
0.9972026186072067,-0.06941882520914078,-0.027713066702731437,0.0,0.06643765917469717,0.9930717945098877,-0.09692467053314394,0.0,0.034249435904067926,0.09481234103441238,0.994905827349799,0.0,-178.78224363226525,-133.31098556518555,87.33545840567373,1.0
0.9971370521969136,-0.0696055144071579,-0.029542813829573078,0.0,0.06633937216981486,0.9927768111228943,-0.09996668051011282,0.0,0.03628768036629587,0.09772063046693802,0.9945520957503355,0.0,-178.66254505336664,-132.83831405639648,86.01147451629802,1.0
0.997181810753169,-0.06976869702339172,-0.027581445790216874,0.0,0.06666769923352538,0.9926784038543701,-0.10072224885393631,0.0,0.034406755371755804,0.09859960526227951,0.9945322354782973,0.0,-178.64568902673483,-132.52466201782227,85.03921284820976,1.0
0.9971382101147123,-0.06989622861146927,-0.02880904329607753,0.0,0.0666906459151966,0.9927251935005188,-0.10024491716528544,0.0,0.03560621240904738,0.0980367437005043,0.9945456316209704,0.0,-178.52057073278294,-132.28678512573242,84.40433066061772,1.0
0.9971831377877628,-0.06895291805267334,-0.029517526461385113,0.0,0.0656827654639556,0.9927946329116821,-0.1002229885057432,0.0,0.036215470818508955,0.0980018824338913,0.9945270631557801,0.0,-178.61650849691478,-132.0039939880371,83.69889266810179,1.0
0.9970830679603829,-0.06965353339910507,-0.03120535828304022,0.0,0.06614982207137704,0.9925904273986816,-0.1019236686406879,0.0,0.038073459802290044,0.0995621308684349,0.9943026561168251,0.0,-178.41975520051545,-131.77814865112305,82.78515887679109,1.0
0.9969319678898593,-0.07024431228637695,-0.034531158295475095,0.0,0.06644594325735921,0.9926666617393494,-0.10098441104004344,0.0,0.04137147375655753,0.09838013350963593,0.9942885259509433,0.0,-178.1931691924712,-131.5923957824707,82.48235324127722,1.0
0.9973162502076374,-0.06723526120185852,-0.028978197254591,0.0,0.06377867925114293,0.9922011494636536,-0.10709412773269161,0.0,0.035952709803784566,0.10495851933956146,0.9938265030412092,0.0,-178.72144290485824,-131.19038009643555,80.4193309698718,1.0
0.9973595609662351,-0.06599836051464081,-0.03030093344881668,0.0,0.06235483567290392,0.9921339750289917,-0.10854537926554006,0.0,0.03722638073916695,0.10636936128139496,0.993629609431198,0.0,-178.75150427914218,-130.86165237426758,79.27587741966633,1.0
0.9975267289527251,-0.06452122330665588,-0.027882434723165428,0.0,0.06117617624236171,0.992310106754303,-0.10760170093113365,0.0,0.0346105982253232,0.1056298315525055,0.9938030374735698,0.0,-178.94183443221277,-130.56187057495117,78.42576127080775,1.0
0.9976180832402566,-0.06360744684934616,-0.02668930753556037,0.0,0.060417704969254776,0.9924349188804626,-0.10687652688988766,0.0,0.03328553739629564,0.10500945150852203,0.9939140152570047,0.0,-178.92185664350424,-130.2793312072754,77.58599052486178,1.0
0.9977217203588994,-0.062413766980171204,-0.025609666894288674,0.0,0.05936697099592536,0.9925755262374878,-0.10615750480272904,0.0,0.032045244598623845,0.10439527779817581,0.994019480651585,0.0,-178.90873940696895,-130.02363204956055,76.66594635827069,1.0
0.9977562759859508,-0.061474524438381195,-0.02652036257559709,0.0,0.058390301928661306,0.9928035140037537,-0.10455489280630807,0.0,0.03275702518577872,0.10277176648378372,0.9941654471206922,0.0,-178.78803919066718,-129.73908615112305,76.23682447822338,1.0
0.9978701264874995,-0.0607261061668396,-0.023824398205198716,0.0,0.05792479963821169,0.9928364753723145,-0.10450074314785546,0.0,0.02999960888187375,0.10289814323186874,0.9942394045781655,0.0,-178.78784052723444,-129.3998146057129,75.39932030649526,1.0
0.9978517231713315,-0.06067940592765808,-0.02469822200326277,0.0,0.05778821231161393,0.9928439259529114,-0.10450605226074774,0.0,0.03086280595463481,0.10285427421331406,0.9942175309643588,0.0,-178.57191822479427,-129.06239700317383,74.74659443930898,1.0
0.9979757406825515,-0.05928026884794235,-0.023028266157760435,0.0,0.056586121534160524,0.9929777383804321,-0.1038902048086643,0.0,0.02902521847350087,0.10237681865692139,0.994322114222189,0.0,-178.60688815002732,-128.7772560119629,74.32881204687206,1.0
0.9981834538817658,-0.05758441984653473,-0.017714888996017697,0.0,0.055375088326775276,0.9927384257316589,-0.10678971368991122,0.0,0.023735678949102335,0.10561476647853851,0.9941238289248279,0.0,-178.8721258093401,-128.5080909729004,73.38564393249885,1.0
0.9979115854098987,-0.06114262342453003,-0.020834449370281505,0.0,0.058533996858704654,0.9923561215400696,-0.1086422808843723,0.0,0.027317871359283707,0.10719586908817291,0.9938625509604826,0.0,-178.53519282920053,-127.9768180847168,72.6354679249977,1.0
0.9977828312081484,-0.06302746385335922,-0.02137619064820062,0.0,0.06028077690666918,0.9919796586036682,-0.11109728162633081,0.0,0.02820692503550848,0.10956238955259323,0.9935796181136575,0.0,-178.4527818012269,-127.71316146850586,71.74536294203784,1.0
0.9976635304560808,-0.06429453194141388,-0.0231024901246078,0.0,0.06135693530972794,0.9919342398643494,-0.11091324600029533,0.0,0.03004730206597528,0.10923659801483154,0.9935615641871085,0.0,-178.22664432004876,-127.58916091918945,71.3450163854584,1.0
0.9977370371243306,-0.06374858319759369,-0.021374934194780648,0.0,0.06097974467729776,0.9918655753135681,-0.11173246619116911,0.0,0.028323854358250133,0.11017618328332901,0.9935084225222608,0.0,-178.23424782448237,-127.50191879272461,70.59245308356532,1.0
0.9978473014427993,-0.06240113452076912,-0.02017021906576777,0.0,0.059937273206399966,0.9925959706306458,-0.10564432999191127,0.0,0.026613175272911127,0.10420796275138855,0.9941994163955481,0.0,-178.0379842696574,-127.22458267211914,69.96639589949919,1.0
0.9980442911403216,-0.060326360166072845,-0.01638131298504425,0.0,0.058349599283638975,0.9930624961853027,-0.10208941462577298,0.0,0.0224263826094675,0.10093390941619873,0.9946403443245236,0.0,-178.22292540174462,-127.06744003295898,69.23754655108041,1.0
0.9981239785957475,-0.05928429216146469,-0.015294457770788195,0.0,0.05741655959350339,0.9930880665779114,-0.1023691024611259,0.0,0.021257643868757503,0.10129889845848083,0.9946289145418254,0.0,-178.18445108952932,-126.81969833374023,67.9686060191762,1.0
0.9981599333843001,-0.059633899480104446,-0.010977126518303626,0.0,0.05822173655754227,0.9931576251983643,-0.10123330080592491,0.0,0.016938953860604067,0.1004079207777977,0.9948021502318862,0.0,-178.00068550433028,-126.64852523803711,66.7622607539985,1.0
0.9980977831773261,-0.060467641800642014,-0.012021177423917617,0.0,0.05897474374966047,0.9932709336280823,-0.09967346188231413,0.0,0.01796731945120228,0.09877490997314453,0.9949475807371153,0.0,-177.6916337430363,-126.54984664916992,66.00747318125107,1.0
0.9981021393106451,-0.0608779676258564,-0.009272521845944182,0.0,0.059633625625280864,0.99309241771698,-0.10105114564206105,0.0,0.015360243382395056,0.10030641406774521,0.9948380114460942,0.0,-177.48271481325577,-126.46252059936523,64.73104519623749,1.0
0.9980462919911607,-0.06207708269357681,-0.007068854949528247,0.0,0.06103742383565408,0.9929271936416626,-0.10183339590466406,0.0,0.013340358484604853,0.10120298713445663,0.9947763237830851,0.0,-177.05258884105518,-126.34817123413086,63.3787760250979,1.0
0.997943575765459,-0.06389930844306946,-0.0050532074685074035,0.0,0.06304850233164103,0.9927493333816528,-0.10234069882008409,0.0,0.01155610221060227,0.10181164741516113,0.9947365829763735,0.0,-176.5896889206781,-126.16278457641602,62.20421614661292,1.0
0.9979412714485015,-0.06408924609422684,-0.0024130811027711085,0.0,0.06352040927122642,0.9928785562515259,-0.10078370476912492,0.0,0.008855051615372866,0.1004229336977005,0.9949054555819214,0.0,-176.47098523116176,-125.97455215454102,61.36800890843751,1.0
0.9979187086491018,-0.0644635409116745,-0.0016361120523983863,0.0,0.06398449183278831,0.9930180907249451,-0.09910110896313853,0.0,0.008013069660531225,0.09879016876220703,0.9950760044174751,0.0,-176.22158543195155,-125.81021499633789,60.3862872582257,1.0
0.9979520141928273,-0.06383403390645981,0.004118606085109777,0.0,0.06392671798943353,0.9929798245429993,-0.09952124822517962,0.0,0.002263156746958983,0.09958072006702423,0.9950268969595729,0.0,-176.26748897770727,-125.63505172729492,59.0924584407685,1.0
0.9979546260153775,-0.06382013112306595,0.003675033697376373,0.0,0.06386946567777399,0.9930112957954407,-0.09924364127313426,0.0,0.002684414621608344,0.0992753803730011,0.9950563803683563,0.0,-176.1894061823561,-125.52617263793945,58.34594248406872,1.0
0.9979414750959732,-0.06401920318603516,0.0037902038896139856,0.0,0.06407888295256048,0.9929935336112976,-0.09928634677129757,0.0,0.0025925761910553513,0.09932482987642288,0.9950516805292755,0.0,-176.1264394576806,-125.43021011352539,57.52927651209832,1.0
0.9979032586787769,-0.06466430425643921,0.002750362917270488,0.0,0.06462273881092878,0.9930993318557739,-0.09786527139322791,0.0,0.0035970132068658955,0.09783781319856644,0.9951958621939654,0.0,-175.96903881195243,-125.32506942749023,56.939469231800416,1.0
0.9979420585013592,-0.06383202970027924,0.006094364881151115,0.0,0.06412139884821412,0.9929055571556091,-0.10013463277223161,0.0,0.0003406778451784387,0.10031933337450027,0.9949552066016618,0.0,-176.2339138412044,-125.12892532348633,55.73341651904426,1.0
0.9978752080298527,-0.06478189677000046,0.006952674260613856,0.0,0.06515355730975804,0.9925298094749451,-0.10314866599751438,0.0,-0.0002185652215083711,0.10338249057531357,0.99464164043454,0.0,-176.147370718428,-124.95090103149414,54.42302336342506,1.0
0.9977898955161841,-0.06630107760429382,0.004413163704538925,0.0,0.06640767897369633,0.9926784634590149,-0.10089368839914345,0.0,0.002308450647993565,0.1009637713432312,0.9948874222367772,0.0,-175.95070104688483,-124.7757453918457,54.08145055194153,1.0
0.9977467382203926,-0.06686850637197495,0.005483774038305411,0.0,0.06707895573251421,0.9925286769866943,-0.10191770068282355,0.0,0.0013722684772713989,0.10205589979887009,0.994777715344461,0.0,-175.91835353058718,-124.58254623413086,53.224730461762476,1.0
0.9976910771047911,-0.06763159483671188,0.006204492452137611,0.0,0.06790975895325907,0.9922363758087158,-0.10418860222899716,0.0,0.0008901588897041735,0.1043693795800209,0.994538208851752,0.0,-175.82000244808347,-124.38261795043945,52.156201352681904,1.0
0.9976823009694313,-0.06738285720348358,0.0094631333779997,0.0,0.06800027840247552,0.9923414587974548,-0.1031232754736581,0.0,-0.002441943070404129,0.10352776199579239,0.9946235638818615,0.0,-175.86193643229598,-124.32974624633789,51.59710674760305,1.0
0.997708889421692,-0.06693439185619354,0.009834258516698557,0.0,0.06759136450514944,0.9924151301383972,-0.10268197021688104,0.0,-0.0028867277937475455,0.10311143100261688,0.9946656082832177,0.0,-175.874502630132,-124.23999404907227,50.97877600819399,1.0
0.9977822136288306,-0.06584890931844711,0.009726473888882037,0.0,0.06649359590230086,0.9927268028259277,-0.10036004620244281,0.0,-0.0030471054973290057,0.10078421235084534,0.9949036595408638,0.0,-175.96474877732464,-124.19912338256836,50.440154381254374,1.0
0.9978225008176062,-0.0649571642279625,0.011437982233075294,0.0,0.06576193486885468,0.9931155443191528,-0.09693756819758233,0.0,-0.00506244337255457,0.09747867286205292,0.995224713887741,0.0,-176.0384559787177,-124.1994743347168,49.98014711465807,1.0
0.9978787509603035,-0.06303787976503372,0.01625374349550729,0.0,0.06425865250960107,0.9937952160835266,-0.09078518920137937,0.0,-0.010429950246214514,0.09163705259561539,0.9957378446606452,0.0,-176.12452467971573,-124.13399124145508,49.28940414627665,1.0
0.9979136244419148,-0.061747342348098755,0.01885892865120775,0.0,0.06319416990872925,0.9939879775047302,-0.08941158640289014,0.0,-0.013224677312064337,0.090416818857193,0.995816208698567,0.0,-176.24208516757625,-124.12784194946289,48.713840136290884,1.0
0.9979576063887419,-0.06100637465715408,0.018941896422527416,0.0,0.06245156129524663,0.9941150546073914,-0.08851579300292174,0.0,-0.013430410106181512,0.08951796591281891,0.9958946658928791,0.0,-176.30428535992763,-124.19038009643555,48.226279827150094,1.0
0.997946574232171,-0.06170174852013588,0.017189032302977802,0.0,0.06298771313477801,0.9940787553787231,-0.08854363193392614,0.0,-0.011623925576031813,0.08944451808929443,0.9959239581028003,0.0,-176.2166635404186,-124.33370590209961,47.88188409949812,1.0
0.9978510994976755,-0.0630933940410614,0.01767567542077686,0.0,0.0644537492273076,0.9937097430229187,-0.09157903192624807,0.0,-0.011786442398716512,0.09252149611711502,0.9956409215801331,0.0,-176.0558720205491,-124.47134017944336,47.000978384488874,1.0
0.9978147530190447,-0.06388358026742935,0.01687191784322628,0.0,0.06515735219008556,0.9937384128570557,-0.09076636969680973,0.0,-0.010967798887083546,0.09166734665632248,0.9957292655063619,0.0,-176.07130751556235,-124.67631912231445,46.63749305753828,1.0
0.9977562215958423,-0.06448300927877426,0.01801342733212863,0.0,0.0658437879933959,0.9938071370124817,-0.0895097435067586,0.0,-0.012129995752160228,0.09049497544765472,0.9958230752981132,0.0,-176.0431287292568,-124.83401107788086,46.07771227614985,1.0
0.9977574235930259,-0.06420022249221802,0.018934363904951346,0.0,0.06562027412069792,0.9939923882484436,-0.08759630345245259,0.0,-0.013196898792008915,0.08864233642816544,0.9959760712772827,0.0,-176.09147421774475,-124.91202926635742,45.620939458869756,1.0
0.9977572268473567,-0.06395050138235092,0.019768226388266474,0.0,0.06530722393218036,0.9948114156723022,-0.07800748531058722,0.0,-0.01467706343769537,0.07912354171276093,0.9967567712176189,0.0,-175.95679219885045,-124.97817611694336,45.360172285947414,1.0
0.997709363277602,-0.06416863948106766,0.021409346647026317,0.0,0.06563787188066852,0.9948697686195374,-0.07697951896493697,0.0,-0.016359850507103257,0.07820845395326614,0.9968027956497607,0.0,-175.84077434270426,-124.98675918579102,44.63550823860068,1.0
0.9977229039154731,-0.06415825337171555,0.020801509839313392,0.0,0.06555557888757889,0.9949930310249329,-0.07544083675387418,0.0,-0.015857238771218474,0.07663270831108093,0.9969333003637018,0.0,-175.8316999597897,-125.0269660949707,43.983945251589034,1.0
0.9976543891104748,-0.06438135355710983,0.023254505109789048,0.0,0.06593935285059303,0.9950778484344482,-0.07397384302071512,0.0,-0.018377508714632118,0.07533372193574905,0.9969890063657506,0.0,-175.79934592445125,-125.23283767700195,43.19266433126397,1.0
0.9975957691058259,-0.06460227817296982,0.025085555567668727,0.0,0.06634044047514652,0.994891881942749,-0.07608608427515473,0.0,-0.020042087664606634,0.07756734639406204,0.9967856830674449,0.0,-175.73315794729692,-125.34061813354492,41.672575084149614,1.0
0.9975734377334298,-0.06532104313373566,0.024091878849096193,0.0,0.06698019893456648,0.994848906993866,-0.0760878135976731,0.0,-0.018997620491852663,0.07751686125993729,0.9968100159799838,0.0,-175.52906760350973,-125.37524032592773,40.74360487097675,1.0
0.9974808282263802,-0.06685259938240051,0.02372293363762229,0.0,0.06839589652824353,0.9950819611549377,-0.07165123882443437,0.0,-0.018816201993811454,0.07309328764677048,0.997147583635342,0.0,-175.25229356713652,-125.49025344848633,40.46398900377808,1.0
0.997399265263941,-0.06748032569885254,0.025320759739220433,0.0,0.06911678220813901,0.9951099753379822,-0.0705620745480882,0.0,-0.020435391613458476,0.07212864607572556,0.9971859709273119,0.0,-175.14765248467143,-125.61001968383789,39.57190123523367,1.0
0.9973548495632374,-0.06862650066614151,0.023953279198662303,0.0,0.07017142525463305,0.9949997067451477,-0.07107423101762655,0.0,-0.018955944242647627,0.07256706058979034,0.997183374966273,0.0,-174.84928710288423,-125.84957504272461,38.506115922036514,1.0
0.9973057653853863,-0.0693858340382576,0.023808607593899578,0.0,0.07092335209928811,0.9949277639389038,-0.07133441864601722,0.0,-0.018738238682235175,0.07283081114292145,0.9971682628271143,0.0,-174.68463562334034,-126.03742599487305,37.55686044728634,1.0
0.9971666811509481,-0.07224385440349579,0.020963008041885722,0.0,0.073544102072307,0.994841992855072,-0.0698617572256077,0.0,-0.01580775705519072,0.0712055191397667,0.997336395798978,0.0,-174.19448655991366,-126.25290298461914,37.04930381752885,1.0
0.9971285600813382,-0.07252050191164017,0.021804419257880125,0.0,0.07393386745826365,0.9945794939994812,-0.07311198246705185,0.0,-0.016384123939154116,0.07451412826776505,0.9970853356808096,0.0,-174.2172730942118,-126.21342849731445,35.59805209458213,1.0
0.9970325580445588,-0.07390832155942917,0.02153113273157531,0.0,0.07526011754554306,0.9946487545967102,-0.07077974341659571,0.0,-0.016184712945156554,0.07219015061855316,0.9972595863143869,0.0,-173.92838622729298,-126.40169906616211,35.099114055014425,1.0
0.9969614059639351,-0.07339973002672195,0.026083673884831682,0.0,0.07509229467847545,0.994627058506012,-0.0712616266450184,0.0,-0.020712955220224538,0.07300377637147903,0.9971165427248966,0.0,-173.99191640622092,-126.47734451293945,33.69715460924378,1.0
0.9969111774911563,-0.07558367401361465,0.02133528988195965,0.0,0.07689268510510072,0.9946324229240417,-0.06923773481031414,0.0,-0.01598758006887241,0.0706644058227539,0.99737201296015,0.0,-173.45648713933576,-126.62430953979492,33.25888522755808,1.0
0.9968716801441848,-0.07639122009277344,0.02027935707272477,0.0,0.07761644208207323,0.9946102499961853,-0.06874696803576633,0.0,-0.014918386921161653,0.07010591775178909,0.997427986596443,0.0,-173.3217966212166,-126.6294059753418,32.52927330681098,1.0
0.9969038430544177,-0.07606305181980133,0.019929830412380167,0.0,0.07723543736644906,0.994774580001831,-0.06676993216393404,0.0,-0.014746941140916736,0.06810248643159866,0.997569356820605,0.0,-173.44904833705303,-126.67972183227539,32.06911462257902,1.0
0.9968769152603472,-0.07614493370056152,0.020938351402406852,0.0,0.07740339031350546,0.9946862459182739,-0.06788180468044633,0.0,-0.015658207674266733,0.06929049640893936,0.997473631688357,0.0,-173.31101235073092,-126.69256210327148,31.035876995102626,1.0
0.9969167269104049,-0.0748818889260292,0.02344668495100688,0.0,0.07633058633631545,0.9947187900543213,-0.06861594138319314,0.0,-0.018184804726424475,0.07019408047199249,0.9973675560485411,0.0,-173.4619016173284,-126.74197006225586,30.15766471284948,1.0
0.9970268170598084,-0.07305493205785751,0.0245048186431423,0.0,0.07455520797452878,0.9949473142623901,-0.06724136072977373,0.0,-0.01946867744020342,0.06886840611696243,0.9974357532765489,0.0,-173.69610381766887,-127.03256607055664,29.736978044413576,1.0
0.9970628977667748,-0.07256705313920975,0.02448731963166073,0.0,0.07410138076364903,0.9948607683181763,-0.06899995811606544,0.0,-0.019354338659457015,0.07061184197664261,0.9973160880013477,0.0,-173.5946745177729,-127.34677505493164,28.790167013468064,1.0
0.9972110987962062,-0.06973516941070557,0.02658940739018012,0.0,0.0714209150834039,0.9950676560401917,-0.06884380783015588,0.0,-0.021657451074029055,0.07055085152387619,0.9972730448980752,0.0,-173.98003072006617,-127.73044204711914,28.224461090572788,1.0
0.997278685168898,-0.06868214905261993,0.026796133565794855,0.0,0.07041471930505491,0.9950438737869263,-0.07020975288514081,0.0,-0.021841168893488416,0.07190553098917007,0.997172263863235,0.0,-174.13772658267902,-128.05305862426758,27.509728825489617,1.0
0.9972078527221855,-0.06952962279319763,0.0272423744730364,0.0,0.07142909158428734,0.9945152401924133,-0.07640232942078666,0.0,-0.02178073519653634,0.07813490182161331,0.9967048480348619,0.0,-174.06218297748762,-128.21425247192383,26.02149219844523,1.0
0.9971166308069499,-0.07115688920021057,0.026365571443664415,0.0,0.07302757460309198,0.9942335486412048,-0.07852806572769357,0.0,-0.020625771004595506,0.08022705465555191,0.9965631862323685,0.0,-173.8707686704493,-128.21909713745117,25.179010251980372,1.0
0.9969927933700504,-0.07385239750146866,0.023477599362364543,0.0,0.07541915107652454,0.9943355321884155,-0.07489192984179181,0.0,-0.017813692642678458,0.07643737643957138,0.9969152672259463,0.0,-173.6118728429995,-128.17819595336914,25.077267828727145,1.0
0.9968666061722345,-0.07612751424312592,0.021484474498658535,0.0,0.07752411304186946,0.9942295551300049,-0.0741455979026164,0.0,-0.015715975322289355,0.07557883113622665,0.9970159648278861,0.0,-173.4538988000528,-128.29475021362305,24.52056890048334,1.0
0.9968085647351617,-0.07689858973026276,0.021431336874964957,0.0,0.07829418008356336,0.9941451549530029,-0.07446799312048355,0.0,-0.015579375377996918,0.07590827345848083,0.9969930984579249,0.0,-173.51947334466695,-128.62717819213867,23.793022339820624,1.0
0.9968959328909238,-0.07638290524482727,0.01908309637423039,0.0,0.0776135224695137,0.9941320419311523,-0.0753503368463354,0.0,-0.013215611303783292,0.07659754902124405,0.9969745234900209,0.0,-173.65262890091103,-129.10686111450195,22.72482416637517,1.0
0.9968864626671046,-0.07703662663698196,0.016813728384031612,0.0,0.07808468475877937,0.9941437244415283,-0.0747061050487952,0.0,-0.01096010939226516,0.07578640431165695,0.9970638282759874,0.0,-173.6308234945676,-129.31420516967773,22.228495483865615,1.0
0.9968030384758324,-0.0784735456109047,0.015022139894452113,0.0,0.07938727117329002,0.9939963221549988,-0.07529239399263533,0.0,-0.009023468013274694,0.07624424993991852,0.9970483523493235,0.0,-173.50832703814643,-129.34362411499023,21.27148534740158,1.0
0.9965932440080554,-0.08163995295763016,0.0116961864960613,0.0,0.08227814655483848,0.9939394593238831,-0.07290189897716516,0.0,-0.005673597708834077,0.07361588627099991,0.9972705438887348,0.0,-172.9418807813949,-129.24582290649414,20.764109479451037,1.0
0.9964544924172525,-0.08324176073074341,0.012218177498778682,0.0,0.08390924072654776,0.9938613772392273,-0.07210260124484254,0.0,-0.006141218959173966,0.07287217676639557,0.9973223708703607,0.0,-172.72168044528692,-129.08900833129883,19.569214423233234,1.0
0.9964625866584895,-0.08342979103326797,0.010091542560358435,0.0,0.08393967801526317,0.9939000010490417,-0.07153261693566126,0.0,-0.0040620392919223924,0.07212665677070618,0.9973872055582326,0.0,-172.59526822788408,-128.90195083618164,18.53403151785548,1.0
0.9965059728067986,-0.08238489925861359,0.013730240475041289,0.0,0.08318129765882155,0.993764340877533,-0.07425135815672468,0.0,-0.007527422950860063,0.0751340240240097,0.9971450392517192,0.0,-172.69099381893759,-128.68095779418945,16.751635259368854,1.0
0.9962575646820311,-0.08576216548681259,0.010758905043368572,0.0,0.0863130401215414,0.9937150478363037,-0.07127718929990949,0.0,-0.004578388482647799,0.07193907350301743,0.9973985339847417,0.0,-172.01615193342107,-128.82277297973633,16.270019451020616,1.0
0.9962327416736374,-0.08591420948505402,0.011794868909743683,0.0,0.08654274177787007,0.9936504364013672,-0.07189730070342186,0.0,-0.005543019682489603,0.07264720648527145,0.9973422970103252,0.0,-171.88670675978176,-128.97165298461914,15.06245341559925,1.0
0.9962481253702775,-0.08557877689599991,0.012879353791659498,0.0,0.08629046726564636,0.9936345815658569,-0.0724170079107227,0.0,-0.006600018978102751,0.07325667142868042,0.9972912642638616,0.0,-171.93255610782705,-129.1551399230957,13.913281539662734,1.0
0.9962438587247864,-0.0850057452917099,0.016498063007446273,0.0,0.08599848327917872,0.9935599565505981,-0.07377566285246426,0.0,-0.010120462540630426,0.07491736114025116,0.9971383615286069,0.0,-172.27411999136672,-129.35876083374023,12.606567020022183,1.0
0.9960837601174921,-0.08674151450395584,0.017119398901515148,0.0,0.08781338015080056,0.9931311011314392,-0.07732679170125233,0.0,-0.010294308914694517,0.07852727174758911,0.9968588123759632,0.0,-172.0276643854148,-129.48772811889648,11.180373742475638,1.0
0.9959683232111328,-0.08768442273139954,0.018934520119934295,0.0,0.08895168892910445,0.9926543235778809,-0.08200615718279763,0.0,-0.011604768386424213,0.08335979282855988,0.9964519339477093,0.0,-171.8788138741757,-129.52409744262695,9.523386030801959,1.0
0.995828133208235,-0.08887993544340134,0.02065627584504015,0.0,0.09030826799167162,0.992396891117096,-0.08362302598001005,0.0,-0.013066829876243247,0.08513959497213364,0.9962833120844863,0.0,-171.75300758069275,-129.6620979309082,8.05015538034985,1.0
0.995734702968397,-0.09011036902666092,0.019811777671588815,0.0,0.09142870586482851,0.9925225377082825,-0.08086915462051832,0.0,-0.012376508085504723,0.08233559131622314,0.9965278293754114,0.0,-171.52085488501115,-129.6178321838379,7.45240013810313,1.0
0.9956522036707132,-0.09095249325037003,0.020106773370421382,0.0,0.09225139480010452,0.9927024841308594,-0.07766242746056212,0.0,-0.01289646501092262,0.07917964458465576,0.9967769473584622,0.0,-171.51251992196313,-129.5515480041504,6.8117597266787016,1.0
0.9955094159361759,-0.09340544790029526,0.015374948822182655,0.0,0.09432871578862066,0.9924536347389221,-0.07834469242973882,0.0,-0.007941126629117334,0.07944317907094955,0.9968077823067732,0.0,-170.9356192354211,-129.56066513061523,5.598773541661473,1.0
0.995539818880264,-0.0932021290063858,0.014624243943781534,0.0,0.09406538702026553,0.9924896359443665,-0.07820536972015214,0.0,-0.007225491870352596,0.07923219352960587,0.9968299996026196,0.0,-170.97938229178598,-129.71579360961914,4.724012606777549,1.0
0.995502393938422,-0.09352191537618637,0.015121081493991051,0.0,0.09443241830180668,0.9923632144927979,-0.0793588290113052,0.0,-0.007583790847128902,0.08042982220649719,0.9967314193165386,0.0,-170.92585273099272,-129.95353317260742,3.473770243948053,1.0
0.9955128789340191,-0.09287659078836441,0.01811242865324697,0.0,0.09402540817479732,0.9924373626708984,-0.07891293068055347,0.0,-0.010646325185603434,0.08026187121868134,0.9967169515032911,0.0,-171.14232597132866,-130.09396743774414,2.795697983529479,1.0
0.9955161197008027,-0.09311136603355408,0.016671647697190484,0.0,0.09415361851226905,0.9923403859138489,-0.0799725425824812,0.0,-0.009097588553002856,0.08118364959955215,0.9966576510297191,0.0,-170.9801144693717,-130.1698112487793,1.6071705744325584,1.0
0.9954736283426004,-0.09322119504213333,0.018495067828482148,0.0,0.09440636637588516,0.9923527240753174,-0.0795202189744396,0.0,-0.01094067302535745,0.08090633153915405,0.9966616840837756,0.0,-171.10197840108856,-130.31805038452148,0.41685275839668634,1.0
0.9954461519475193,-0.09341201931238174,0.019004065809160087,0.0,0.09464628239880149,0.9922700524330139,-0.08026314861107882,0.0,-0.011359689953072072,0.08169630914926529,0.9965925314003706,0.0,-170.95550278988554,-130.3874626159668,-0.6119623607064142,1.0
0.9954553929849222,-0.09324317425489426,0.019346162387625154,0.0,0.09450348435389003,0.9923005104064941,-0.08005494989795202,0.0,-0.011732674905676643,0.08151941746473312,0.9966026978909552,0.0,-170.80546759017383,-130.4178352355957,-1.898688834074079,1.0
0.9954481135850939,-0.09327194839715958,0.019579703926238923,0.0,0.09452782311747582,0.9924523234367371,-0.07812073392258125,0.0,-0.012145433585707466,0.07961596548557281,0.9967516023046685,0.0,-170.7952621283119,-130.4258689880371,-2.6098064966064385,1.0
0.9953236130669569,-0.09435756504535675,0.0206765963225245,0.0,0.09569683461183937,0.992344856262207,-0.07806317807915215,0.0,-0.013152421651000001,0.0796768069267273,0.9967339750459673,0.0,-170.62110044874373,-130.41328811645508,-3.437175539265297,1.0
0.9952476939888274,-0.09461246430873871,0.023033354423349084,0.0,0.0961721468126625,0.9921278357505798,-0.08020741204626755,0.0,-0.015263411091103352,0.08204140514135361,0.9965120420153288,0.0,-170.5569642825749,-130.39345169067383,-4.8690524710952445,1.0
0.9952055235626668,-0.09580092132091522,0.019702085854802598,0.0,0.09705459328674293,0.9922365546226501,-0.07776291003404806,0.0,-0.012099364267946111,0.07930225133895874,0.9967771872514657,0.0,-170.27591303484962,-130.70270919799805,-5.337097860102929,1.0
0.9952026273443577,-0.09532792866230011,0.022006128195540098,0.0,0.09678714561578175,0.9921466112136841,-0.07922997306047457,0.0,-0.01428048743836463,0.08097978681325912,0.9966134287735895,0.0,-170.32590746229835,-130.75668716430664,-6.165786320441228,1.0
0.995126689374411,-0.09605840593576431,0.022263445874595722,0.0,0.09756031844263437,0.9919362664222717,-0.08089749988572198,0.0,-0.0143130127512755,0.08267528563737869,0.9964737815557854,0.0,-170.21974473081542,-130.75424575805664,-7.158831205015986,1.0
0.9949764431048471,-0.09758244454860687,0.02235181406410719,0.0,0.09906319780438262,0.9919194579124451,-0.07926062009615634,0.0,-0.014436771822113947,0.08107668906450272,0.9966032825700557,0.0,-169.97987981728636,-130.76095962524414,-7.716282817916465,1.0
0.9950034941750141,-0.09755139797925949,0.021255239668316606,0.0,0.09894467412481266,0.9919235110282898,-0.07935814751560952,0.0,-0.013342030537161487,0.08106472343206406,0.9966195362854,0.0,-169.87159048981812,-130.74567031860352,-8.363025386015849,1.0
0.9950004439334779,-0.09764432162046432,0.02096891320392913,0.0,0.09898779453604245,0.9920766949653625,-0.07736453111518221,0.0,-0.013248545917937282,0.07905340939760208,0.9967823234330522,0.0,-169.75270987948886,-130.7703514099121,-8.862464136950749,1.0
0.9949492548903247,-0.09799746423959732,0.021736878992915598,0.0,0.0993836319600103,0.9921306371688843,-0.07615577589334752,0.0,-0.014102717575384727,0.07793141901493073,0.9968589999305448,0.0,-169.65983836474908,-130.85285568237305,-9.300734869938765,1.0
0.9949672811509616,-0.09787452220916748,0.021464658630190814,0.0,0.09923928003400449,0.9921481013298035,-0.07611613978934811,0.0,-0.01384627141027972,0.07786320149898529,0.9968679139096787,0.0,-169.66531256377522,-130.96696853637695,-9.804516685039417,1.0
0.995004678389988,-0.09698311239480972,0.02366346769652633,0.0,0.09852878363830023,0.9921859502792358,-0.0765446789892155,0.0,-0.016055029384599406,0.07849384844303131,0.996785308058988,0.0,-169.7648333920008,-131.09721755981445,-10.822581142694403,1.0
0.9950271571382158,-0.0968034639954567,0.023453261859485097,0.0,0.09832529906117243,0.9922439455986023,-0.07605290427882484,0.0,-0.01590915012681443,0.07798074930906296,0.996827883935842,0.0,-169.69554446495732,-131.10566329956055,-11.638105214293574,1.0
0.9949724560648832,-0.09759242832660675,0.022483232581357815,0.0,0.09902023830682785,0.9922570586204529,-0.07497285806495034,0.0,-0.014992364047974271,0.07682222872972488,0.9969320531252255,0.0,-169.57929758668337,-131.0883903503418,-12.853419472431895,1.0
0.9950414946795039,-0.09667225927114487,0.02338647263893312,0.0,0.0981131544389361,0.9926152229309082,-0.07133634236164371,0.0,-0.01631753975978628,0.07327714562416077,0.9971780875932614,0.0,-169.7462983614662,-131.23132705688477,-13.319025150174937,1.0
0.9951608126974697,-0.09521307051181793,0.02427782533056222,0.0,0.09675482758569084,0.9926138520240784,-0.07318624144390057,0.0,-0.017130239864080132,0.07518108189105988,0.9970227580655036,0.0,-169.9256253658514,-131.39915084838867,-14.302109834200962,1.0
0.9952369393558871,-0.09425675123929977,0.02488247112904962,0.0,0.09582692610986432,0.9927836060523987,-0.07209652887563815,0.0,-0.017907336377772587,0.07413753867149353,0.9970872336499793,0.0,-169.79228532578793,-131.57300186157227,-15.13981961868275,1.0
0.9952955047478239,-0.09358860552310944,0.02506007489347828,0.0,0.09517404048292645,0.9928446412086487,-0.07212096772832274,0.0,-0.018131052055335217,0.07416674494743347,0.9970810407594604,0.0,-169.6326884360593,-131.60525131225586,-15.865583220103474,1.0
0.9953354987764584,-0.09290266782045364,0.02600562539513185,0.0,0.0945717552350325,0.9928573369979858,-0.07273540316911795,0.0,-0.01906251908505835,0.07485552132129669,0.9970121714923194,0.0,-169.52773395025932,-131.68156814575195,-16.81289220398739,1.0
0.9954442391776139,-0.09176374226808548,0.025887253763689,0.0,0.09345119962068332,0.9928687214851379,-0.07401771615070167,0.0,-0.018910499905509692,0.0760997086763382,0.9969208558756695,0.0,-169.70907220778727,-131.82421493530273,-17.682294061341736,1.0
0.9955249242332481,-0.0900183618068695,0.028755901107080428,0.0,0.09182958238433797,0.9933443069458008,-0.0695302815527444,0.0,-0.022305515065952686,0.07185976952314377,0.9971652925663238,0.0,-169.66819806594896,-132.48481369018555,-18.242427385878855,1.0
0.9956707382994969,-0.08801669627428055,0.029881436535131256,0.0,0.08994727207839939,0.9934144020080566,-0.07097395188681374,0.0,-0.02343779088161002,0.07335443794727325,0.9970304761101465,0.0,-169.8397107369689,-132.79357528686523,-19.06618679775349,1.0
0.995661493900105,-0.08706769347190857,0.03282378268947933,0.0,0.08923701778298976,0.9934234619140625,-0.07173977187943904,0.0,-0.026361673001237595,0.07435762137174606,0.9968831312167248,0.0,-169.89512176167955,-133.00981521606445,-19.780315054201665,1.0
0.9956436465896121,-0.0874997153878212,0.03221116117543227,0.0,0.08960728270893112,0.9934324622154236,-0.07115120969039032,0.0,-0.02577386636500445,0.07372760027647018,0.9969453013571578,0.0,-169.74218869211813,-133.03468704223633,-20.24304351442379,1.0
0.9955673214339247,-0.08822236955165863,0.03259607087436578,0.0,0.09034428011048141,0.9933996796607971,-0.07067548620799488,0.0,-0.026145790236265287,0.07330707460641861,0.9969666289012921,0.0,-169.57652279002286,-132.92311477661133,-20.938248252087988,1.0
0.9954923721615003,-0.08877590298652649,0.03337390005709928,0.0,0.0909537560481053,0.9933439493179321,-0.07067677376316009,0.0,-0.02687739344193696,0.07339367270469666,0.9969408163380942,0.0,-169.45929195627537,-132.89302444458008,-21.926228710242015,1.0
0.9954622604701705,-0.08808720111846924,0.035993105323726515,0.0,0.09045146168591489,0.9934083819389343,-0.0704150332153614,0.0,-0.029553157619894466,0.07335113734006882,0.9968682258187445,0.0,-169.61505610841022,-132.99259567260742,-22.599073951747386,1.0
0.9955191928820897,-0.08741795271635056,0.03605145922350622,0.0,0.08979697896897475,0.9934460520744324,-0.07072096110581101,0.0,-0.029632873304987983,0.07364138215780258,0.9968444422359068,0.0,-169.64355126578582,-133.1588020324707,-23.177258457781278,1.0
0.9955293481587945,-0.08674366027116776,0.0373745523790317,0.0,0.08925981293093381,0.9934062361717224,-0.0719493231839063,0.0,-0.030886943848616843,0.07496371120214462,0.9967078006241298,0.0,-169.6482564287341,-133.38874435424805,-24.15091008554201,1.0
0.9955890608897059,-0.08606170117855072,0.037360232005844374,0.0,0.08854322115635202,0.9935513734817505,-0.0708224140875007,0.0,-0.031024230403188635,0.07381802052259445,0.9967890695796868,0.0,-169.68036351295686,-133.70630264282227,-24.763198895832176,1.0
0.9956187888063832,-0.08504936099052429,0.038857232631993976,0.0,0.08773347276353395,0.99342280626297,-0.07357995929828019,0.0,-0.03234370762075406,0.07666666805744171,0.9965320306315324,0.0,-169.7413981263818,-133.96156692504883,-26.20336031793954,1.0
0.9956408202036668,-0.0845351591706276,0.039410807108158474,0.0,0.08727163440435094,0.9934438467025757,-0.07384439490478542,0.0,-0.03290997230649323,0.0769619420170784,0.9964907374339735,0.0,-169.73888498541265,-134.1189842224121,-27.081260107633483,1.0
0.995739512208913,-0.08306431770324707,0.04003835570607356,0.0,0.08578493504162461,0.9937193989753723,-0.07185175981226487,0.0,-0.033818554142963364,0.07498032599687576,0.9966113935754244,0.0,-169.98749620917695,-134.23927688598633,-28.150935352475273,1.0
0.9957320583123648,-0.08257093280553818,0.041227392829018994,0.0,0.08537116039283754,0.9937770366668701,-0.07154725478239349,0.0,-0.035063122822150794,0.0747615247964859,0.9965848095137471,0.0,-169.81491140481674,-134.09746170043945,-29.56950687589179,1.0
0.9957697680279736,-0.08292029798030853,0.0395828878252828,0.0,0.08560294524828319,0.993743896484375,-0.07173001792134402,0.0,-0.03338736644982282,0.07481499761343002,0.996638315923954,0.0,-169.56076278566644,-134.13452529907227,-30.287361455031913,1.0
